01/07/19	12:21:54.544	C:\Icing\LabView_vi\Icing_2TC_FP_v2.0.vi
Dt (s):		0.200000

Date	Time	# meas	# cycle	V	I	Temp1	Temp2

01/07/19	12:23:17.639	1	0	0.000000	0.002000	6.1400	5.9570
01/07/19	12:23:17.835	2	0	0.000000	0.002000	5.9910	5.9680
01/07/19	12:23:18.045	3	0	0.000000	0.002000	5.9770	5.9460
01/07/19	12:23:18.266	4	0	0.000000	0.003000	5.9850	5.9650
01/07/19	12:23:18.480	5	0	0.000000	0.002000	5.9350	5.9710
01/07/19	12:23:18.632	6	0	0.000000	0.002000	5.9630	5.9740
01/07/19	12:23:18.844	7	0	0.000000	0.002000	5.9660	5.9620
01/07/19	12:23:19.060	8	0	0.000000	0.002000	5.9690	5.9760
01/07/19	12:23:19.270	9	0	0.000000	0.002000	5.9580	5.9760
01/07/19	12:23:19.432	10	0	0.000000	0.002000	5.9690	5.9790
01/07/19	12:23:19.649	11	0	0.000000	0.002000	5.9600	5.9600
01/07/19	12:23:19.856	12	0	0.000000	0.002000	5.9770	5.9680
01/07/19	12:23:20.070	13	0	0.000000	0.002000	5.9470	5.9510
01/07/19	12:23:20.237	14	0	0.000000	0.002000	5.9710	5.9710
01/07/19	12:23:20.449	15	0	0.000000	0.002000	5.9660	5.9760
01/07/19	12:23:20.656	16	0	0.000000	0.002000	5.9550	5.9490
01/07/19	12:23:20.869	17	0	0.000000	0.002000	5.9770	5.9600
01/07/19	12:23:21.079	18	0	0.000000	0.002000	5.9800	5.9570
01/07/19	12:23:21.234	19	0	0.000000	0.002000	5.9580	5.9680
01/07/19	12:23:21.448	20	0	0.000000	0.002000	5.9380	5.9600
01/07/19	12:23:21.651	21	0	0.000000	0.002000	5.9660	5.9460
01/07/19	12:23:21.874	22	0	0.000000	0.002000	5.9440	5.9570
01/07/19	12:23:22.074	23	0	0.000000	0.002000	5.9550	5.9680
01/07/19	12:23:22.232	24	0	0.000000	0.002000	5.9600	5.9600
01/07/19	12:23:22.443	25	0	0.000000	0.002000	5.9600	5.9540
01/07/19	12:23:22.646	26	0	0.000000	0.002000	5.9550	5.9620
01/07/19	12:23:22.857	27	0	0.000000	0.002000	5.9690	5.9680
01/07/19	12:23:23.071	28	0	0.000000	0.002000	5.9490	5.9510
01/07/19	12:23:23.237	29	0	0.000000	0.002000	5.9770	5.9490
01/07/19	12:23:23.451	30	0	0.000000	0.002000	5.9660	5.9570
01/07/19	12:23:23.662	31	0	0.000000	0.002000	5.9740	5.9460
01/07/19	12:23:23.874	32	0	0.000000	0.002000	5.9270	5.9510
01/07/19	12:23:24.035	33	0	0.000000	0.002000	5.9470	5.9510
01/07/19	12:23:24.245	34	0	0.000000	0.002000	5.9410	5.9710
01/07/19	12:23:24.454	35	0	0.000000	0.002000	5.9660	5.9460
01/07/19	12:23:24.665	36	0	0.000000	0.002000	5.9410	5.9570
01/07/19	12:23:24.831	37	0	0.000000	0.002000	5.9770	5.9760
01/07/19	12:23:25.039	38	0	0.000000	0.002000	5.9690	5.9760
01/07/19	12:23:25.252	39	0	0.000000	0.002000	5.9630	5.9490
01/07/19	12:23:25.463	40	0	0.000000	0.002000	5.9630	5.9540
01/07/19	12:23:25.674	41	0	0.000000	0.002000	5.9550	5.9740
01/07/19	12:23:25.838	42	0	0.000000	0.002000	5.9520	5.9680
01/07/19	12:23:26.050	43	0	0.000000	0.002000	5.9550	5.9680
01/07/19	12:23:26.259	44	0	0.000000	0.002000	5.9550	5.9430
01/07/19	12:23:26.467	45	0	0.000000	0.002000	5.9630	5.9510
01/07/19	12:23:26.635	46	0	0.000000	0.003000	5.9660	5.9490
01/07/19	12:23:26.856	47	0	0.000000	0.003000	5.9350	5.9570
01/07/19	12:23:27.057	48	0	0.000000	0.002000	5.9630	5.9570
01/07/19	12:23:27.276	49	0	0.000000	0.002000	5.9330	5.9710
01/07/19	12:23:27.435	50	0	0.000000	0.002000	5.9470	5.9570
Cycle	Time Peltier On:	100.000000	Time Peltier Off:	200.000000	# iterations	1.000000		
01/07/19	12:23:27.644	51	1	0.000000	0.002000	5.9580	5.9320
01/07/19	12:23:27.851	52	1	0.370000	0.111000	5.9470	5.9270
01/07/19	12:23:28.064	53	1	0.370000	0.105000	5.8550	5.8440
01/07/19	12:23:28.270	54	1	0.378000	0.098000	5.7890	5.7610
01/07/19	12:23:28.444	55	1	0.344000	0.098000	5.7230	5.7330
01/07/19	12:23:28.656	56	1	0.328000	0.093000	5.6400	5.6640
01/07/19	12:23:28.859	57	1	0.328000	0.083000	5.6120	5.6010
01/07/19	12:23:29.068	58	1	0.310000	0.084000	5.5270	5.5400
01/07/19	12:23:29.233	59	1	0.292000	0.084000	5.5050	5.4930
01/07/19	12:23:29.438	60	1	0.298000	0.079000	5.4380	5.4570
01/07/19	12:23:29.646	61	1	0.298000	0.074000	5.4160	5.4160
01/07/19	12:23:29.852	62	1	0.283000	0.076000	5.3780	5.3550
01/07/19	12:23:30.063	63	1	0.288000	0.076000	5.2780	5.3250
01/07/19	12:23:30.235	64	1	0.288000	0.075000	5.2810	5.3000
01/07/19	12:23:30.443	65	1	0.262000	0.072000	5.2420	5.2470
01/07/19	12:23:30.649	66	1	0.279000	0.071000	5.1980	5.2280
01/07/19	12:23:30.864	67	1	0.270000	0.071000	5.1870	5.1780
01/07/19	12:23:31.074	68	1	0.281000	0.069000	5.1460	5.1560
01/07/19	12:23:31.245	69	1	0.281000	0.071000	5.1040	5.1070
01/07/19	12:23:31.454	70	1	0.278000	0.070000	5.0740	5.0960
01/07/19	12:23:31.663	71	1	0.280000	0.070000	5.0710	5.0820
01/07/19	12:23:31.870	72	1	0.292000	0.071000	5.0130	5.0350
01/07/19	12:23:32.030	73	1	0.292000	0.071000	5.0300	5.0150
01/07/19	12:23:32.252	74	1	0.308000	0.078000	4.9690	4.9800
01/07/19	12:23:32.465	75	1	0.295000	0.078000	4.9530	4.9350
01/07/19	12:23:32.669	76	1	0.304000	0.074000	4.9220	4.9440
01/07/19	12:23:32.836	77	1	0.304000	0.077000	4.9060	4.9110
01/07/19	12:23:33.049	78	1	0.312000	0.080000	4.8750	4.8750
01/07/19	12:23:33.263	79	1	0.318000	0.080000	4.8610	4.8300
01/07/19	12:23:33.437	80	1	0.327000	0.079000	4.8450	4.8470
01/07/19	12:23:33.649	81	1	0.327000	0.084000	4.7870	4.8030
01/07/19	12:23:33.856	82	1	0.336000	0.081000	4.7790	4.7700
01/07/19	12:23:34.068	83	1	0.338000	0.081000	4.7650	4.7450
01/07/19	12:23:34.277	84	1	0.346000	0.084000	4.7230	4.7010
01/07/19	12:23:34.431	85	1	0.346000	0.086000	4.6820	4.6920
01/07/19	12:23:34.644	86	1	0.342000	0.084000	4.6430	4.6760
01/07/19	12:23:34.848	87	1	0.343000	0.084000	4.6320	4.6540
01/07/19	12:23:35.058	88	1	0.351000	0.085000	4.6020	4.6150
01/07/19	12:23:35.266	89	1	0.351000	0.087000	4.5740	4.6010
01/07/19	12:23:35.432	90	1	0.357000	0.088000	4.5440	4.5760
01/07/19	12:23:35.644	91	1	0.361000	0.088000	4.5080	4.5410
01/07/19	12:23:35.852	92	1	0.362000	0.088000	4.5190	4.5240
01/07/19	12:23:36.060	93	1	0.362000	0.093000	4.4470	4.4770
01/07/19	12:23:36.275	94	1	0.380000	0.088000	4.4580	4.4600
01/07/19	12:23:36.437	95	1	0.386000	0.088000	4.4200	4.4300
01/07/19	12:23:36.643	96	1	0.384000	0.093000	4.4000	4.4300
01/07/19	12:23:36.850	97	1	0.384000	0.095000	4.3620	4.3910
01/07/19	12:23:37.054	98	1	0.392000	0.094000	4.3530	4.3500
01/07/19	12:23:37.265	99	1	0.400000	0.094000	4.3200	4.3390
01/07/19	12:23:37.431	100	1	0.400000	0.097000	4.3040	4.2890
01/07/19	12:23:37.647	101	1	0.406000	0.100000	4.2480	4.2840
01/07/19	12:23:37.859	102	1	0.414000	0.097000	4.2570	4.2480
01/07/19	12:23:38.065	103	1	0.421000	0.097000	4.2040	4.2170
01/07/19	12:23:38.238	104	1	0.418000	0.102000	4.2010	4.2010
01/07/19	12:23:38.450	105	1	0.418000	0.104000	4.1620	4.1650
01/07/19	12:23:38.656	106	1	0.433000	0.104000	4.1460	4.1310
01/07/19	12:23:38.866	107	1	0.438000	0.103000	4.1040	4.1110
01/07/19	12:23:39.032	108	1	0.438000	0.104000	4.1060	4.0720
01/07/19	12:23:39.242	109	1	0.436000	0.108000	4.0310	4.0750
01/07/19	12:23:39.449	110	1	0.435000	0.108000	4.0280	4.0240
01/07/19	12:23:39.656	111	1	0.449000	0.103000	3.9770	3.9960
01/07/19	12:23:39.863	112	1	0.449000	0.105000	3.9520	3.9740
01/07/19	12:23:40.034	113	1	0.443000	0.106000	3.9580	3.9490
01/07/19	12:23:40.241	114	1	0.466000	0.106000	3.8770	3.9180
01/07/19	12:23:40.455	115	1	0.448000	0.111000	3.8850	3.9100
01/07/19	12:23:40.667	116	1	0.465000	0.110000	3.8180	3.8870
01/07/19	12:23:40.839	117	1	0.465000	0.106000	3.8320	3.8510
01/07/19	12:23:41.051	118	1	0.473000	0.106000	3.7760	3.8030
01/07/19	12:23:41.261	119	1	0.465000	0.112000	3.7950	3.7700
01/07/19	12:23:41.471	120	1	0.487000	0.115000	3.7670	3.7470
01/07/19	12:23:41.631	121	1	0.487000	0.115000	3.7110	3.7440
01/07/19	12:23:41.839	122	1	0.482000	0.115000	3.6750	3.7110
01/07/19	12:23:42.046	123	1	0.482000	0.113000	3.6720	3.6770
01/07/19	12:23:42.253	124	1	0.482000	0.117000	3.6300	3.6690
01/07/19	12:23:42.460	125	1	0.497000	0.116000	3.6160	3.6320
01/07/19	12:23:42.631	126	1	0.502000	0.116000	3.6020	3.5990
01/07/19	12:23:42.842	127	1	0.514000	0.118000	3.5600	3.5790
01/07/19	12:23:43.048	128	1	0.514000	0.119000	3.5460	3.5710
01/07/19	12:23:43.261	129	1	0.509000	0.121000	3.5120	3.5290
01/07/19	12:23:43.468	130	1	0.521000	0.122000	3.4930	3.4860
01/07/19	12:23:43.639	131	1	0.528000	0.122000	3.4620	3.4840
01/07/19	12:23:43.846	132	1	0.528000	0.124000	3.4370	3.4280
01/07/19	12:23:44.059	133	1	0.531000	0.125000	3.4090	3.4080
01/07/19	12:23:44.267	134	1	0.538000	0.126000	3.3530	3.3830
01/07/19	12:23:44.480	135	1	0.531000	0.126000	3.3390	3.3720
01/07/19	12:23:44.632	136	1	0.531000	0.122000	3.3110	3.3300
01/07/19	12:23:44.845	137	1	0.538000	0.126000	3.2600	3.3100
01/07/19	12:23:45.053	138	1	0.538000	0.126000	3.2830	3.2850
01/07/19	12:23:45.268	139	1	0.563000	0.124000	3.2350	3.2570
01/07/19	12:23:45.435	140	1	0.563000	0.129000	3.2290	3.2320
01/07/19	12:23:45.643	141	1	0.558000	0.132000	3.1960	3.2040
01/07/19	12:23:45.853	142	1	0.569000	0.132000	3.1760	3.1840
01/07/19	12:23:46.066	143	1	0.577000	0.132000	3.1280	3.1590
01/07/19	12:23:46.239	144	1	0.577000	0.132000	3.1310	3.1250
01/07/19	12:23:46.445	145	1	0.574000	0.137000	3.0780	3.0940
01/07/19	12:23:46.660	146	1	0.581000	0.137000	3.0580	3.0610
01/07/19	12:23:46.869	147	1	0.589000	0.134000	3.0390	3.0300
01/07/19	12:23:47.042	148	1	0.589000	0.137000	2.9800	3.0190
01/07/19	12:23:47.236	149	1	0.596000	0.135000	2.9410	2.9930
01/07/19	12:23:47.444	150	1	0.585000	0.135000	2.9630	2.9510
01/07/19	12:23:47.654	151	1	0.609000	0.133000	2.9440	2.9320
01/07/19	12:23:47.860	152	1	0.609000	0.142000	2.8650	2.8950
01/07/19	12:23:48.030	153	1	0.618000	0.136000	2.8730	2.8780
01/07/19	12:23:48.243	154	1	0.617000	0.136000	2.8260	2.8500
01/07/19	12:23:48.449	155	1	0.611000	0.141000	2.8310	2.8340
01/07/19	12:23:48.662	156	1	0.611000	0.144000	2.7670	2.7860
01/07/19	12:23:48.871	157	1	0.629000	0.140000	2.7670	2.7610
01/07/19	12:23:49.040	158	1	0.623000	0.140000	2.7280	2.7380
01/07/19	12:23:49.253	159	1	0.632000	0.145000	2.6970	2.7220
01/07/19	12:23:49.465	160	1	0.635000	0.144000	2.6690	2.6740
01/07/19	12:23:49.669	161	1	0.635000	0.145000	2.6380	2.6460
01/07/19	12:23:49.831	162	1	0.640000	0.145000	2.6210	2.6320
01/07/19	12:23:50.044	163	1	0.649000	0.145000	2.5740	2.5980
01/07/19	12:23:50.251	164	1	0.649000	0.147000	2.5820	2.5930
01/07/19	12:23:50.480	165	1	0.646000	0.151000	2.5480	2.5450
01/07/19	12:23:50.632	166	1	0.665000	0.151000	2.5260	2.5230
01/07/19	12:23:50.848	167	1	0.669000	0.151000	2.4560	2.5110
01/07/19	12:23:51.057	168	1	0.669000	0.147000	2.4870	2.4830
01/07/19	12:23:51.264	169	1	0.656000	0.156000	2.4200	2.4500
01/07/19	12:23:51.437	170	1	0.671000	0.156000	2.4220	2.4330
01/07/19	12:23:51.650	171	1	0.688000	0.151000	2.3630	2.3970
01/07/19	12:23:51.855	172	1	0.688000	0.153000	2.3690	2.3600
01/07/19	12:23:52.067	173	1	0.679000	0.159000	2.3470	2.3400
01/07/19	12:23:52.232	174	1	0.699000	0.159000	2.3050	2.3210
01/07/19	12:23:52.439	175	1	0.701000	0.159000	2.2540	2.2870
01/07/19	12:23:52.659	176	1	0.701000	0.156000	2.2540	2.2540
01/07/19	12:23:52.860	177	1	0.695000	0.161000	2.2180	2.2480
01/07/19	12:23:53.067	178	1	0.709000	0.160000	2.2090	2.2090
01/07/19	12:23:53.234	179	1	0.721000	0.160000	2.1480	2.1670
01/07/19	12:23:53.446	180	1	0.721000	0.159000	2.1080	2.1360
01/07/19	12:23:53.656	181	1	0.710000	0.158000	2.1480	2.1220
01/07/19	12:23:53.867	182	1	0.738000	0.168000	2.0800	2.0970
01/07/19	12:23:54.039	183	1	0.727000	0.168000	2.0640	2.1050
01/07/19	12:23:54.251	184	1	0.727000	0.165000	2.0270	2.0430
01/07/19	12:23:54.459	185	1	0.735000	0.165000	2.0130	2.0180
01/07/19	12:23:54.669	186	1	0.742000	0.167000	1.9850	1.9930
01/07/19	12:23:54.829	187	1	0.748000	0.167000	1.9460	1.9590
01/07/19	12:23:55.039	188	1	0.748000	0.167000	1.9140	1.9240
01/07/19	12:23:55.265	189	1	0.745000	0.167000	1.8970	1.8990
01/07/19	12:23:55.466	190	1	0.757000	0.170000	1.8350	1.8710
01/07/19	12:23:55.634	191	1	0.746000	0.170000	1.8580	1.8660
01/07/19	12:23:55.843	192	1	0.746000	0.173000	1.7900	1.8230
01/07/19	12:23:56.061	193	1	0.769000	0.169000	1.7820	1.7950
01/07/19	12:23:56.275	194	1	0.768000	0.172000	1.7650	1.7590
01/07/19	12:23:56.434	195	1	0.776000	0.172000	1.7650	1.7310
01/07/19	12:23:56.648	196	1	0.776000	0.178000	1.7180	1.7110
01/07/19	12:23:56.861	197	1	0.792000	0.176000	1.6640	1.6860
01/07/19	12:23:57.072	198	1	0.780000	0.174000	1.6780	1.6410
01/07/19	12:23:57.239	199	1	0.801000	0.174000	1.6110	1.6250
01/07/19	12:23:57.444	200	1	0.801000	0.176000	1.5800	1.6020
01/07/19	12:23:57.660	201	1	0.791000	0.176000	1.5190	1.5690
01/07/19	12:23:57.872	202	1	0.779000	0.172000	1.5490	1.5540
01/07/19	12:23:58.033	203	1	0.805000	0.172000	1.5100	1.5240
01/07/19	12:23:58.238	204	1	0.805000	0.180000	1.4880	1.5070
01/07/19	12:23:58.453	205	1	0.807000	0.181000	1.4630	1.4870
01/07/19	12:23:58.659	206	1	0.816000	0.181000	1.4150	1.4420
01/07/19	12:23:58.873	207	1	0.812000	0.182000	1.4070	1.4120
01/07/19	12:23:59.068	208	1	0.823000	0.182000	1.4040	1.4090
01/07/19	12:23:59.236	209	1	0.823000	0.187000	1.3590	1.3700
01/07/19	12:23:59.443	210	1	0.834000	0.187000	1.3220	1.3250
01/07/19	12:23:59.654	211	1	0.832000	0.186000	1.3220	1.3110
01/07/19	12:23:59.865	212	1	0.851000	0.190000	1.2750	1.3020
01/07/19	12:24:00.038	213	1	0.851000	0.188000	1.2750	1.2660
01/07/19	12:24:00.251	214	1	0.859000	0.188000	1.1910	1.2490
01/07/19	12:24:00.459	215	1	0.841000	0.191000	1.2330	1.2010
01/07/19	12:24:00.669	216	1	0.872000	0.195000	1.1660	1.1870
01/07/19	12:24:00.877	217	1	0.872000	0.191000	1.1540	1.1510
01/07/19	12:24:01.038	218	1	0.861000	0.191000	1.1350	1.1260
01/07/19	12:24:01.245	219	1	0.874000	0.193000	1.0840	1.1060
01/07/19	12:24:01.453	220	1	0.874000	0.192000	1.0510	1.0700
01/07/19	12:24:01.662	221	1	0.870000	0.192000	1.0140	1.0330
01/07/19	12:24:01.830	222	1	0.872000	0.192000	1.0030	1.0170
01/07/19	12:24:02.047	223	1	0.883000	0.192000	0.9670	0.9800
01/07/19	12:24:02.262	224	1	0.883000	0.195000	0.9390	0.9720
01/07/19	12:24:02.468	225	1	0.882000	0.195000	0.9390	0.9300
01/07/19	12:24:02.643	226	1	0.890000	0.195000	0.8710	0.9180
01/07/19	12:24:02.848	227	1	0.887000	0.199000	0.8630	0.8850
01/07/19	12:24:03.062	228	1	0.887000	0.198000	0.8630	0.8500
01/07/19	12:24:03.268	229	1	0.899000	0.203000	0.8110	0.8250
01/07/19	12:24:03.479	230	1	0.912000	0.200000	0.8250	0.7940
01/07/19	12:24:03.634	231	1	0.928000	0.200000	0.7830	0.7740
01/07/19	12:24:03.845	232	1	0.928000	0.206000	0.7270	0.7570
01/07/19	12:24:04.053	233	1	0.928000	0.202000	0.7100	0.7180
01/07/19	12:24:04.266	234	1	0.926000	0.205000	0.6820	0.6540
01/07/19	12:24:04.433	235	1	0.931000	0.205000	0.6350	0.6620
01/07/19	12:24:04.647	236	1	0.931000	0.204000	0.6230	0.6400
01/07/19	12:24:04.860	237	1	0.926000	0.206000	0.5590	0.6120
01/07/19	12:24:05.063	238	1	0.924000	0.202000	0.5650	0.5840
01/07/19	12:24:05.237	239	1	0.941000	0.202000	0.5450	0.5560
01/07/19	12:24:05.453	240	1	0.941000	0.208000	0.5230	0.5280
01/07/19	12:24:05.664	241	1	0.946000	0.210000	0.4750	0.5020
01/07/19	12:24:05.875	242	1	0.948000	0.208000	0.4780	0.4860
01/07/19	12:24:06.034	243	1	0.965000	0.208000	0.4360	0.4490
01/07/19	12:24:06.247	244	1	0.965000	0.211000	0.4190	0.4270
01/07/19	12:24:06.451	245	1	0.961000	0.214000	0.4080	0.4040
01/07/19	12:24:06.659	246	1	0.978000	0.216000	0.3490	0.3680
01/07/19	12:24:06.872	247	1	0.971000	0.216000	0.3460	0.3650
01/07/19	12:24:07.034	248	1	0.971000	0.215000	0.3210	0.3260
01/07/19	12:24:07.243	249	1	0.986000	0.218000	0.2980	0.2920
01/07/19	12:24:07.456	250	1	0.994000	0.218000	0.2790	0.2670
01/07/19	12:24:07.667	251	1	1.002000	0.219000	0.2510	0.2560
01/07/19	12:24:07.840	252	1	1.002000	0.222000	0.1860	0.2310
01/07/19	12:24:08.053	253	1	1.008000	0.218000	0.1840	0.1910
01/07/19	12:24:08.263	254	1	1.010000	0.222000	0.1410	0.1630
01/07/19	12:24:08.477	255	1	1.008000	0.222000	0.1110	0.1160
01/07/19	12:24:08.632	256	1	1.008000	0.221000	0.1110	0.1300
01/07/19	12:24:08.842	257	1	1.008000	0.225000	0.0660	0.0900
01/07/19	12:24:09.054	258	1	1.020000	0.225000	0.0460	0.0480
01/07/19	12:24:09.258	259	1	1.025000	0.224000	0.0040	0.0400
01/07/19	12:24:09.464	260	1	1.024000	0.224000	0.0210	-0.0160
01/07/19	12:24:09.632	261	1	1.024000	0.231000	-0.0550	-0.0240
01/07/19	12:24:09.844	262	1	1.030000	0.231000	-0.0850	-0.0520
01/07/19	12:24:10.052	263	1	1.034000	0.225000	-0.0690	-0.0800
01/07/19	12:24:10.264	264	1	1.053000	0.232000	-0.1110	-0.1200
01/07/19	12:24:10.437	265	1	1.053000	0.231000	-0.1330	-0.1390
01/07/19	12:24:10.650	266	1	1.055000	0.231000	-0.1840	-0.1650
01/07/19	12:24:10.862	267	1	1.052000	0.232000	-0.2170	-0.1700
01/07/19	12:24:11.073	268	1	1.053000	0.230000	-0.2170	-0.2290
01/07/19	12:24:11.234	269	1	1.053000	0.234000	-0.2420	-0.2350
01/07/19	12:24:11.442	270	1	1.071000	0.234000	-0.2700	-0.2680
01/07/19	12:24:11.655	271	1	1.076000	0.235000	-0.3040	-0.2990
01/07/19	12:24:11.862	272	1	1.078000	0.236000	-0.3240	-0.3330
01/07/19	12:24:12.075	273	1	1.078000	0.238000	-0.3770	-0.3210
01/07/19	12:24:12.240	274	1	1.087000	0.238000	-0.3800	-0.3720
01/07/19	12:24:12.452	275	1	1.092000	0.235000	-0.3880	-0.4140
01/07/19	12:24:12.665	276	1	1.103000	0.242000	-0.4690	-0.4140
01/07/19	12:24:12.872	277	1	1.103000	0.236000	-0.4440	-0.4670
01/07/19	12:24:13.031	278	1	1.093000	0.236000	-0.4860	-0.4760
01/07/19	12:24:13.239	279	1	1.107000	0.244000	-0.5110	-0.5120
01/07/19	12:24:13.454	280	1	1.107000	0.243000	-0.5310	-0.5480
01/07/19	12:24:13.659	281	1	1.111000	0.245000	-0.5900	-0.5650
01/07/19	12:24:13.866	282	1	1.111000	0.242000	-0.6150	-0.5960
01/07/19	12:24:14.035	283	1	1.114000	0.242000	-0.6290	-0.6300
01/07/19	12:24:14.240	284	1	1.114000	0.245000	-0.6430	-0.6490
01/07/19	12:24:14.454	285	1	1.122000	0.248000	-0.6880	-0.6600
01/07/19	12:24:14.660	286	1	1.128000	0.246000	-0.7020	-0.6940
01/07/19	12:24:14.869	287	1	1.138000	0.246000	-0.7470	-0.7360
01/07/19	12:24:15.043	288	1	1.138000	0.248000	-0.7580	-0.7530
01/07/19	12:24:15.248	289	1	1.134000	0.250000	-0.7510	-0.7670
01/07/19	12:24:15.457	290	1	1.159000	0.255000	-0.8270	-0.7920
01/07/19	12:24:15.670	291	1	1.147000	0.255000	-0.8380	-0.8310
01/07/19	12:24:15.882	292	1	1.157000	0.252000	-0.8830	-0.8710
01/07/19	12:24:16.037	293	1	1.157000	0.251000	-0.8740	-0.8590
01/07/19	12:24:16.245	294	1	1.172000	0.251000	-0.9190	-0.8990
01/07/19	12:24:16.456	295	1	1.168000	0.257000	-0.9810	-0.9300
01/07/19	12:24:16.665	296	1	1.156000	0.251000	-0.9750	-0.9720
01/07/19	12:24:16.832	297	1	1.156000	0.256000	-0.9860	-0.9630
01/07/19	12:24:17.045	298	1	1.183000	0.256000	-1.0060	-0.9970
01/07/19	12:24:17.249	299	1	1.191000	0.259000	-1.0350	-1.0180
01/07/19	12:24:17.464	300	1	1.197000	0.262000	-1.0520	-1.0710
01/07/19	12:24:17.638	301	1	1.197000	0.264000	-1.0970	-1.0960
01/07/19	12:24:17.851	302	1	1.199000	0.264000	-1.1280	-1.1020
01/07/19	12:24:18.063	303	1	1.200000	0.262000	-1.1840	-1.1270
01/07/19	12:24:18.272	304	1	1.196000	0.261000	-1.1530	-1.1640
01/07/19	12:24:18.432	305	1	1.196000	0.268000	-1.2090	-1.1970
01/07/19	12:24:18.645	306	1	1.214000	0.268000	-1.2180	-1.2280
01/07/19	12:24:18.861	307	1	1.224000	0.265000	-1.2710	-1.2620
01/07/19	12:24:19.063	308	1	1.218000	0.265000	-1.2710	-1.2810
01/07/19	12:24:19.234	309	1	1.218000	0.270000	-1.3070	-1.3320
01/07/19	12:24:19.442	310	1	1.231000	0.270000	-1.3320	-1.3460
01/07/19	12:24:19.649	311	1	1.236000	0.269000	-1.3460	-1.3620
01/07/19	12:24:19.862	312	1	1.248000	0.273000	-1.3830	-1.3850
01/07/19	12:24:20.074	313	1	1.248000	0.272000	-1.4390	-1.4040
01/07/19	12:24:20.238	314	1	1.246000	0.272000	-1.4390	-1.4300
01/07/19	12:24:20.450	315	1	1.255000	0.269000	-1.4590	-1.4770
01/07/19	12:24:20.661	316	1	1.259000	0.275000	-1.5150	-1.4940
01/07/19	12:24:20.871	317	1	1.259000	0.272000	-1.5510	-1.5170
01/07/19	12:24:21.030	318	1	1.251000	0.272000	-1.5650	-1.5470
01/07/19	12:24:21.248	319	1	1.262000	0.272000	-1.5870	-1.5810
01/07/19	12:24:21.454	320	1	1.262000	0.276000	-1.6070	-1.6010
01/07/19	12:24:21.678	321	1	1.268000	0.278000	-1.6070	-1.6090
01/07/19	12:24:21.836	322	1	1.275000	0.278000	-1.6690	-1.6510
01/07/19	12:24:22.046	323	1	1.277000	0.282000	-1.6740	-1.6710
01/07/19	12:24:22.253	324	1	1.277000	0.282000	-1.7420	-1.6990
01/07/19	12:24:22.467	325	1	1.292000	0.277000	-1.7250	-1.7270
01/07/19	12:24:22.639	326	1	1.285000	0.277000	-1.7700	-1.7690
01/07/19	12:24:22.847	327	1	1.296000	0.284000	-1.8060	-1.7880
01/07/19	12:24:23.062	328	1	1.297000	0.282000	-1.8340	-1.8000
01/07/19	12:24:23.275	329	1	1.297000	0.282000	-1.8820	-1.8220
01/07/19	12:24:23.432	330	1	1.302000	0.282000	-1.8620	-1.8440
01/07/19	12:24:23.638	331	1	1.320000	0.281000	-1.8840	-1.9000
01/07/19	12:24:23.845	332	1	1.320000	0.289000	-1.9350	-1.9120
01/07/19	12:24:24.052	333	1	1.324000	0.286000	-1.9630	-1.9370
01/07/19	12:24:24.262	334	1	1.322000	0.287000	-1.9570	-1.9680
01/07/19	12:24:24.432	335	1	1.337000	0.287000	-1.9990	-1.9900
01/07/19	12:24:24.644	336	1	1.337000	0.291000	-2.0190	-2.0240
01/07/19	12:24:24.852	337	1	1.335000	0.293000	-2.0670	-2.0320
01/07/19	12:24:25.062	338	1	1.338000	0.290000	-2.0810	-2.0710
01/07/19	12:24:25.272	339	1	1.349000	0.290000	-2.1390	-2.1020
01/07/19	12:24:25.440	340	1	1.349000	0.293000	-2.1440	-2.1340
01/07/19	12:24:25.654	341	1	1.340000	0.293000	-2.1380	-2.1570
01/07/19	12:24:25.866	342	1	1.366000	0.298000	-2.2110	-2.1790
01/07/19	12:24:26.076	343	1	1.354000	0.298000	-2.2330	-2.1990
01/07/19	12:24:26.232	344	1	1.354000	0.293000	-2.2440	-2.2440
01/07/19	12:24:26.443	345	1	1.360000	0.297000	-2.2360	-2.2490
01/07/19	12:24:26.652	346	1	1.388000	0.297000	-2.3030	-2.3000
01/07/19	12:24:26.859	347	1	1.375000	0.303000	-2.3230	-2.3170
01/07/19	12:24:27.067	348	1	1.384000	0.300000	-2.3680	-2.3420
01/07/19	12:24:27.233	349	1	1.384000	0.299000	-2.3960	-2.3610
01/07/19	12:24:27.444	350	1	1.380000	0.299000	-2.3850	-2.3980
01/07/19	12:24:27.652	351	1	1.401000	0.299000	-2.4350	-2.4340
01/07/19	12:24:27.865	352	1	1.397000	0.303000	-2.4630	-2.4450
01/07/19	12:24:28.039	353	1	1.397000	0.303000	-2.4850	-2.4650
01/07/19	12:24:28.251	354	1	1.405000	0.303000	-2.4990	-2.5070
01/07/19	12:24:28.458	355	1	1.413000	0.305000	-2.5470	-2.5070
01/07/19	12:24:28.671	356	1	1.408000	0.305000	-2.5500	-2.5490
01/07/19	12:24:28.879	357	1	1.408000	0.309000	-2.6150	-2.5690
01/07/19	12:24:29.031	358	1	1.424000	0.309000	-2.6260	-2.5910
01/07/19	12:24:29.244	359	1	1.421000	0.306000	-2.6370	-2.6170
01/07/19	12:24:29.454	360	1	1.421000	0.311000	-2.6770	-2.6450
01/07/19	12:24:29.672	361	1	1.432000	0.310000	-2.6710	-2.6680
01/07/19	12:24:29.835	362	1	1.431000	0.310000	-2.7190	-2.7190
01/07/19	12:24:30.045	363	1	1.443000	0.315000	-2.7420	-2.7300
01/07/19	12:24:30.260	364	1	1.447000	0.314000	-2.7850	-2.7500
01/07/19	12:24:30.475	365	1	1.447000	0.313000	-2.8070	-2.8180
01/07/19	12:24:30.638	366	1	1.446000	0.313000	-2.8210	-2.8150
01/07/19	12:24:30.845	367	1	1.459000	0.315000	-2.8410	-2.8350
01/07/19	12:24:31.045	368	1	1.459000	0.319000	-2.9060	-2.8750
01/07/19	12:24:31.267	369	1	1.468000	0.315000	-2.8980	-2.8890
01/07/19	12:24:31.460	370	1	1.461000	0.320000	-2.9220	-2.9180
01/07/19	12:24:31.633	371	1	1.476000	0.320000	-2.9650	-2.9440
01/07/19	12:24:31.841	372	1	1.476000	0.320000	-2.9840	-2.9720
01/07/19	12:24:32.048	373	1	1.475000	0.322000	-3.0330	-2.9890
01/07/19	12:24:32.261	374	1	1.478000	0.320000	-3.0240	-3.0180
01/07/19	12:24:32.474	375	1	1.494000	0.320000	-3.0610	-3.0430
01/07/19	12:24:32.639	376	1	1.494000	0.325000	-3.0780	-3.0520
01/07/19	12:24:32.856	377	1	1.497000	0.327000	-3.0810	-3.1080
01/07/19	12:24:33.068	378	1	1.517000	0.331000	-3.1350	-3.1200
01/07/19	12:24:33.279	379	1	1.510000	0.331000	-3.1970	-3.1480
01/07/19	12:24:33.433	380	1	1.510000	0.328000	-3.1910	-3.1950
01/07/19	12:24:33.644	381	1	1.498000	0.329000	-3.1830	-3.2120
01/07/19	12:24:33.859	382	1	1.535000	0.335000	-3.2880	-3.2200
01/07/19	12:24:34.074	383	1	1.509000	0.335000	-3.3220	-3.2540
01/07/19	12:24:34.235	384	1	1.509000	0.326000	-3.3080	-3.2860
01/07/19	12:24:34.442	385	1	1.507000	0.331000	-3.3100	-3.3220
01/07/19	12:24:34.654	386	1	1.539000	0.335000	-3.3670	-3.3310
01/07/19	12:24:34.861	387	1	1.532000	0.335000	-3.3590	-3.3560
01/07/19	12:24:35.074	388	1	1.552000	0.335000	-3.4320	-3.3850
01/07/19	12:24:35.239	389	1	1.552000	0.333000	-3.4150	-3.4050
01/07/19	12:24:35.448	390	1	1.557000	0.333000	-3.4310	-3.4170
01/07/19	12:24:35.661	391	1	1.567000	0.339000	-3.4960	-3.4540
01/07/19	12:24:35.872	392	1	1.555000	0.338000	-3.4930	-3.5080
01/07/19	12:24:36.031	393	1	1.555000	0.342000	-3.5330	-3.4990
01/07/19	12:24:36.244	394	1	1.570000	0.342000	-3.5410	-3.5500
01/07/19	12:24:36.450	395	1	1.580000	0.341000	-3.6260	-3.5820
01/07/19	12:24:36.664	396	1	1.562000	0.338000	-3.5900	-3.6350
01/07/19	12:24:36.873	397	1	1.562000	0.345000	-3.6770	-3.6160
01/07/19	12:24:37.031	398	1	1.590000	0.345000	-3.6520	-3.6330
01/07/19	12:24:37.246	399	1	1.594000	0.340000	-3.6920	-3.6810
01/07/19	12:24:37.455	400	1	1.593000	0.346000	-3.7310	-3.7090
01/07/19	12:24:37.668	401	1	1.593000	0.345000	-3.7310	-3.7260
01/07/19	12:24:37.840	402	1	1.598000	0.345000	-3.7650	-3.7380
01/07/19	12:24:38.052	403	1	1.610000	0.350000	-3.7790	-3.7830
01/07/19	12:24:38.260	404	1	1.618000	0.351000	-3.8450	-3.8060
01/07/19	12:24:38.469	405	1	1.618000	0.348000	-3.8590	-3.8510
01/07/19	12:24:38.636	406	1	1.609000	0.348000	-3.8840	-3.8790
01/07/19	12:24:38.840	407	1	1.609000	0.351000	-3.8810	-3.8740
01/07/19	12:24:39.048	408	1	1.618000	0.356000	-3.9640	-3.9190
01/07/19	12:24:39.255	409	1	1.617000	0.350000	-3.9550	-3.9440
01/07/19	12:24:39.463	410	1	1.634000	0.350000	-3.9920	-3.9680
01/07/19	12:24:39.636	411	1	1.634000	0.355000	-4.0150	-3.9680
01/07/19	12:24:39.844	412	1	1.638000	0.356000	-4.0150	-4.0050
01/07/19	12:24:40.055	413	1	1.653000	0.359000	-4.0970	-4.0370
01/07/19	12:24:40.265	414	1	1.636000	0.359000	-4.0910	-4.0730
01/07/19	12:24:40.474	415	1	1.653000	0.356000	-4.1220	-4.0960
01/07/19	12:24:40.640	416	1	1.653000	0.359000	-4.1280	-4.1160
01/07/19	12:24:40.848	417	1	1.669000	0.359000	-4.1360	-4.1500
01/07/19	12:24:41.060	418	1	1.681000	0.363000	-4.2270	-4.1580
01/07/19	12:24:41.272	419	1	1.659000	0.361000	-4.2100	-4.2150
01/07/19	12:24:41.477	420	1	1.659000	0.365000	-4.2610	-4.2330
01/07/19	12:24:41.636	421	1	1.680000	0.365000	-4.2980	-4.2530
01/07/19	12:24:41.842	422	1	1.672000	0.363000	-4.2980	-4.2990
01/07/19	12:24:42.059	423	1	1.686000	0.366000	-4.3400	-4.3270
01/07/19	12:24:42.266	424	1	1.686000	0.365000	-4.3800	-4.3350
01/07/19	12:24:42.433	425	1	1.684000	0.365000	-4.3940	-4.3520
01/07/19	12:24:42.641	426	1	1.692000	0.365000	-4.3720	-4.3690
01/07/19	12:24:42.856	427	1	1.716000	0.374000	-4.4370	-4.4010
01/07/19	12:24:43.069	428	1	1.716000	0.370000	-4.4710	-4.4200
01/07/19	12:24:43.240	429	1	1.707000	0.370000	-4.4710	-4.4540
01/07/19	12:24:43.448	430	1	1.720000	0.370000	-4.4740	-4.4830
01/07/19	12:24:43.658	431	1	1.735000	0.377000	-4.5420	-4.5310
01/07/19	12:24:43.866	432	1	1.735000	0.373000	-4.5810	-4.5450
01/07/19	12:24:44.032	433	1	1.723000	0.373000	-4.5700	-4.5790
01/07/19	12:24:44.239	434	1	1.737000	0.373000	-4.5930	-4.6020
01/07/19	12:24:44.445	435	1	1.737000	0.379000	-4.6490	-4.6070
01/07/19	12:24:44.654	436	1	1.745000	0.377000	-4.6580	-4.6640
01/07/19	12:24:44.860	437	1	1.746000	0.379000	-4.6950	-4.6780
01/07/19	12:24:45.066	438	1	1.746000	0.379000	-4.7430	-4.7150
01/07/19	12:24:45.231	439	1	1.746000	0.378000	-4.7260	-4.7120
01/07/19	12:24:45.442	440	1	1.745000	0.383000	-4.7510	-4.7350
01/07/19	12:24:45.652	441	1	1.767000	0.384000	-4.8280	-4.7720
01/07/19	12:24:45.860	442	1	1.754000	0.384000	-4.8190	-4.8120
01/07/19	12:24:46.071	443	1	1.772000	0.383000	-4.8760	-4.8290
01/07/19	12:24:46.239	444	1	1.772000	0.381000	-4.8420	-4.8740
01/07/19	12:24:46.446	445	1	1.787000	0.381000	-4.9020	-4.8910
01/07/19	12:24:46.656	446	1	1.780000	0.389000	-4.9380	-4.9050
01/07/19	12:24:46.867	447	1	1.782000	0.386000	-4.9870	-4.9330
01/07/19	12:24:47.032	448	1	1.782000	0.384000	-4.9840	-4.9700
01/07/19	12:24:47.239	449	1	1.790000	0.384000	-4.9780	-4.9840
01/07/19	12:24:47.452	450	1	1.807000	0.388000	-5.0350	-5.0210
01/07/19	12:24:47.655	451	1	1.800000	0.390000	-5.0600	-5.0440
01/07/19	12:24:47.861	452	1	1.800000	0.391000	-5.1000	-5.0720
01/07/19	12:24:48.032	453	1	1.805000	0.391000	-5.1000	-5.1030
01/07/19	12:24:48.244	454	1	1.818000	0.391000	-5.1060	-5.1350
01/07/19	12:24:48.452	455	1	1.818000	0.398000	-5.1820	-5.1540
01/07/19	12:24:48.660	456	1	1.829000	0.393000	-5.1790	-5.1800
01/07/19	12:24:48.874	457	1	1.820000	0.397000	-5.2500	-5.1800
01/07/19	12:24:49.039	458	1	1.817000	0.397000	-5.2440	-5.2310
01/07/19	12:24:49.251	459	1	1.817000	0.398000	-5.2470	-5.2310
01/07/19	12:24:49.462	460	1	1.833000	0.401000	-5.2870	-5.2710
01/07/19	12:24:49.670	461	1	1.846000	0.401000	-5.3380	-5.3030
01/07/19	12:24:49.835	462	1	1.838000	0.401000	-5.3380	-5.3030
01/07/19	12:24:50.040	463	1	1.838000	0.403000	-5.3550	-5.3400
01/07/19	12:24:50.263	464	1	1.855000	0.405000	-5.4000	-5.3710
01/07/19	12:24:50.461	465	1	1.861000	0.403000	-5.4510	-5.4020
01/07/19	12:24:50.631	466	1	1.852000	0.403000	-5.4600	-5.4390
01/07/19	12:24:50.848	467	1	1.852000	0.404000	-5.4630	-5.4620
01/07/19	12:24:51.060	468	1	1.863000	0.407000	-5.4910	-5.5070
01/07/19	12:24:51.268	469	1	1.878000	0.409000	-5.5760	-5.5130
01/07/19	12:24:51.439	470	1	1.860000	0.409000	-5.5390	-5.5470
01/07/19	12:24:51.648	471	1	1.860000	0.411000	-5.5770	-5.5510
01/07/19	12:24:51.860	472	1	1.890000	0.410000	-5.5890	-5.5570
01/07/19	12:24:52.072	473	1	1.892000	0.412000	-5.6340	-5.6140
01/07/19	12:24:52.237	474	1	1.897000	0.412000	-5.6510	-5.6160
01/07/19	12:24:52.442	475	1	1.897000	0.414000	-5.6770	-5.6500
01/07/19	12:24:52.663	476	1	1.904000	0.414000	-5.6990	-5.6900
01/07/19	12:24:52.863	477	1	1.911000	0.416000	-5.6990	-5.7100
01/07/19	12:24:53.073	478	1	1.928000	0.416000	-5.7930	-5.7380
01/07/19	12:24:53.234	479	1	1.928000	0.420000	-5.7820	-5.7670
01/07/19	12:24:53.442	480	1	1.904000	0.418000	-5.8040	-5.7720
01/07/19	12:24:53.652	481	1	1.931000	0.420000	-5.8710	-5.8090
01/07/19	12:24:53.860	482	1	1.917000	0.420000	-5.8760	-5.8460
01/07/19	12:24:54.070	483	1	1.932000	0.417000	-5.9190	-5.8690
01/07/19	12:24:54.237	484	1	1.932000	0.418000	-5.9080	-5.8910
01/07/19	12:24:54.444	485	1	1.944000	0.418000	-5.9330	-5.9250
01/07/19	12:24:54.653	486	1	1.950000	0.423000	-5.9530	-5.9340
01/07/19	12:24:54.865	487	1	1.958000	0.426000	-5.9670	-5.9820
01/07/19	12:24:55.077	488	1	1.958000	0.428000	-6.0410	-6.0160
01/07/19	12:24:55.235	489	1	1.965000	0.428000	-6.0320	-5.9990
01/07/19	12:24:55.447	490	1	1.969000	0.422000	-6.0950	-6.0390
01/07/19	12:24:55.656	491	1	1.959000	0.424000	-6.0880	-6.0740
01/07/19	12:24:55.871	492	1	1.959000	0.429000	-6.1330	-6.1080
01/07/19	12:24:56.034	493	1	1.977000	0.429000	-6.1190	-6.1190
01/07/19	12:24:56.241	494	1	1.991000	0.428000	-6.1700	-6.1310
01/07/19	12:24:56.454	495	1	1.988000	0.431000	-6.1920	-6.1850
01/07/19	12:24:56.662	496	1	1.988000	0.433000	-6.2090	-6.2130
01/07/19	12:24:56.868	497	1	1.996000	0.435000	-6.2660	-6.2190
01/07/19	12:24:57.040	498	1	1.993000	0.435000	-6.2520	-6.2670
01/07/19	12:24:57.252	499	1	2.013000	0.438000	-6.3000	-6.2780
01/07/19	12:24:57.464	500	1	2.013000	0.436000	-6.3170	-6.3260
01/07/19	12:24:57.673	501	1	2.012000	0.438000	-6.3740	-6.3350
01/07/19	12:24:57.836	502	1	2.007000	0.438000	-6.3940	-6.3630
01/07/19	12:24:58.049	503	1	2.007000	0.437000	-6.4050	-6.3890
01/07/19	12:24:58.257	504	1	2.014000	0.439000	-6.4330	-6.4140
01/07/19	12:24:58.460	505	1	2.024000	0.440000	-6.4360	-6.4370
01/07/19	12:24:58.633	506	1	2.040000	0.440000	-6.4870	-6.4620
01/07/19	12:24:58.840	507	1	2.040000	0.442000	-6.4820	-6.4790
01/07/19	12:24:59.048	508	1	2.035000	0.447000	-6.5350	-6.5110
01/07/19	12:24:59.259	509	1	2.044000	0.444000	-6.5330	-6.5390
01/07/19	12:24:59.466	510	1	2.061000	0.444000	-6.6320	-6.5500
01/07/19	12:24:59.639	511	1	2.061000	0.449000	-6.6010	-6.5830
01/07/19	12:24:59.852	512	1	2.035000	0.448000	-6.6120	-6.6170
01/07/19	12:25:00.063	513	1	2.071000	0.451000	-6.6460	-6.6480
01/07/19	12:25:00.268	514	1	2.072000	0.451000	-6.7000	-6.6620
01/07/19	12:25:00.433	515	1	2.072000	0.451000	-6.7000	-6.6880
01/07/19	12:25:00.641	516	1	2.069000	0.453000	-6.7170	-6.7190
01/07/19	12:25:00.849	517	1	2.089000	0.455000	-6.7790	-6.7390
01/07/19	12:25:01.057	518	1	2.078000	0.455000	-6.7880	-6.7700
01/07/19	12:25:01.264	519	1	2.090000	0.453000	-6.8160	-6.8180
01/07/19	12:25:01.436	520	1	2.090000	0.455000	-6.8500	-6.8440
01/07/19	12:25:01.639	521	1	2.094000	0.455000	-6.8640	-6.8440
01/07/19	12:25:01.851	522	1	2.102000	0.455000	-6.8920	-6.8720
01/07/19	12:25:02.062	523	1	2.108000	0.458000	-6.9180	-6.8970
01/07/19	12:25:02.268	524	1	2.108000	0.459000	-6.9720	-6.9290
01/07/19	12:25:02.439	525	1	2.111000	0.459000	-6.9720	-6.9480
01/07/19	12:25:02.651	526	1	2.118000	0.456000	-6.9920	-6.9770
01/07/19	12:25:02.865	527	1	2.125000	0.462000	-7.0170	-7.0110
01/07/19	12:25:03.077	528	1	2.125000	0.463000	-7.0710	-7.0280
01/07/19	12:25:03.234	529	1	2.129000	0.463000	-7.0770	-7.0790
01/07/19	12:25:03.448	530	1	2.133000	0.461000	-7.0940	-7.0870
01/07/19	12:25:03.661	531	1	2.141000	0.466000	-7.1330	-7.1270
01/07/19	12:25:03.836	532	1	2.141000	0.465000	-7.1530	-7.1380
01/07/19	12:25:04.044	533	1	2.146000	0.465000	-7.1590	-7.1750
01/07/19	12:25:04.255	534	1	2.161000	0.467000	-7.1990	-7.1670
01/07/19	12:25:04.462	535	1	2.159000	0.470000	-7.2350	-7.2200
01/07/19	12:25:04.675	536	1	2.159000	0.469000	-7.2580	-7.2350
01/07/19	12:25:04.839	537	1	2.157000	0.469000	-7.2840	-7.2460
01/07/19	12:25:05.051	538	1	2.168000	0.471000	-7.3120	-7.2860
01/07/19	12:25:05.259	539	1	2.169000	0.472000	-7.3460	-7.2940
01/07/19	12:25:05.468	540	1	2.169000	0.472000	-7.3630	-7.3370
01/07/19	12:25:05.632	541	1	2.171000	0.472000	-7.3800	-7.3720
01/07/19	12:25:05.839	542	1	2.185000	0.474000	-7.4170	-7.3750
01/07/19	12:25:06.065	543	1	2.187000	0.476000	-7.4420	-7.4120
01/07/19	12:25:06.266	544	1	2.187000	0.477000	-7.4790	-7.4600
01/07/19	12:25:06.436	545	1	2.192000	0.477000	-7.4760	-7.4490
01/07/19	12:25:06.650	546	1	2.205000	0.477000	-7.5440	-7.5000
01/07/19	12:25:06.856	547	1	2.196000	0.477000	-7.5270	-7.5280
01/07/19	12:25:07.064	548	1	2.196000	0.483000	-7.6070	-7.5360
01/07/19	12:25:07.232	549	1	2.210000	0.483000	-7.5920	-7.5730
01/07/19	12:25:07.444	550	1	2.218000	0.477000	-7.6320	-7.6040
01/07/19	12:25:07.647	551	1	2.218000	0.482000	-7.6550	-7.6210
01/07/19	12:25:07.860	552	1	2.216000	-0.022000	-7.6490	-7.6530
01/07/19	12:25:08.067	553	1	0.605000	-0.022000	-7.6260	-7.5680
01/07/19	12:25:08.239	554	1	0.560000	-0.022000	-7.4900	-7.4830
01/07/19	12:25:08.451	555	1	0.527000	-0.022000	-7.3260	-7.3070
01/07/19	12:25:08.662	556	1	0.527000	-0.022000	-7.0960	-7.1030
01/07/19	12:25:08.874	557	1	0.500000	-0.022000	-6.9040	-6.8620
01/07/19	12:25:09.033	558	1	0.479000	-0.022000	-6.6710	-6.6830
01/07/19	12:25:09.246	559	1	0.479000	-0.022000	-6.4560	-6.4280
01/07/19	12:25:09.452	560	1	0.460000	-0.022000	-6.1670	-6.1650
01/07/19	12:25:09.666	561	1	0.444000	-0.022000	-5.9230	-5.9220
01/07/19	12:25:09.832	562	1	0.429000	-0.022000	-5.7180	-5.7500
01/07/19	12:25:10.040	563	1	0.429000	-0.025000	-5.4740	-5.4830
01/07/19	12:25:10.250	564	1	0.422000	-0.025000	-5.2530	-5.2310
01/07/19	12:25:10.464	565	1	0.410000	-0.025000	-4.9870	-5.0040
01/07/19	12:25:10.638	566	1	0.398000	-0.025000	-4.8110	-4.8140
01/07/19	12:25:10.846	567	1	0.398000	-0.025000	-4.5790	-4.5930
01/07/19	12:25:11.056	568	1	0.387000	-0.025000	-4.3890	-4.3670
01/07/19	12:25:11.267	569	1	0.377000	-0.025000	-4.1280	-4.1650
01/07/19	12:25:11.475	570	1	0.366000	-0.025000	-3.9580	-3.9500
01/07/19	12:25:11.636	571	1	0.366000	-0.025000	-3.7850	-3.7890
01/07/19	12:25:11.843	572	1	0.357000	-0.025000	-3.6150	-3.5830
01/07/19	12:25:12.057	573	1	0.347000	-0.025000	-3.4170	-3.3990
01/07/19	12:25:12.266	574	1	0.338000	-0.025000	-3.2210	-3.1920
01/07/19	12:25:12.435	575	1	0.338000	-0.025000	-3.0650	-3.0560
01/07/19	12:25:12.641	576	1	0.330000	-0.025000	-2.8640	-2.8780
01/07/19	12:25:12.853	577	1	0.321000	-0.025000	-2.6940	-2.7080
01/07/19	12:25:13.061	578	1	0.313000	-0.025000	-2.5190	-2.5380
01/07/19	12:25:13.267	579	1	0.305000	-0.025000	-2.4020	-2.3730
01/07/19	12:25:13.440	580	1	0.305000	-0.025000	-2.2420	-2.2270
01/07/19	12:25:13.650	581	1	0.297000	-0.025000	-2.1020	-2.0870
01/07/19	12:25:13.860	582	1	0.289000	-0.025000	-1.8870	-1.9200
01/07/19	12:25:14.074	583	1	0.282000	-0.025000	-1.7750	-1.7720
01/07/19	12:25:14.234	584	1	0.282000	-0.025000	-1.6630	-1.6620
01/07/19	12:25:14.439	585	1	0.275000	-0.025000	-1.5150	-1.5340
01/07/19	12:25:14.654	586	1	0.268000	-0.025000	-1.3720	-1.3820
01/07/19	12:25:14.864	587	1	0.262000	-0.025000	-1.2180	-1.2560
01/07/19	12:25:15.064	588	1	0.262000	-0.025000	-1.1220	-1.1080
01/07/19	12:25:15.236	589	1	0.255000	-0.025000	-1.0240	-1.0210
01/07/19	12:25:15.444	590	1	0.249000	-0.025000	-0.9040	-0.8890
01/07/19	12:25:15.659	591	1	0.242000	-0.025000	-0.7780	-0.7460
01/07/19	12:25:15.867	592	1	0.242000	-0.025000	-0.6490	-0.6280
01/07/19	12:25:16.038	593	1	0.237000	-0.025000	-0.5280	-0.5580
01/07/19	12:25:16.251	594	1	0.230000	-0.025000	-0.4250	-0.4440
01/07/19	12:25:16.456	595	1	0.225000	-0.025000	-0.2930	-0.3260
01/07/19	12:25:16.676	596	1	0.225000	-0.025000	-0.2060	-0.2000
01/07/19	12:25:16.830	597	1	0.219000	-0.025000	-0.1300	-0.1160
01/07/19	12:25:17.038	598	1	0.214000	-0.025000	-0.0130	-0.0150
01/07/19	12:25:17.246	599	1	0.214000	-0.025000	0.0800	0.0970
01/07/19	12:25:17.453	600	1	0.209000	-0.025000	0.2090	0.1930
01/07/19	12:25:17.677	601	1	0.203000	-0.025000	0.2870	0.2930
01/07/19	12:25:17.868	602	1	0.198000	-0.025000	0.3940	0.3860
01/07/19	12:25:18.034	603	1	0.198000	-0.025000	0.4780	0.4760
01/07/19	12:25:18.246	604	1	0.193000	-0.025000	0.5670	0.5600
01/07/19	12:25:18.453	605	1	0.189000	-0.025000	0.6790	0.6600
01/07/19	12:25:18.659	606	1	0.184000	-0.025000	0.7860	0.7330
01/07/19	12:25:18.873	607	1	0.180000	-0.025000	0.8500	0.8430
01/07/19	12:25:19.039	608	1	0.180000	-0.025000	0.9290	0.9130
01/07/19	12:25:19.251	609	1	0.175000	-0.025000	1.0070	0.9970
01/07/19	12:25:19.462	610	1	0.171000	-0.025000	1.0910	1.0920
01/07/19	12:25:19.675	611	1	0.166000	-0.025000	1.1280	1.1590
01/07/19	12:25:19.833	612	1	0.166000	-0.025000	1.2480	1.2350
01/07/19	12:25:20.048	613	1	0.162000	-0.025000	1.3240	1.3220
01/07/19	12:25:20.266	614	1	0.158000	-0.025000	1.4330	1.4000
01/07/19	12:25:20.435	615	1	0.158000	-0.025000	1.4530	1.4730
01/07/19	12:25:20.642	616	1	0.153000	-0.025000	1.5370	1.5400
01/07/19	12:25:20.856	617	1	0.150000	-0.025000	1.6150	1.6160
01/07/19	12:25:21.066	618	1	0.146000	-0.025000	1.6660	1.6940
01/07/19	12:25:21.238	619	1	0.146000	-0.025000	1.7410	1.7590
01/07/19	12:25:21.450	620	1	0.143000	-0.025000	1.8250	1.8260
01/07/19	12:25:21.658	621	1	0.139000	-0.025000	1.8790	1.8880
01/07/19	12:25:21.867	622	1	0.135000	-0.025000	1.9570	1.9520
01/07/19	12:25:22.032	623	1	0.135000	-0.025000	2.0050	2.0000
01/07/19	12:25:22.257	624	1	0.132000	-0.025000	2.0660	2.0590
01/07/19	12:25:22.455	625	1	0.128000	-0.025000	2.1670	2.1370
01/07/19	12:25:22.660	626	1	0.125000	-0.025000	2.2040	2.2100
01/07/19	12:25:22.887	627	1	0.122000	-0.025000	2.3070	2.2550
01/07/19	12:25:23.035	628	1	0.122000	-0.025000	2.3070	2.3140
01/07/19	12:25:23.246	629	1	0.118000	-0.025000	2.3720	2.3810
01/07/19	12:25:23.453	630	1	0.115000	-0.025000	2.4420	2.4400
01/07/19	12:25:23.668	631	1	0.113000	-0.025000	2.4950	2.4790
01/07/19	12:25:23.838	632	1	0.113000	-0.025000	2.5430	2.5430
01/07/19	12:25:24.045	633	1	0.110000	-0.025000	2.5870	2.5910
01/07/19	12:25:24.257	634	1	0.106000	-0.025000	2.6660	2.6690
01/07/19	12:25:24.474	635	1	0.103000	-0.025000	2.6830	2.7090
01/07/19	12:25:24.632	636	1	0.103000	-0.025000	2.7220	2.7560
01/07/19	12:25:24.851	637	1	0.101000	-0.025000	2.7920	2.8120
01/07/19	12:25:25.048	638	1	0.098000	-0.025000	2.8510	2.8570
01/07/19	12:25:25.254	639	1	0.095000	-0.025000	2.9350	2.9300
01/07/19	12:25:25.467	640	1	0.095000	-0.025000	2.9430	2.9380
01/07/19	12:25:25.631	641	1	0.093000	-0.025000	3.0020	2.9860
01/07/19	12:25:25.840	642	1	0.090000	-0.025000	3.0360	3.0390
01/07/19	12:25:26.052	643	1	0.088000	-0.025000	3.0780	3.0980
01/07/19	12:25:26.263	644	1	0.088000	-0.025000	3.1560	3.1370
01/07/19	12:25:26.471	645	1	0.085000	-0.025000	3.1870	3.1930
01/07/19	12:25:26.639	646	1	0.083000	-0.025000	3.2540	3.2350
01/07/19	12:25:26.844	647	1	0.083000	-0.025000	3.2570	3.2830
01/07/19	12:25:27.060	648	1	0.080000	-0.025000	3.3520	3.3170
01/07/19	12:25:27.273	649	1	0.078000	-0.025000	3.3550	3.3560
01/07/19	12:25:27.435	650	1	0.076000	-0.025000	3.3970	3.3780
01/07/19	12:25:27.641	651	1	0.076000	-0.025000	3.4140	3.4200
01/07/19	12:25:27.849	652	1	0.074000	-0.025000	3.4690	3.4920
01/07/19	12:25:28.056	653	1	0.071000	-0.025000	3.5000	3.5280
01/07/19	12:25:28.271	654	1	0.069000	-0.025000	3.5750	3.5560
01/07/19	12:25:28.432	655	1	0.069000	-0.025000	3.6000	3.5980
01/07/19	12:25:28.646	656	1	0.067000	-0.025000	3.6280	3.6240
01/07/19	12:25:28.859	657	1	0.065000	-0.025000	3.6900	3.6880
01/07/19	12:25:29.065	658	1	0.063000	-0.025000	3.6980	3.6880
01/07/19	12:25:29.238	659	1	0.063000	-0.025000	3.7430	3.7330
01/07/19	12:25:29.449	660	1	0.061000	-0.025000	3.7710	3.7720
01/07/19	12:25:29.659	661	1	0.060000	-0.025000	3.8270	3.8170
01/07/19	12:25:29.873	662	1	0.058000	-0.025000	3.8550	3.8450
01/07/19	12:25:30.036	663	1	0.058000	-0.025000	3.8750	3.8900
01/07/19	12:25:30.241	664	1	0.056000	-0.025000	3.8830	3.9150
01/07/19	12:25:30.448	665	1	0.054000	-0.025000	3.9200	3.9490
01/07/19	12:25:30.655	666	1	0.052000	-0.025000	3.9700	3.9680
01/07/19	12:25:30.863	667	1	0.050000	-0.025000	3.9980	4.0210
01/07/19	12:25:31.030	668	1	0.050000	-0.025000	4.0180	4.0330
01/07/19	12:25:31.243	669	1	0.048000	-0.025000	4.0660	4.0660
01/07/19	12:25:31.449	670	1	0.047000	-0.025000	4.0880	4.1140
01/07/19	12:25:31.663	671	1	0.045000	-0.025000	4.1410	4.1390
01/07/19	12:25:31.869	672	1	0.045000	-0.025000	4.1660	4.1950
01/07/19	12:25:32.040	673	1	0.043000	-0.025000	4.1660	4.1780
01/07/19	12:25:32.252	674	1	0.042000	-0.025000	4.1800	4.2200
01/07/19	12:25:32.463	675	1	0.041000	-0.025000	4.2610	4.2720
01/07/19	12:25:32.671	676	1	0.041000	-0.025000	4.2360	4.2700
01/07/19	12:25:32.880	677	1	0.039000	-0.025000	4.3080	4.3000
01/07/19	12:25:33.033	678	1	0.037000	-0.025000	4.2970	4.3030
01/07/19	12:25:33.245	679	1	0.036000	-0.025000	4.3050	4.3610
01/07/19	12:25:33.455	680	1	0.036000	-0.025000	4.3790	4.3860
01/07/19	12:25:33.669	681	1	0.035000	-0.025000	4.3740	4.4190
01/07/19	12:25:33.835	682	1	0.033000	-0.025000	4.4320	4.4160
01/07/19	12:25:34.045	683	1	0.032000	-0.025000	4.4460	4.4530
01/07/19	12:25:34.253	684	1	0.032000	-0.025000	4.4790	4.4780
01/07/19	12:25:34.460	685	1	0.030000	-0.026000	4.4730	4.5060
01/07/19	12:25:34.676	686	1	0.029000	-0.026000	4.5260	4.5200
01/07/19	12:25:34.840	687	1	0.029000	-0.025000	4.5340	4.5530
01/07/19	12:25:35.052	688	1	0.028000	-0.025000	4.5370	4.5750
01/07/19	12:25:35.264	689	1	0.026000	-0.025000	4.6110	4.5830
01/07/19	12:25:35.476	690	1	0.025000	-0.025000	4.6140	4.6130
01/07/19	12:25:35.634	691	1	0.025000	-0.025000	4.6610	4.6330
01/07/19	12:25:35.846	692	1	0.024000	-0.025000	4.6280	4.6660
01/07/19	12:25:36.054	693	1	0.023000	-0.025000	4.6910	4.7020
01/07/19	12:25:36.262	694	1	0.022000	-0.025000	4.6890	4.7050
01/07/19	12:25:36.435	695	1	0.022000	-0.025000	4.7220	4.7240
01/07/19	12:25:36.643	696	1	0.021000	-0.025000	4.7300	4.7380
01/07/19	12:25:36.853	697	1	0.019000	-0.025000	4.7600	4.7760
01/07/19	12:25:37.061	698	1	0.019000	-0.025000	4.7550	4.7930
01/07/19	12:25:37.274	699	1	0.018000	-0.025000	4.8070	4.7850
01/07/19	12:25:37.440	700	1	0.018000	-0.025000	4.8210	4.8320
01/07/19	12:25:37.650	701	1	0.016000	-0.025000	4.8270	4.8480
01/07/19	12:25:37.868	702	1	0.015000	-0.025000	4.8290	4.8560
01/07/19	12:25:38.032	703	1	0.015000	-0.025000	4.8800	4.8740
01/07/19	12:25:38.242	704	1	0.014000	-0.025000	4.8750	4.9100
01/07/19	12:25:38.448	705	1	0.013000	-0.025000	4.9250	4.9240
01/07/19	12:25:38.662	706	1	0.012000	-0.025000	4.9110	4.9350
01/07/19	12:25:38.868	707	1	0.012000	-0.025000	4.9610	4.9650
01/07/19	12:25:39.035	708	1	0.011000	-0.025000	4.9720	4.9710
01/07/19	12:25:39.242	709	1	0.010000	-0.025000	4.9380	4.9960
01/07/19	12:25:39.450	710	1	0.009000	-0.025000	5.0020	4.9900
01/07/19	12:25:39.660	711	1	0.009000	-0.025000	5.0210	5.0320
01/07/19	12:25:39.868	712	1	0.008000	-0.025000	5.0460	5.0430
01/07/19	12:25:40.044	713	1	0.007000	-0.025000	5.0430	5.0650
01/07/19	12:25:40.247	714	1	0.006000	-0.025000	5.0410	5.0650
01/07/19	12:25:40.461	715	1	0.006000	-0.025000	5.1040	5.0650
01/07/19	12:25:40.670	716	1	0.006000	-0.025000	5.0850	5.0920
01/07/19	12:25:40.832	717	1	0.004000	-0.025000	5.0880	5.1120
01/07/19	12:25:41.045	718	1	0.005000	-0.025000	5.1100	5.1280
01/07/19	12:25:41.266	719	1	0.005000	-0.025000	5.1400	5.1700
01/07/19	12:25:41.470	720	1	0.004000	-0.025000	5.1510	5.1670
01/07/19	12:25:41.635	721	1	0.002000	-0.025000	5.1730	5.1720
01/07/19	12:25:41.843	722	1	0.002000	-0.025000	5.1760	5.1840
01/07/19	12:25:42.049	723	1	0.002000	-0.025000	5.1980	5.2080
01/07/19	12:25:42.262	724	1	0.000000	-0.022000	5.2060	5.2280
01/07/19	12:25:42.473	725	1	0.000000	-0.022000	5.2060	5.2390
01/07/19	12:25:42.637	726	1	0.000000	-0.017000	5.2250	5.2520
01/07/19	12:25:42.846	727	1	0.000000	-0.007000	5.2340	5.2580
01/07/19	12:25:43.058	728	1	-0.001000	-0.005000	5.2810	5.2860
01/07/19	12:25:43.270	729	1	-0.001000	-0.005000	5.2500	5.2880
01/07/19	12:25:43.473	730	1	0.000000	-0.005000	5.3030	5.2830
01/07/19	12:25:43.630	731	1	0.000000	-0.005000	5.3330	5.3270
01/07/19	12:25:43.842	732	1	0.000000	-0.005000	5.3110	5.3130
01/07/19	12:25:44.055	733	1	0.000000	-0.005000	5.3280	5.3300
01/07/19	12:25:44.260	734	1	0.000000	-0.004000	5.3030	5.3460
01/07/19	12:25:44.468	735	1	0.000000	-0.004000	5.3500	5.3330
01/07/19	12:25:44.634	736	1	0.000000	-0.004000	5.3500	5.3690
01/07/19	12:25:44.842	737	1	0.000000	-0.004000	5.3330	5.3710
