01/07/19	10:57:30.797	C:\Icing\LabView_vi\Icing_2TC_FP_v2.0.vi
Dt (s):		0.200000

Date	Time	# meas	# cycle	V	I	Temp1	Temp2

01/07/19	10:58:14.829	1	0	-0.001000	0.003000	6.0270	6.0260
01/07/19	10:58:15.022	2	0	0.000000	0.003000	6.0070	5.9980
01/07/19	10:58:15.224	3	0	0.000000	0.003000	6.0400	6.0210
01/07/19	10:58:15.445	4	0	-0.001000	0.003000	6.0290	5.9850
01/07/19	10:58:15.655	5	0	-0.001000	0.003000	6.0160	6.0150
01/07/19	10:58:15.821	6	0	-0.001000	0.003000	6.0240	6.0320
01/07/19	10:58:16.032	7	0	-0.001000	0.002000	6.0180	6.0230
01/07/19	10:58:16.240	8	0	-0.001000	0.002000	6.0020	6.0260
01/07/19	10:58:16.447	9	0	0.000000	0.003000	6.0160	6.0230
01/07/19	10:58:16.662	10	0	-0.001000	0.003000	6.0050	6.0260
01/07/19	10:58:16.828	11	0	-0.001000	0.003000	6.0400	6.0180
01/07/19	10:58:17.040	12	0	0.000000	0.002000	6.0320	6.0320
01/07/19	10:58:17.251	13	0	-0.001000	0.003000	6.0050	6.0150
01/07/19	10:58:17.459	14	0	-0.001000	0.003000	6.0290	6.0150
01/07/19	10:58:17.668	15	0	0.000000	0.003000	6.0050	6.0180
01/07/19	10:58:17.826	16	0	0.000000	0.003000	6.0320	5.9820
01/07/19	10:58:18.038	17	0	0.000000	0.003000	6.0400	6.0100
01/07/19	10:58:18.255	18	0	-0.001000	0.003000	6.0510	6.0120
01/07/19	10:58:18.424	19	0	-0.001000	0.003000	6.0050	6.0150
01/07/19	10:58:18.631	20	0	0.000000	0.003000	6.0380	6.0400
01/07/19	10:58:18.843	21	0	0.000000	0.003000	6.0070	6.0040
01/07/19	10:58:19.054	22	0	-0.001000	0.003000	6.0270	5.9870
01/07/19	10:58:19.262	23	0	0.000000	0.003000	6.0290	6.0290
01/07/19	10:58:19.428	24	0	0.000000	0.003000	6.0240	6.0230
01/07/19	10:58:19.638	25	0	-0.001000	0.003000	6.0270	6.0010
01/07/19	10:58:19.848	26	0	-0.001000	0.003000	6.0160	6.0100
01/07/19	10:58:20.062	27	0	0.000000	0.002000	6.0070	6.0180
01/07/19	10:58:20.224	28	0	0.000000	0.003000	6.0350	6.0210
01/07/19	10:58:20.429	29	0	0.000000	0.003000	6.0490	6.0400
01/07/19	10:58:20.649	30	0	0.000000	0.003000	6.0430	6.0320
01/07/19	10:58:20.846	31	0	0.000000	0.003000	6.0400	6.0290
01/07/19	10:58:21.058	32	0	0.000000	0.003000	6.0510	6.0700
01/07/19	10:58:21.224	33	0	0.000000	0.003000	6.3830	6.8740
01/07/19	10:58:21.431	34	0	-0.001000	0.003000	6.9320	7.8710
01/07/19	10:58:21.644	35	0	-0.001000	0.003000	7.3080	8.3760
01/07/19	10:58:21.849	36	0	-0.001000	0.003000	7.6390	8.6300
01/07/19	10:58:22.062	37	0	-0.001000	0.003000	7.9260	9.0470
01/07/19	10:58:22.227	38	0	0.000000	0.003000	8.2160	9.4470
01/07/19	10:58:22.440	39	0	-0.001000	0.003000	8.5030	9.9110
01/07/19	10:58:22.653	40	0	-0.001000	0.003000	8.5970	9.9720
01/07/19	10:58:22.865	41	0	0.000000	0.003000	8.7050	10.0630
01/07/19	10:58:23.021	42	0	-0.001000	0.003000	8.7130	9.9220
01/07/19	10:58:23.229	43	0	-0.001000	0.003000	8.6250	9.7370
01/07/19	10:58:23.440	44	0	-0.001000	0.003000	8.4790	9.5020
01/07/19	10:58:23.655	45	0	-0.001000	0.003000	8.3740	9.3170
01/07/19	10:58:23.821	46	0	-0.001000	0.003000	8.2880	9.1650
01/07/19	10:58:24.034	47	0	0.000000	0.003000	8.2110	8.9940
01/07/19	10:58:24.241	48	0	0.000000	0.003000	8.0950	8.8450
01/07/19	10:58:24.451	49	0	0.000000	0.003000	7.9980	8.6880
01/07/19	10:58:24.660	50	0	-0.001000	0.003000	7.9070	8.5770
01/07/19	10:58:24.829	51	0	-0.001000	0.003000	7.8380	8.4700
01/07/19	10:58:25.042	52	0	-0.001000	0.003000	7.7770	8.3540
01/07/19	10:58:25.254	53	0	-0.001000	0.003000	7.6590	8.2320
01/07/19	10:58:25.467	54	0	-0.001000	0.003000	7.5890	8.1160
01/07/19	10:58:25.622	55	0	-0.001000	0.003000	7.5200	8.0280
Cycle	Time Peltier On:	150.000000	Time Peltier Off:	200.000000	# iterations	1.000000		
01/07/19	10:58:25.835	56	1	0.000000	1.284000	7.4710	7.9090
01/07/19	10:58:26.043	57	1	4.382000	1.280000	7.1810	7.6110
01/07/19	10:58:26.253	58	1	4.397000	1.280000	6.7500	7.1420
01/07/19	10:58:26.421	59	1	4.397000	1.248000	6.3110	6.7580
01/07/19	10:58:26.634	60	1	4.314000	1.147000	5.7640	6.2410
01/07/19	10:58:26.841	61	1	4.068000	1.083000	5.1930	5.7030
01/07/19	10:58:27.049	62	1	3.795000	1.083000	4.6430	5.1920
01/07/19	10:58:27.263	63	1	3.602000	1.017000	4.1090	4.6320
01/07/19	10:58:27.429	64	1	3.602000	0.890000	3.6950	4.2980
01/07/19	10:58:27.641	65	1	3.310000	0.841000	3.2410	3.8060
01/07/19	10:58:27.848	66	1	3.076000	0.841000	2.7330	3.3690
01/07/19	10:58:28.060	67	1	2.879000	0.783000	2.3190	2.9430
01/07/19	10:58:28.220	68	1	2.879000	0.682000	2.0440	2.6430
01/07/19	10:58:28.429	69	1	2.620000	0.652000	1.6690	2.3150
01/07/19	10:58:28.638	70	1	2.473000	0.652000	1.3130	1.9930
01/07/19	10:58:28.860	71	1	2.334000	0.605000	1.0580	1.6930
01/07/19	10:58:29.060	72	1	2.334000	0.541000	0.7660	1.4050
01/07/19	10:58:29.224	73	1	2.237000	0.508000	0.5650	1.2140
01/07/19	10:58:29.433	74	1	2.056000	0.508000	0.3520	0.9510
01/07/19	10:58:29.639	75	1	1.974000	0.469000	0.1190	0.7550
01/07/19	10:58:29.850	76	1	1.974000	0.440000	-0.0430	0.5420
01/07/19	10:58:30.058	77	1	1.889000	0.424000	-0.2280	0.3680
01/07/19	10:58:30.228	78	1	1.770000	0.424000	-0.3600	0.2310
01/07/19	10:58:30.442	79	1	1.722000	0.395000	-0.4750	0.0600
01/07/19	10:58:30.649	80	1	1.722000	0.383000	-0.6350	-0.0520
01/07/19	10:58:30.860	81	1	1.686000	0.368000	-0.7660	-0.2230
01/07/19	10:58:31.020	82	1	1.592000	0.368000	-0.8450	-0.3160
01/07/19	10:58:31.227	83	1	1.567000	0.349000	-0.9290	-0.4220
01/07/19	10:58:31.435	84	1	1.567000	0.342000	-1.0520	-0.5460
01/07/19	10:58:31.641	85	1	1.522000	0.332000	-1.1080	-0.6300
01/07/19	10:58:31.855	86	1	1.493000	0.332000	-1.2010	-0.7500
01/07/19	10:58:32.058	87	1	1.468000	0.329000	-1.2590	-0.8290
01/07/19	10:58:32.224	88	1	1.468000	0.318000	-1.3150	-0.9040
01/07/19	10:58:32.433	89	1	1.446000	0.316000	-1.3720	-0.9910
01/07/19	10:58:32.645	90	1	1.436000	0.316000	-1.4580	-1.0780
01/07/19	10:58:32.858	91	1	1.411000	0.313000	-1.4950	-1.1280
01/07/19	10:58:33.028	92	1	1.411000	0.306000	-1.5230	-1.1730
01/07/19	10:58:33.237	93	1	1.408000	0.306000	-1.5820	-1.2540
01/07/19	10:58:33.450	94	1	1.399000	0.306000	-1.6070	-1.2770
01/07/19	10:58:33.665	95	1	1.401000	0.303000	-1.6850	-1.3610
01/07/19	10:58:33.820	96	1	1.401000	0.299000	-1.7050	-1.4110
01/07/19	10:58:34.027	97	1	1.388000	0.300000	-1.7160	-1.4790
01/07/19	10:58:34.251	98	1	1.397000	0.300000	-1.7550	-1.4930
01/07/19	10:58:34.452	99	1	1.393000	0.303000	-1.8060	-1.5570
01/07/19	10:58:34.662	100	1	1.393000	0.300000	-1.8310	-1.5910
01/07/19	10:58:34.825	101	1	1.389000	0.301000	-1.8620	-1.6410
01/07/19	10:58:35.032	102	1	1.391000	0.301000	-1.8900	-1.6890
01/07/19	10:58:35.245	103	1	1.395000	0.302000	-1.9290	-1.7170
01/07/19	10:58:35.455	104	1	1.395000	0.302000	-1.9680	-1.7480
01/07/19	10:58:35.622	105	1	1.393000	0.301000	-2.0080	-1.7870
01/07/19	10:58:35.838	106	1	1.388000	0.301000	-2.0220	-1.8200
01/07/19	10:58:36.051	107	1	1.395000	0.300000	-2.0410	-1.8570
01/07/19	10:58:36.264	108	1	1.395000	0.304000	-2.0720	-1.9020
01/07/19	10:58:36.423	109	1	1.403000	0.304000	-2.1080	-1.9040
01/07/19	10:58:36.630	110	1	1.403000	0.304000	-2.1220	-1.9610
01/07/19	10:58:36.844	111	1	1.410000	0.306000	-2.1560	-2.0110
01/07/19	10:58:37.050	112	1	1.410000	0.306000	-2.1730	-2.0420
01/07/19	10:58:37.265	113	1	1.413000	0.308000	-2.2290	-2.0700
01/07/19	10:58:37.421	114	1	1.409000	0.308000	-2.2370	-2.0560
01/07/19	10:58:37.635	115	1	1.424000	0.309000	-2.2630	-2.1260
01/07/19	10:58:37.848	116	1	1.424000	0.310000	-2.2630	-2.1540
01/07/19	10:58:38.063	117	1	1.428000	0.314000	-2.3050	-2.1730
01/07/19	10:58:38.228	118	1	1.439000	0.314000	-2.3380	-2.2070
01/07/19	10:58:38.441	119	1	1.440000	0.313000	-2.3690	-2.2270
01/07/19	10:58:38.652	120	1	1.440000	0.313000	-2.3830	-2.2550
01/07/19	10:58:38.863	121	1	1.441000	0.315000	-2.4250	-2.2860
01/07/19	10:58:39.021	122	1	1.446000	0.315000	-2.4330	-2.3250
01/07/19	10:58:39.235	123	1	1.460000	0.318000	-2.4560	-2.3440
01/07/19	10:58:39.452	124	1	1.460000	0.319000	-2.4760	-2.3750
01/07/19	10:58:39.665	125	1	1.465000	0.321000	-2.5040	-2.4200
01/07/19	10:58:39.819	126	1	1.474000	0.321000	-2.5340	-2.4450
01/07/19	10:58:40.032	127	1	1.478000	0.322000	-2.5680	-2.4680
01/07/19	10:58:40.240	128	1	1.478000	0.322000	-2.5930	-2.4840
01/07/19	10:58:40.451	129	1	1.479000	0.323000	-2.6360	-2.5380
01/07/19	10:58:40.658	130	1	1.478000	0.323000	-2.6730	-2.5550
01/07/19	10:58:40.829	131	1	1.478000	0.321000	-2.6640	-2.5710
01/07/19	10:58:41.041	132	1	1.478000	0.326000	-2.6810	-2.6020
01/07/19	10:58:41.253	133	1	1.496000	0.328000	-2.7410	-2.6250
01/07/19	10:58:41.460	134	1	1.494000	0.328000	-2.7770	-2.6930
01/07/19	10:58:41.620	135	1	1.494000	0.325000	-2.7890	-2.6730
01/07/19	10:58:41.830	136	1	1.496000	0.327000	-2.8090	-2.7100
01/07/19	10:58:42.038	137	1	1.508000	0.329000	-2.8340	-2.7500
01/07/19	10:58:42.245	138	1	1.514000	0.329000	-2.8680	-2.7720
01/07/19	10:58:42.453	139	1	1.516000	0.330000	-2.9020	-2.8060
01/07/19	10:58:42.625	140	1	1.516000	0.330000	-2.9080	-2.8460
01/07/19	10:58:42.834	141	1	1.527000	0.333000	-2.9530	-2.8490
01/07/19	10:58:43.044	142	1	1.527000	0.333000	-2.9840	-2.8860
01/07/19	10:58:43.256	143	1	1.528000	0.332000	-2.9900	-2.9200
01/07/19	10:58:43.428	144	1	1.528000	0.336000	-3.0210	-2.9420
01/07/19	10:58:43.640	145	1	1.541000	0.336000	-3.0670	-2.9650
01/07/19	10:58:43.856	146	1	1.536000	0.336000	-3.0840	-3.0100
01/07/19	10:58:44.066	147	1	1.545000	0.334000	-3.1180	-3.0250
01/07/19	10:58:44.223	148	1	1.545000	0.336000	-3.1290	-3.0440
01/07/19	10:58:44.433	149	1	1.555000	0.339000	-3.1540	-3.0670
01/07/19	10:58:44.642	150	1	1.562000	0.339000	-3.1800	-3.0930
01/07/19	10:58:44.851	151	1	1.565000	0.340000	-3.2110	-3.1240
01/07/19	10:58:45.059	152	1	1.565000	0.341000	-3.2390	-3.1690
01/07/19	10:58:45.222	153	1	1.568000	0.342000	-3.2760	-3.1750
01/07/19	10:58:45.437	154	1	1.572000	0.342000	-3.3100	-3.2170
01/07/19	10:58:45.652	155	1	1.573000	0.342000	-3.3130	-3.2510
01/07/19	10:58:45.860	156	1	1.573000	0.345000	-3.3670	-3.2710
01/07/19	10:58:46.028	157	1	1.585000	0.343000	-3.4010	-3.2820
01/07/19	10:58:46.237	158	1	1.579000	0.343000	-3.3920	-3.2990
01/07/19	10:58:46.451	159	1	1.597000	0.343000	-3.4410	-3.3730
01/07/19	10:58:46.666	160	1	1.597000	0.346000	-3.4460	-3.3790
01/07/19	10:58:46.819	161	1	1.593000	0.346000	-3.4720	-3.4010
01/07/19	10:58:47.028	162	1	1.610000	0.350000	-3.5030	-3.4010
01/07/19	10:58:47.251	163	1	1.611000	0.350000	-3.5510	-3.4610
01/07/19	10:58:47.449	164	1	1.611000	0.349000	-3.5680	-3.4810
01/07/19	10:58:47.656	165	1	1.608000	0.350000	-3.5650	-3.5200
01/07/19	10:58:47.823	166	1	1.631000	0.350000	-3.5990	-3.5350
01/07/19	10:58:48.034	167	1	1.634000	0.355000	-3.6330	-3.5570
01/07/19	10:58:48.242	168	1	1.634000	0.355000	-3.6900	-3.5860
01/07/19	10:58:48.452	169	1	1.631000	0.351000	-3.6960	-3.6310
01/07/19	10:58:48.660	170	1	1.636000	0.351000	-3.7410	-3.6280
01/07/19	10:58:48.826	171	1	1.630000	0.355000	-3.7470	-3.6680
01/07/19	10:58:49.042	172	1	1.630000	0.358000	-3.7640	-3.6910
01/07/19	10:58:49.254	173	1	1.646000	0.360000	-3.8000	-3.7190
01/07/19	10:58:49.465	174	1	1.654000	0.360000	-3.8370	-3.7270
01/07/19	10:58:49.627	175	1	1.652000	0.360000	-3.8400	-3.7610
01/07/19	10:58:49.836	176	1	1.652000	0.362000	-3.8540	-3.8120
01/07/19	10:58:50.043	177	1	1.668000	0.365000	-3.9080	-3.8290
01/07/19	10:58:50.252	178	1	1.668000	0.365000	-3.9420	-3.8660
01/07/19	10:58:50.424	179	1	1.670000	0.362000	-3.9760	-3.8800
01/07/19	10:58:50.633	180	1	1.670000	0.362000	-3.9820	-3.8970
01/07/19	10:58:50.838	181	1	1.676000	0.365000	-4.0100	-3.9090
01/07/19	10:58:51.053	182	1	1.686000	0.365000	-4.0330	-3.9600
01/07/19	10:58:51.265	183	1	1.691000	0.366000	-4.0580	-3.9910
01/07/19	10:58:51.426	184	1	1.691000	0.369000	-4.0870	-3.9970
01/07/19	10:58:51.629	185	1	1.697000	0.369000	-4.1260	-4.0560
01/07/19	10:58:51.844	186	1	1.698000	0.369000	-4.1380	-4.0590
01/07/19	10:58:52.047	187	1	1.709000	0.369000	-4.1600	-4.0870
01/07/19	10:58:52.252	188	1	1.709000	0.372000	-4.2030	-4.1010
01/07/19	10:58:52.424	189	1	1.713000	0.371000	-4.2260	-4.1160
01/07/19	10:58:52.636	190	1	1.715000	0.371000	-4.2650	-4.1550
01/07/19	10:58:52.849	191	1	1.717000	0.373000	-4.2710	-4.2060
01/07/19	10:58:53.056	192	1	1.717000	0.375000	-4.2940	-4.2350
01/07/19	10:58:53.228	193	1	1.727000	0.376000	-4.3280	-4.2490
01/07/19	10:58:53.441	194	1	1.732000	0.376000	-4.3470	-4.2830
01/07/19	10:58:53.653	195	1	1.739000	0.376000	-4.3790	-4.3170
01/07/19	10:58:53.862	196	1	1.739000	0.378000	-4.4150	-4.3200
01/07/19	10:58:54.020	197	1	1.741000	0.378000	-4.4350	-4.3590
01/07/19	10:58:54.228	198	1	1.750000	0.378000	-4.4640	-4.3820
01/07/19	10:58:54.437	199	1	1.752000	0.380000	-4.4780	-4.3960
01/07/19	10:58:54.644	200	1	1.752000	0.383000	-4.5290	-4.4410
01/07/19	10:58:54.851	201	1	1.762000	0.380000	-4.5430	-4.4640
01/07/19	10:58:55.018	202	1	1.765000	0.380000	-4.5830	-4.4980
01/07/19	10:58:55.232	203	1	1.761000	0.382000	-4.5940	-4.5040
01/07/19	10:58:55.442	204	1	1.761000	0.385000	-4.6310	-4.5550
01/07/19	10:58:55.650	205	1	1.774000	0.384000	-4.6620	-4.5490
01/07/19	10:58:55.857	206	1	1.775000	0.384000	-4.6820	-4.5950
01/07/19	10:58:56.026	207	1	1.781000	0.385000	-4.7040	-4.6090
01/07/19	10:58:56.238	208	1	1.781000	0.388000	-4.7410	-4.6430
01/07/19	10:58:56.449	209	1	1.789000	0.387000	-4.7640	-4.6710
01/07/19	10:58:56.657	210	1	1.792000	0.387000	-4.7700	-4.6880
01/07/19	10:58:56.819	211	1	1.792000	0.389000	-4.8090	-4.7020
01/07/19	10:58:57.029	212	1	1.804000	0.391000	-4.8180	-4.7390
01/07/19	10:58:57.238	213	1	1.808000	0.394000	-4.8570	-4.7760
01/07/19	10:58:57.445	214	1	1.813000	0.394000	-4.8830	-4.7930
01/07/19	10:58:57.653	215	1	1.818000	0.394000	-4.9030	-4.8180
01/07/19	10:58:57.826	216	1	1.818000	0.396000	-4.9400	-4.8330
01/07/19	10:58:58.029	217	1	1.823000	0.396000	-4.9620	-4.8720
01/07/19	10:58:58.243	218	1	1.827000	0.396000	-5.0020	-4.9090
01/07/19	10:58:58.449	219	1	1.826000	0.397000	-5.0020	-4.9370
01/07/19	10:58:58.662	220	1	1.826000	0.400000	-5.0360	-4.9520
01/07/19	10:58:58.829	221	1	1.843000	0.400000	-5.0470	-4.9770
01/07/19	10:58:59.036	222	1	1.853000	0.400000	-5.0930	-4.9940
01/07/19	10:58:59.249	223	1	1.852000	0.403000	-5.1130	-5.0310
01/07/19	10:58:59.463	224	1	1.852000	0.403000	-5.1320	-5.0650
01/07/19	10:58:59.621	225	1	1.858000	0.403000	-5.1890	-5.0760
01/07/19	10:58:59.841	226	1	1.855000	0.405000	-5.1830	-5.1300
01/07/19	10:59:00.044	227	1	1.855000	0.407000	-5.2090	-5.1410
01/07/19	10:59:00.265	228	1	1.873000	0.408000	-5.2400	-5.1610
01/07/19	10:59:00.465	229	1	1.878000	0.408000	-5.2800	-5.1920
01/07/19	10:59:00.621	230	1	1.880000	0.408000	-5.3170	-5.2290
01/07/19	10:59:00.834	231	1	1.880000	0.407000	-5.3050	-5.2350
01/07/19	10:59:01.045	232	1	1.878000	0.413000	-5.3590	-5.2940
01/07/19	10:59:01.252	233	1	1.889000	0.410000	-5.3680	-5.2940
01/07/19	10:59:01.423	234	1	1.901000	0.410000	-5.4020	-5.3430
01/07/19	10:59:01.635	235	1	1.901000	0.413000	-5.4190	-5.3370
01/07/19	10:59:01.852	236	1	1.902000	0.415000	-5.4410	-5.3790
01/07/19	10:59:02.059	237	1	1.915000	0.417000	-5.4890	-5.4110
01/07/19	10:59:02.225	238	1	1.912000	0.417000	-5.5060	-5.4250
01/07/19	10:59:02.443	239	1	1.912000	0.417000	-5.5400	-5.4590
01/07/19	10:59:02.648	240	1	1.920000	0.417000	-5.5600	-5.4620
01/07/19	10:59:02.858	241	1	1.928000	0.419000	-5.5770	-5.4960
01/07/19	10:59:03.019	242	1	1.935000	0.419000	-5.5970	-5.5410
01/07/19	10:59:03.229	243	1	1.935000	0.422000	-5.6450	-5.5640
01/07/19	10:59:03.436	244	1	1.939000	0.420000	-5.6790	-5.6030
01/07/19	10:59:03.642	245	1	1.936000	0.420000	-5.7130	-5.6030
01/07/19	10:59:03.850	246	1	1.938000	0.420000	-5.7360	-5.6180
01/07/19	10:59:04.060	247	1	1.943000	0.422000	-5.7530	-5.6660
01/07/19	10:59:04.225	248	1	1.943000	0.424000	-5.7640	-5.6970
01/07/19	10:59:04.435	249	1	1.958000	0.424000	-5.7980	-5.7280
01/07/19	10:59:04.643	250	1	1.960000	0.426000	-5.8290	-5.7590
01/07/19	10:59:04.852	251	1	1.960000	0.427000	-5.8440	-5.7760
01/07/19	10:59:05.059	252	1	1.965000	0.429000	-5.8890	-5.7960
01/07/19	10:59:05.227	253	1	1.970000	0.429000	-5.8950	-5.8100
01/07/19	10:59:05.434	254	1	1.980000	0.428000	-5.9340	-5.8670
01/07/19	10:59:05.649	255	1	1.980000	0.430000	-5.9680	-5.8780
01/07/19	10:59:05.858	256	1	1.979000	0.430000	-5.9910	-5.8900
01/07/19	10:59:06.020	257	1	1.986000	0.430000	-6.0020	-5.9150
01/07/19	10:59:06.227	258	1	1.995000	0.432000	-6.0250	-5.9460
01/07/19	10:59:06.434	259	1	1.995000	0.436000	-6.0560	-5.9770
01/07/19	10:59:06.646	260	1	2.003000	0.436000	-6.0900	-6.0140
01/07/19	10:59:06.852	261	1	2.005000	0.436000	-6.1100	-6.0340
01/07/19	10:59:07.024	262	1	2.013000	0.436000	-6.1440	-6.0480
01/07/19	10:59:07.233	263	1	2.013000	0.437000	-6.1700	-6.0880
01/07/19	10:59:07.443	264	1	2.012000	0.437000	-6.1840	-6.1020
01/07/19	10:59:07.650	265	1	2.025000	0.441000	-6.2180	-6.1280
01/07/19	10:59:07.858	266	1	2.027000	0.441000	-6.2550	-6.1670
01/07/19	10:59:08.029	267	1	2.027000	0.440000	-6.2600	-6.1790
01/07/19	10:59:08.241	268	1	2.026000	0.444000	-6.2770	-6.1960
01/07/19	10:59:08.452	269	1	2.046000	0.445000	-6.3030	-6.2300
01/07/19	10:59:08.663	270	1	2.051000	0.445000	-6.3590	-6.2690
01/07/19	10:59:08.822	271	1	2.051000	0.446000	-6.3790	-6.3000
01/07/19	10:59:09.033	272	1	2.043000	0.446000	-6.4020	-6.3170
01/07/19	10:59:09.243	273	1	2.054000	0.446000	-6.4160	-6.3400
01/07/19	10:59:09.452	274	1	2.063000	0.447000	-6.4330	-6.3430
01/07/19	10:59:09.624	275	1	2.063000	0.452000	-6.4810	-6.3880
01/07/19	10:59:09.834	276	1	2.075000	0.450000	-6.4840	-6.3970
01/07/19	10:59:10.041	277	1	2.078000	0.450000	-6.5180	-6.4340
01/07/19	10:59:10.250	278	1	2.081000	0.453000	-6.5210	-6.4760
01/07/19	10:59:10.465	279	1	2.095000	0.456000	-6.5830	-6.5050
01/07/19	10:59:10.628	280	1	2.095000	0.454000	-6.5860	-6.5300
01/07/19	10:59:10.843	281	1	2.097000	0.454000	-6.6400	-6.5360
01/07/19	10:59:11.053	282	1	2.094000	0.457000	-6.6710	-6.5560
01/07/19	10:59:11.219	283	1	2.094000	0.455000	-6.6650	-6.5780
01/07/19	10:59:11.431	284	1	2.093000	0.459000	-6.7140	-6.6210
01/07/19	10:59:11.640	285	1	2.105000	0.459000	-6.7390	-6.6660
01/07/19	10:59:11.846	286	1	2.109000	0.458000	-6.7790	-6.6890
01/07/19	10:59:12.053	287	1	2.107000	0.458000	-6.7870	-6.7110
01/07/19	10:59:12.222	288	1	2.107000	0.462000	-6.7930	-6.7090
01/07/19	10:59:12.429	289	1	2.131000	0.462000	-6.8350	-6.7450
01/07/19	10:59:12.645	290	1	2.130000	0.464000	-6.8580	-6.7770
01/07/19	10:59:12.857	291	1	2.135000	0.464000	-6.8840	-6.8160
01/07/19	10:59:13.029	292	1	2.135000	0.465000	-6.9290	-6.8390
01/07/19	10:59:13.242	293	1	2.136000	0.465000	-6.9370	-6.8640
01/07/19	10:59:13.450	294	1	2.147000	0.465000	-6.9800	-6.8870
01/07/19	10:59:13.662	295	1	2.146000	0.466000	-6.9910	-6.8810
01/07/19	10:59:13.822	296	1	2.146000	0.469000	-7.0340	-6.9350
01/07/19	10:59:14.031	297	1	2.151000	0.469000	-7.0450	-6.9410
01/07/19	10:59:14.240	298	1	2.160000	0.467000	-7.0680	-6.9920
01/07/19	10:59:14.447	299	1	2.160000	0.471000	-7.1130	-7.0120
01/07/19	10:59:14.655	300	1	2.166000	0.470000	-7.1220	-7.0150
01/07/19	10:59:14.821	301	1	2.171000	0.470000	-7.1500	-7.0630
01/07/19	10:59:15.034	302	1	2.178000	0.473000	-7.1900	-7.0800
01/07/19	10:59:15.246	303	1	2.178000	0.473000	-7.1930	-7.1170
01/07/19	10:59:15.458	304	1	2.176000	0.477000	-7.2240	-7.1420
01/07/19	10:59:15.628	305	1	2.192000	0.477000	-7.2320	-7.1680
01/07/19	10:59:15.840	306	1	2.202000	0.477000	-7.2920	-7.1960
01/07/19	10:59:16.054	307	1	2.195000	0.477000	-7.3230	-7.2190
01/07/19	10:59:16.262	308	1	2.195000	0.477000	-7.3290	-7.2330
01/07/19	10:59:16.422	309	1	2.197000	0.477000	-7.3260	-7.2670
01/07/19	10:59:16.630	310	1	2.223000	0.481000	-7.3650	-7.2870
01/07/19	10:59:16.845	311	1	2.223000	0.484000	-7.3990	-7.3060
01/07/19	10:59:17.063	312	1	2.221000	0.484000	-7.4360	-7.3230
01/07/19	10:59:17.220	313	1	2.223000	0.484000	-7.4450	-7.3800
01/07/19	10:59:17.433	314	1	2.235000	0.484000	-7.4900	-7.4030
01/07/19	10:59:17.644	315	1	2.235000	0.485000	-7.4960	-7.4230
01/07/19	10:59:17.857	316	1	2.229000	0.489000	-7.5380	-7.4540
01/07/19	10:59:18.029	317	1	2.242000	0.489000	-7.5580	-7.4770
01/07/19	10:59:18.244	318	1	2.250000	0.488000	-7.5980	-7.5080
01/07/19	10:59:18.447	319	1	2.250000	0.489000	-7.6200	-7.5390
01/07/19	10:59:18.660	320	1	2.247000	0.490000	-7.6320	-7.5420
01/07/19	10:59:18.821	321	1	2.252000	0.490000	-7.6690	-7.5670
01/07/19	10:59:19.029	322	1	2.261000	0.493000	-7.6830	-7.6150
01/07/19	10:59:19.236	323	1	2.261000	0.495000	-7.7140	-7.6300
01/07/19	10:59:19.443	324	1	2.270000	0.495000	-7.7340	-7.6690
01/07/19	10:59:19.662	325	1	2.280000	0.497000	-7.7790	-7.6890
01/07/19	10:59:19.820	326	1	2.274000	0.497000	-7.7880	-7.7150
01/07/19	10:59:20.033	327	1	2.274000	0.498000	-7.8070	-7.7340
01/07/19	10:59:20.241	328	1	2.286000	0.500000	-7.8470	-7.7510
01/07/19	10:59:20.451	329	1	2.291000	0.499000	-7.8730	-7.7800
01/07/19	10:59:20.659	330	1	2.295000	0.499000	-7.8950	-7.8110
01/07/19	10:59:20.829	331	1	2.295000	0.502000	-7.9120	-7.8340
01/07/19	10:59:21.040	332	1	2.303000	0.504000	-7.9520	-7.8530
01/07/19	10:59:21.249	333	1	2.309000	0.503000	-7.9660	-7.8900
01/07/19	10:59:21.471	334	1	2.317000	0.503000	-8.0060	-7.9100
01/07/19	10:59:21.671	335	1	2.318000	0.505000	-8.0090	-7.9470
01/07/19	10:59:21.822	336	1	2.318000	0.508000	-8.0400	-7.9500
01/07/19	10:59:22.032	337	1	2.332000	0.508000	-8.0820	-7.9890
01/07/19	10:59:22.246	338	1	2.332000	0.509000	-8.1020	-8.0230
01/07/19	10:59:22.453	339	1	2.336000	0.509000	-8.1360	-8.0380
01/07/19	10:59:22.622	340	1	2.336000	0.509000	-8.1530	-8.0600
01/07/19	10:59:22.825	341	1	2.343000	0.509000	-8.1650	-8.0910
01/07/19	10:59:23.034	342	1	2.354000	0.511000	-8.1990	-8.1250
01/07/19	10:59:23.248	343	1	2.354000	0.514000	-8.2160	-8.1400
01/07/19	10:59:23.458	344	1	2.357000	0.516000	-8.2550	-8.1680
01/07/19	10:59:23.628	345	1	2.362000	0.516000	-8.2640	-8.1910
01/07/19	10:59:23.837	346	1	2.372000	0.515000	-8.2860	-8.2300
01/07/19	10:59:24.050	347	1	2.380000	0.520000	-8.3460	-8.2330
01/07/19	10:59:24.264	348	1	2.380000	0.516000	-8.3600	-8.2810
01/07/19	10:59:24.420	349	1	2.369000	0.516000	-8.3710	-8.2840
01/07/19	10:59:24.627	350	1	2.389000	0.519000	-8.4030	-8.3320
01/07/19	10:59:24.837	351	1	2.389000	0.522000	-8.4340	-8.3320
01/07/19	10:59:25.046	352	1	2.391000	0.522000	-8.4390	-8.3750
01/07/19	10:59:25.255	353	1	2.405000	0.526000	-8.4820	-8.3800
01/07/19	10:59:25.419	354	1	2.401000	0.526000	-8.5050	-8.4150
01/07/19	10:59:25.631	355	1	2.401000	0.526000	-8.4960	-8.4460
01/07/19	10:59:25.839	356	1	2.410000	0.531000	-8.5840	-8.4770
01/07/19	10:59:26.048	357	1	2.405000	0.524000	-8.6010	-8.5020
01/07/19	10:59:26.258	358	1	2.412000	0.524000	-8.6240	-8.5310
01/07/19	10:59:26.428	359	1	2.412000	0.526000	-8.6320	-8.5530
01/07/19	10:59:26.641	360	1	2.419000	0.531000	-8.6860	-8.5700
01/07/19	10:59:26.849	361	1	2.422000	0.528000	-8.7060	-8.6070
01/07/19	10:59:27.058	362	1	2.429000	0.528000	-8.7170	-8.6360
01/07/19	10:59:27.218	363	1	2.429000	0.531000	-8.7280	-8.6440
01/07/19	10:59:27.427	364	1	2.439000	0.536000	-8.7710	-8.6840
01/07/19	10:59:27.641	365	1	2.444000	0.536000	-8.7850	-8.7040
01/07/19	10:59:27.847	366	1	2.456000	0.534000	-8.8080	-8.7380
01/07/19	10:59:28.052	367	1	2.461000	0.538000	-8.8280	-8.7350
01/07/19	10:59:28.226	368	1	2.461000	0.540000	-8.8500	-8.7860
01/07/19	10:59:28.433	369	1	2.473000	0.540000	-8.8790	-8.7860
01/07/19	10:59:28.643	370	1	2.477000	0.541000	-8.8960	-8.8250
01/07/19	10:59:28.851	371	1	2.485000	0.544000	-8.8810	-8.6190
01/07/19	10:59:29.059	372	1	2.485000	0.550000	-7.1900	-6.2210
01/07/19	10:59:29.228	373	1	2.571000	0.550000	-6.4360	-5.3710
01/07/19	10:59:29.441	374	1	3.537000	0.765000	-5.9990	-4.9230
01/07/19	10:59:29.652	375	1	3.762000	0.922000	-5.8780	-4.7560
01/07/19	10:59:29.857	376	1	3.762000	0.941000	-5.9060	-4.7870
01/07/19	10:59:30.022	377	1	3.857000	0.941000	-5.9600	-4.8470
01/07/19	10:59:30.240	378	1	3.874000	0.941000	-6.0990	-4.9290
01/07/19	10:59:30.440	379	1	3.874000	0.926000	-6.2350	-5.0790
01/07/19	10:59:30.648	380	1	3.846000	0.913000	-6.3710	-5.2150
01/07/19	10:59:30.854	381	1	3.788000	0.901000	-6.5410	-5.3200
01/07/19	10:59:31.024	382	1	3.729000	0.901000	-6.6340	-5.3990
01/07/19	10:59:31.231	383	1	3.729000	0.876000	-6.7730	-5.5040
01/07/19	10:59:31.445	384	1	3.712000	0.862000	-6.9060	-5.6290
01/07/19	10:59:31.655	385	1	3.634000	0.850000	-7.0280	-5.7420
01/07/19	10:59:31.827	386	1	3.598000	0.850000	-7.0930	-5.8300
01/07/19	10:59:32.036	387	1	3.598000	0.835000	-7.2180	-5.9210
01/07/19	10:59:32.251	388	1	3.587000	0.824000	-7.3120	-5.9660
01/07/19	10:59:32.459	389	1	3.536000	0.816000	-7.3990	-6.0820
01/07/19	10:59:32.636	390	1	3.508000	0.816000	-7.4730	-6.1220
01/07/19	10:59:32.834	391	1	3.508000	0.804000	-7.5380	-6.2180
01/07/19	10:59:33.039	392	1	3.494000	0.800000	-7.6180	-6.2890
01/07/19	10:59:33.246	393	1	3.465000	0.794000	-7.7030	-6.3320
01/07/19	10:59:33.466	394	1	3.446000	0.794000	-7.7900	-6.3970
01/07/19	10:59:33.624	395	1	3.446000	0.787000	-7.8360	-6.4450
01/07/19	10:59:33.835	396	1	3.424000	0.779000	-7.9150	-6.5300
01/07/19	10:59:34.044	397	1	3.404000	0.774000	-7.9490	-6.5750
01/07/19	10:59:34.259	398	1	3.404000	0.774000	-8.0400	-6.6520
01/07/19	10:59:34.426	399	1	3.404000	0.772000	-8.0880	-6.6770
01/07/19	10:59:34.639	400	1	3.380000	0.764000	-8.1280	-6.7170
01/07/19	10:59:34.851	401	1	3.375000	0.764000	-8.1900	-6.7820
01/07/19	10:59:35.058	402	1	3.365000	0.764000	-8.2470	-6.8530
01/07/19	10:59:35.271	403	1	3.354000	0.760000	-8.2980	-6.8900
01/07/19	10:59:35.424	404	1	3.354000	0.755000	-8.3350	-6.9180
01/07/19	10:59:35.635	405	1	3.347000	0.755000	-8.3830	-6.9830
01/07/19	10:59:35.850	406	1	3.341000	0.755000	-8.4340	-7.0320
01/07/19	10:59:36.053	407	1	3.337000	0.751000	-8.4900	-7.0770
01/07/19	10:59:36.221	408	1	3.337000	0.748000	-8.5220	-7.1020
01/07/19	10:59:36.433	409	1	3.329000	0.748000	-8.5560	-7.1700
01/07/19	10:59:36.640	410	1	3.330000	0.748000	-8.6210	-7.2020
01/07/19	10:59:36.848	411	1	3.318000	0.744000	-8.6580	-7.2610
01/07/19	10:59:37.062	412	1	3.318000	0.743000	-8.6970	-7.3210
01/07/19	10:59:37.227	413	1	3.318000	0.743000	-8.7480	-7.3400
01/07/19	10:59:37.439	414	1	3.311000	0.743000	-8.7990	-7.4000
01/07/19	10:59:37.650	415	1	3.305000	0.739000	-8.8330	-7.4480
01/07/19	10:59:37.862	416	1	3.305000	0.739000	-8.8730	-7.5110
01/07/19	10:59:38.021	417	1	3.305000	0.739000	-8.9240	-7.5280
01/07/19	10:59:38.234	418	1	3.295000	0.738000	-8.9690	-7.5730
01/07/19	10:59:38.437	419	1	3.295000	0.734000	-9.0010	-7.6210
01/07/19	10:59:38.650	420	1	3.291000	0.734000	-9.0520	-7.6750
01/07/19	10:59:38.860	421	1	3.287000	0.732000	-9.0940	-7.7090
01/07/19	10:59:39.023	422	1	3.283000	0.732000	-9.1220	-7.7430
01/07/19	10:59:39.232	423	1	3.283000	0.732000	-9.1680	-7.8020
01/07/19	10:59:39.448	424	1	3.286000	0.730000	-9.1960	-7.8590
01/07/19	10:59:39.655	425	1	3.285000	0.731000	-9.2530	-7.9100
01/07/19	10:59:39.828	426	1	3.276000	0.731000	-9.2920	-7.9550
01/07/19	10:59:40.042	427	1	3.276000	0.727000	-9.3320	-8.0040
01/07/19	10:59:40.250	428	1	3.273000	0.726000	-9.3550	-8.0460
01/07/19	10:59:40.464	429	1	3.273000	0.727000	-9.4310	-8.0940
01/07/19	10:59:40.621	430	1	3.258000	0.727000	-9.4540	-8.1250
01/07/19	10:59:40.837	431	1	3.258000	0.723000	-9.4910	-8.1880
01/07/19	10:59:41.051	432	1	3.263000	0.723000	-9.5290	-8.2500
01/07/19	10:59:41.253	433	1	3.261000	0.723000	-9.5920	-8.2840
01/07/19	10:59:41.421	434	1	3.249000	0.723000	-9.6240	-8.3320
01/07/19	10:59:41.634	435	1	3.249000	0.719000	-9.6730	-8.3750
01/07/19	10:59:41.848	436	1	3.251000	0.717000	-9.7190	-8.4430
01/07/19	10:59:42.062	437	1	3.240000	0.715000	-9.7590	-8.5000
01/07/19	10:59:42.228	438	1	3.235000	0.715000	-9.7990	-8.5360
01/07/19	10:59:42.437	439	1	3.235000	0.713000	-9.8740	-8.5820
01/07/19	10:59:42.650	440	1	3.233000	0.708000	-9.8910	-8.6530
01/07/19	10:59:42.858	441	1	3.221000	0.710000	-9.9170	-8.6890
01/07/19	10:59:43.019	442	1	3.226000	0.710000	-9.9630	-8.7550
01/07/19	10:59:43.234	443	1	3.226000	0.709000	-10.0010	-8.7860
01/07/19	10:59:43.441	444	1	3.220000	0.710000	-10.0580	-8.8790
01/07/19	10:59:43.666	445	1	3.210000	0.706000	-10.0990	-8.9360
01/07/19	10:59:43.821	446	1	3.207000	0.706000	-10.1650	-8.9500
01/07/19	10:59:44.036	447	1	3.207000	0.701000	-10.1730	-9.0410
01/07/19	10:59:44.246	448	1	3.194000	0.705000	-10.2420	-9.1060
01/07/19	10:59:44.456	449	1	3.194000	0.700000	-10.3000	-9.1650
01/07/19	10:59:44.627	450	1	3.178000	0.700000	-10.3260	-9.2140
01/07/19	10:59:44.835	451	1	3.178000	0.697000	-10.3890	-9.2820
01/07/19	10:59:45.049	452	1	3.180000	0.694000	-10.4410	-9.3690
01/07/19	10:59:45.261	453	1	3.164000	0.692000	-10.4810	-9.4090
01/07/19	10:59:45.420	454	1	3.157000	0.692000	-10.5220	-9.4630
01/07/19	10:59:45.635	455	1	3.157000	0.689000	-10.5820	-9.5350
01/07/19	10:59:45.844	456	1	3.154000	0.687000	-10.6280	-9.6220
01/07/19	10:59:46.056	457	1	3.139000	0.685000	-10.6800	-9.6820
01/07/19	10:59:46.224	458	1	3.130000	0.685000	-10.7350	-9.7570
01/07/19	10:59:46.433	459	1	3.130000	0.679000	-10.8070	-9.8200
01/07/19	10:59:46.644	460	1	3.120000	0.674000	-10.8530	-9.9010
01/07/19	10:59:46.851	461	1	3.100000	0.674000	-10.9040	-9.9960
01/07/19	10:59:47.064	462	1	3.093000	0.674000	-10.9790	-10.0850
01/07/19	10:59:47.228	463	1	3.093000	0.670000	-11.0110	-10.1540
01/07/19	10:59:47.442	464	1	3.072000	0.666000	-11.0740	-10.2320
01/07/19	10:59:47.647	465	1	3.061000	0.662000	-11.1460	-10.3380
01/07/19	10:59:47.859	466	1	3.045000	0.662000	-11.2010	-10.4300
01/07/19	10:59:48.019	467	1	3.045000	0.657000	-11.2610	-10.5110
01/07/19	10:59:48.228	468	1	3.034000	0.652000	-11.3680	-10.6060
01/07/19	10:59:48.438	469	1	2.992000	0.652000	-11.4250	-10.7150
01/07/19	10:59:48.645	470	1	2.978000	0.642000	-11.4880	-10.8100
01/07/19	10:59:48.851	471	1	2.966000	0.636000	-11.5810	-10.9680
01/07/19	10:59:49.022	472	1	2.966000	0.628000	-11.6270	-11.0430
01/07/19	10:59:49.236	473	1	2.932000	0.628000	-11.7360	-11.2210
01/07/19	10:59:49.443	474	1	2.902000	0.626000	-11.8420	-11.3570
01/07/19	10:59:49.656	475	1	2.871000	0.609000	-11.9460	-11.5180
01/07/19	10:59:49.827	476	1	2.871000	0.600000	-12.0410	-11.6420
01/07/19	10:59:50.041	477	1	2.813000	0.600000	-12.1010	-11.7650
01/07/19	10:59:50.246	478	1	2.799000	0.592000	-12.1990	-11.9060
01/07/19	10:59:50.456	479	1	2.766000	0.581000	-12.2770	-11.9930
01/07/19	10:59:50.626	480	1	2.766000	0.575000	-12.3170	-12.0670
01/07/19	10:59:50.829	481	1	2.744000	0.575000	-12.3660	-12.1280
01/07/19	10:59:51.036	482	1	2.733000	0.574000	-12.4180	-12.1850
01/07/19	10:59:51.261	483	1	2.723000	0.570000	-12.4350	-12.2320
01/07/19	10:59:51.464	484	1	2.723000	0.572000	-12.4440	-12.2950
01/07/19	10:59:51.622	485	1	2.726000	0.572000	-12.4810	-12.3210
01/07/19	10:59:51.834	486	1	2.730000	0.575000	-12.4840	-12.3380
01/07/19	10:59:52.045	487	1	2.741000	0.578000	-12.4960	-12.3520
01/07/19	10:59:52.253	488	1	2.741000	0.581000	-12.5100	-12.3900
01/07/19	10:59:52.428	489	1	2.753000	0.581000	-12.4810	-12.4130
01/07/19	10:59:52.641	490	1	2.780000	0.583000	-12.5070	-12.4010
01/07/19	10:59:52.854	491	1	2.782000	0.592000	-12.4960	-12.3980
01/07/19	10:59:53.065	492	1	2.782000	0.598000	-12.5010	-12.4100
01/07/19	10:59:53.221	493	1	2.801000	0.598000	-12.4900	-12.4100
01/07/19	10:59:53.428	494	1	2.830000	0.601000	-12.5010	-12.4270
01/07/19	10:59:53.641	495	1	2.830000	0.610000	-12.5130	-12.4420
01/07/19	10:59:53.845	496	1	2.840000	0.611000	-12.5010	-12.4100
01/07/19	10:59:54.054	497	1	2.860000	0.617000	-12.5190	-12.4530
01/07/19	10:59:54.221	498	1	2.872000	0.617000	-12.5040	-12.4390
01/07/19	10:59:54.438	499	1	2.872000	0.625000	-12.5070	-12.4620
01/07/19	10:59:54.649	500	1	2.893000	0.629000	-12.5220	-12.4500
01/07/19	10:59:54.856	501	1	2.911000	0.631000	-12.5040	-12.4530
01/07/19	10:59:55.028	502	1	2.936000	0.631000	-12.5300	-12.4270
01/07/19	10:59:55.234	503	1	2.936000	0.639000	-12.5010	-12.4500
01/07/19	10:59:55.448	504	1	2.941000	0.647000	-12.5330	-12.4650
01/07/19	10:59:55.660	505	1	2.968000	0.647000	-12.5590	-12.4670
01/07/19	10:59:55.820	506	1	2.973000	0.647000	-12.5560	-12.4880
01/07/19	10:59:56.030	507	1	2.973000	0.652000	-12.5850	-12.5110
01/07/19	10:59:56.237	508	1	2.988000	0.653000	-12.5880	-12.5220
01/07/19	10:59:56.447	509	1	3.004000	0.657000	-12.5820	-12.5390
01/07/19	10:59:56.653	510	1	3.021000	0.657000	-12.5990	-12.5190
01/07/19	10:59:56.820	511	1	3.021000	0.662000	-12.6140	-12.5570
01/07/19	10:59:57.032	512	1	3.030000	0.666000	-12.6020	-12.5800
01/07/19	10:59:57.247	513	1	3.056000	0.672000	-12.6370	-12.5770
01/07/19	10:59:57.459	514	1	3.060000	0.672000	-12.6570	-12.5770
01/07/19	10:59:57.629	515	1	3.060000	0.672000	-12.6650	-12.5970
01/07/19	10:59:57.841	516	1	3.064000	0.676000	-12.6940	-12.6490
01/07/19	10:59:58.051	517	1	3.078000	0.677000	-12.7140	-12.6520
01/07/19	10:59:58.258	518	1	3.087000	0.677000	-12.7370	-12.6660
01/07/19	10:59:58.419	519	1	3.087000	0.679000	-12.7490	-12.6800
01/07/19	10:59:58.629	520	1	3.091000	0.683000	-12.7520	-12.6890
01/07/19	10:59:58.837	521	1	3.115000	0.683000	-12.7810	-12.7180
01/07/19	10:59:59.044	522	1	3.118000	0.687000	-12.7920	-12.7410
01/07/19	10:59:59.250	523	1	3.129000	0.689000	-12.8210	-12.7700
01/07/19	10:59:59.421	524	1	3.129000	0.690000	-12.8380	-12.7730
01/07/19	10:59:59.635	525	1	3.140000	0.690000	-12.8700	-12.7980
01/07/19	10:59:59.846	526	1	3.141000	0.693000	-12.8900	-12.8160
01/07/19	11:00:00.055	527	1	3.141000	0.693000	-12.9160	-12.8420
01/07/19	11:00:00.226	528	1	3.146000	0.694000	-12.9360	-12.8590
01/07/19	11:00:00.437	529	1	3.158000	0.694000	-12.9850	-12.8820
01/07/19	11:00:00.647	530	1	3.152000	0.696000	-12.9760	-12.9190
01/07/19	11:00:00.860	531	1	3.152000	0.699000	-13.0050	-12.9280
01/07/19	11:00:01.072	532	1	3.169000	0.700000	-13.0510	-12.9830
01/07/19	11:00:01.224	533	1	3.168000	0.700000	-13.0480	-12.9680
01/07/19	11:00:01.436	534	1	3.185000	0.698000	-13.0650	-12.9880
01/07/19	11:00:01.644	535	1	3.185000	0.705000	-13.0830	-13.0200
01/07/19	11:00:01.861	536	1	3.192000	0.707000	-13.1260	-13.0430
01/07/19	11:00:02.022	537	1	3.197000	0.707000	-13.1340	-13.0690
01/07/19	11:00:02.237	538	1	3.208000	0.708000	-13.1370	-13.1030
01/07/19	11:00:02.454	539	1	3.208000	0.713000	-13.1860	-13.1120
01/07/19	11:00:02.664	540	1	3.223000	0.711000	-13.2060	-13.1470
01/07/19	11:00:02.829	541	1	3.222000	0.711000	-13.2320	-13.1320
01/07/19	11:00:03.041	542	1	3.225000	0.712000	-13.2750	-13.2070
01/07/19	11:00:03.247	543	1	3.225000	0.712000	-13.2640	-13.2040
01/07/19	11:00:03.459	544	1	3.224000	0.718000	-13.3270	-13.2330
01/07/19	11:00:03.670	545	1	3.233000	0.718000	-13.3270	-13.2590
01/07/19	11:00:03.823	546	1	3.246000	0.714000	-13.3590	-13.2880
01/07/19	11:00:04.034	547	1	3.246000	0.718000	-13.3700	-13.3080
01/07/19	11:00:04.243	548	1	3.248000	0.721000	-13.3930	-13.3250
01/07/19	11:00:04.461	549	1	3.266000	0.721000	-13.4420	-13.3420
01/07/19	11:00:04.624	550	1	3.261000	0.723000	-13.4740	-13.3740
01/07/19	11:00:04.837	551	1	3.261000	0.721000	-13.4710	-13.4060
01/07/19	11:00:05.045	552	1	3.263000	0.725000	-13.4770	-13.4340
01/07/19	11:00:05.258	553	1	3.288000	0.725000	-13.5260	-13.4630
01/07/19	11:00:05.429	554	1	3.284000	0.729000	-13.5460	-13.4720
01/07/19	11:00:05.642	555	1	3.284000	0.728000	-13.5860	-13.4860
01/07/19	11:00:05.848	556	1	3.289000	0.728000	-13.6120	-13.5120
01/07/19	11:00:06.060	557	1	3.293000	0.728000	-13.6440	-13.5410
01/07/19	11:00:06.220	558	1	3.296000	0.729000	-13.6350	-13.5840
01/07/19	11:00:06.428	559	1	3.296000	0.734000	-13.6640	-13.5950
01/07/19	11:00:06.636	560	1	3.313000	0.735000	-13.7160	-13.6130
01/07/19	11:00:06.842	561	1	3.307000	0.735000	-13.7100	-13.6420
01/07/19	11:00:07.050	562	1	3.325000	0.732000	-13.7470	-13.6590
01/07/19	11:00:07.275	563	1	3.327000	0.737000	-13.7590	-13.6960
01/07/19	11:00:07.422	564	1	3.327000	0.739000	-13.8050	-13.6960
01/07/19	11:00:07.630	565	1	3.330000	0.739000	-13.8190	-13.7420
01/07/19	11:00:07.845	566	1	3.339000	0.738000	-13.8310	-13.7600
01/07/19	11:00:08.052	567	1	3.339000	0.743000	-13.8600	-13.7770
01/07/19	11:00:08.265	568	1	3.350000	0.744000	-13.8830	-13.8080
01/07/19	11:00:08.429	569	1	3.357000	0.744000	-13.8940	-13.8340
01/07/19	11:00:08.646	570	1	3.369000	0.745000	-13.9370	-13.8750
01/07/19	11:00:08.851	571	1	3.369000	0.747000	-13.9600	-13.9060
01/07/19	11:00:09.060	572	1	3.368000	0.748000	-13.9810	-13.9090
01/07/19	11:00:09.221	573	1	3.374000	0.748000	-13.9920	-13.9290
01/07/19	11:00:09.428	574	1	3.386000	0.751000	-14.0380	-13.9440
01/07/19	11:00:09.636	575	1	3.386000	0.751000	-14.0670	-13.9700
01/07/19	11:00:09.843	576	1	3.383000	0.751000	-14.0870	-14.0040
01/07/19	11:00:10.050	577	1	3.393000	0.751000	-14.1100	-14.0470
01/07/19	11:00:10.257	578	1	3.398000	0.753000	-14.1360	-14.0760
01/07/19	11:00:10.422	579	1	3.398000	0.755000	-14.1590	-14.0470
01/07/19	11:00:10.636	580	1	3.403000	0.756000	-14.1930	-14.0960
01/07/19	11:00:10.844	581	1	3.408000	0.756000	-14.2020	-14.1190
01/07/19	11:00:11.053	582	1	3.418000	0.756000	-14.2570	-14.1540
01/07/19	11:00:11.258	583	1	3.418000	0.757000	-14.2570	-14.1710
01/07/19	11:00:11.433	584	1	3.412000	0.761000	-14.2800	-14.1970
01/07/19	11:00:11.643	585	1	3.430000	0.761000	-14.3090	-14.2290
01/07/19	11:00:11.851	586	1	3.435000	0.762000	-14.3200	-14.2490
01/07/19	11:00:12.060	587	1	3.435000	0.765000	-14.3550	-14.2720
01/07/19	11:00:12.270	588	1	3.444000	0.764000	-14.3890	-14.2980
01/07/19	11:00:12.422	589	1	3.443000	0.764000	-14.3860	-14.3060
01/07/19	11:00:12.631	590	1	3.460000	0.765000	-14.4210	-14.3260
01/07/19	11:00:12.845	591	1	3.460000	0.770000	-14.4410	-14.3780
01/07/19	11:00:13.051	592	1	3.462000	0.770000	-14.4610	-14.3780
01/07/19	11:00:13.259	593	1	3.473000	0.770000	-14.4900	-14.4330
01/07/19	11:00:13.427	594	1	3.477000	0.772000	-14.5240	-14.4500
01/07/19	11:00:13.634	595	1	3.477000	0.772000	-14.5450	-14.4760
01/07/19	11:00:13.850	596	1	3.476000	0.774000	-14.5730	-14.4900
01/07/19	11:00:14.058	597	1	3.487000	0.774000	-14.5990	-14.5160
01/07/19	11:00:14.229	598	1	3.492000	0.775000	-14.6140	-14.5420
01/07/19	11:00:14.441	599	1	3.492000	0.779000	-14.6480	-14.5650
01/07/19	11:00:14.650	600	1	3.500000	0.778000	-14.6570	-14.5770
01/07/19	11:00:14.859	601	1	3.510000	0.778000	-14.7030	-14.6170
01/07/19	11:00:15.019	602	1	3.505000	0.781000	-14.7030	-14.6400
01/07/19	11:00:15.237	603	1	3.505000	0.785000	-14.7430	-14.6490
01/07/19	11:00:15.458	604	1	3.523000	0.783000	-14.7720	-14.6980
01/07/19	11:00:15.656	605	1	3.522000	0.783000	-14.8010	-14.7210
01/07/19	11:00:15.821	606	1	3.526000	0.783000	-14.8290	-14.7240
01/07/19	11:00:16.034	607	1	3.526000	0.784000	-14.8440	-14.7670
01/07/19	11:00:16.248	608	1	3.528000	0.787000	-14.8700	-14.7750
01/07/19	11:00:16.456	609	1	3.542000	0.787000	-14.8750	-14.8010
01/07/19	11:00:16.629	610	1	3.553000	0.788000	-14.9010	-14.8420
01/07/19	11:00:16.836	611	1	3.553000	0.792000	-14.9300	-14.8390
01/07/19	11:00:17.049	612	1	3.557000	0.793000	-14.9730	-14.8820
01/07/19	11:00:17.263	613	1	3.559000	0.793000	-14.9700	-14.8790
01/07/19	11:00:17.422	614	1	3.572000	0.792000	-15.0050	-14.9080
01/07/19	11:00:17.628	615	1	3.572000	0.796000	-15.0190	-14.9420
01/07/19	11:00:17.843	616	1	3.575000	0.798000	-15.0570	-14.9800
01/07/19	11:00:18.042	617	1	3.583000	0.798000	-15.0600	-14.9830
01/07/19	11:00:18.249	618	1	3.596000	0.798000	-15.1000	-15.0230
01/07/19	11:00:18.456	619	1	3.596000	0.801000	-15.1460	-15.0400
01/07/19	11:00:18.619	620	1	3.596000	0.799000	-15.1340	-15.0660
01/07/19	11:00:18.829	621	1	3.609000	0.799000	-15.1980	-15.0950
01/07/19	11:00:19.043	622	1	3.598000	0.805000	-15.2010	-15.0950
01/07/19	11:00:19.257	623	1	3.598000	0.805000	-15.2320	-15.1610
01/07/19	11:00:19.432	624	1	3.613000	0.806000	-15.2500	-15.1550
01/07/19	11:00:19.637	625	1	3.620000	0.806000	-15.2810	-15.1810
01/07/19	11:00:19.849	626	1	3.623000	0.807000	-15.3130	-15.2360
01/07/19	11:00:20.057	627	1	3.623000	0.808000	-15.3190	-15.2500
01/07/19	11:00:20.221	628	1	3.628000	0.811000	-15.3440	-15.2730
01/07/19	11:00:20.428	629	1	3.640000	0.811000	-15.3880	-15.2850
01/07/19	11:00:20.654	630	1	3.639000	0.812000	-15.3960	-15.2880
01/07/19	11:00:20.866	631	1	3.639000	0.814000	-15.4110	-15.3450
01/07/19	11:00:21.025	632	1	3.650000	0.816000	-15.4250	-15.3420
01/07/19	11:00:21.234	633	1	3.667000	0.816000	-15.4710	-15.3850
01/07/19	11:00:21.443	634	1	3.662000	0.819000	-15.5090	-15.4230
01/07/19	11:00:21.653	635	1	3.662000	0.817000	-15.5400	-15.4310
01/07/19	11:00:21.861	636	1	3.663000	0.817000	-15.5460	-15.4690
01/07/19	11:00:22.027	637	1	3.674000	0.817000	-15.5630	-15.4770
01/07/19	11:00:22.241	638	1	3.682000	0.820000	-15.5750	-15.5120
01/07/19	11:00:22.449	639	1	3.682000	0.825000	-15.6090	-15.5290
01/07/19	11:00:22.654	640	1	3.693000	0.825000	-15.6550	-15.5380
01/07/19	11:00:22.826	641	1	3.689000	0.825000	-15.6640	-15.5700
01/07/19	11:00:23.027	642	1	3.700000	0.823000	-15.6810	-15.5980
01/07/19	11:00:23.236	643	1	3.700000	0.829000	-15.7160	-15.6270
01/07/19	11:00:23.443	644	1	3.710000	0.828000	-15.7390	-15.6410
01/07/19	11:00:23.668	645	1	3.715000	0.830000	-15.7650	-15.7020
01/07/19	11:00:23.824	646	1	3.719000	0.830000	-15.7790	-15.6990
01/07/19	11:00:24.033	647	1	3.719000	0.832000	-15.8110	-15.7160
01/07/19	11:00:24.240	648	1	3.727000	0.833000	-15.8370	-15.7390
01/07/19	11:00:24.448	649	1	3.732000	0.833000	-15.8710	-15.7680
01/07/19	11:00:24.662	650	1	3.733000	0.834000	-15.8850	-15.8000
01/07/19	11:00:24.828	651	1	3.733000	0.835000	-15.9030	-15.8080
01/07/19	11:00:25.042	652	1	3.741000	0.838000	-15.9200	-15.8400
01/07/19	11:00:25.252	653	1	3.755000	0.838000	-15.9200	-15.8630
01/07/19	11:00:25.463	654	1	3.773000	0.840000	-15.9830	-15.8830
01/07/19	11:00:25.621	655	1	3.773000	0.840000	-15.9980	-15.8920
01/07/19	11:00:25.828	656	1	3.761000	0.842000	-16.0180	-15.9260
01/07/19	11:00:26.054	657	1	3.776000	0.842000	-16.0700	-15.9720
01/07/19	11:00:26.257	658	1	3.771000	0.844000	-16.0780	-15.9750
01/07/19	11:00:26.478	659	1	3.782000	0.845000	-16.1010	-16.0210
01/07/19	11:00:26.624	660	1	3.782000	0.846000	-16.1190	-16.0330
01/07/19	11:00:26.832	661	1	3.792000	0.846000	-16.1330	-16.0620
01/07/19	11:00:27.044	662	1	3.801000	0.848000	-16.1620	-16.0930
01/07/19	11:00:27.254	663	1	3.801000	0.851000	-16.1850	-16.1110
01/07/19	11:00:27.460	664	1	3.805000	0.852000	-16.2020	-16.1110
01/07/19	11:00:27.628	665	1	3.817000	0.852000	-16.2370	-16.1450
01/07/19	11:00:27.842	666	1	3.817000	0.854000	-16.2650	-16.1620
01/07/19	11:00:28.048	667	1	3.817000	0.855000	-16.2940	-16.1850
01/07/19	11:00:28.260	668	1	3.821000	0.855000	-16.3110	-16.2140
01/07/19	11:00:28.425	669	1	3.829000	0.855000	-16.3290	-16.2370
01/07/19	11:00:28.632	670	1	3.837000	0.857000	-16.3630	-16.2630
01/07/19	11:00:28.839	671	1	3.837000	0.859000	-16.3800	-16.3000
01/07/19	11:00:29.049	672	1	3.839000	0.861000	-16.4180	-16.3260
01/07/19	11:00:29.258	673	1	3.847000	0.861000	-16.4440	-16.3550
01/07/19	11:00:29.424	674	1	3.851000	0.861000	-16.4560	-16.3410
01/07/19	11:00:29.634	675	1	3.851000	0.864000	-16.4880	-16.3810
01/07/19	11:00:29.841	676	1	3.859000	0.866000	-16.4910	-16.3950
01/07/19	11:00:30.055	677	1	3.874000	0.866000	-16.5290	-16.4270
01/07/19	11:00:30.227	678	1	3.875000	0.868000	-16.5440	-16.4300
01/07/19	11:00:30.440	679	1	3.875000	0.871000	-16.5760	-16.4920
01/07/19	11:00:30.649	680	1	3.884000	0.871000	-16.6200	-16.5090
01/07/19	11:00:30.858	681	1	3.882000	0.871000	-16.6200	-16.5240
01/07/19	11:00:31.020	682	1	3.896000	0.869000	-16.6380	-16.5390
01/07/19	11:00:31.229	683	1	3.896000	0.875000	-16.6820	-16.5860
01/07/19	11:00:31.436	684	1	3.903000	0.875000	-16.7000	-16.6030
01/07/19	11:00:31.643	685	1	3.908000	0.875000	-16.7080	-16.6390
01/07/19	11:00:31.849	686	1	3.920000	0.876000	-16.7410	-16.6650
01/07/19	11:00:32.057	687	1	3.920000	0.879000	-16.7760	-16.6710
01/07/19	11:00:32.224	688	1	3.921000	0.879000	-16.7990	-16.6970
01/07/19	11:00:32.435	689	1	3.926000	0.879000	-16.8340	-16.7270
01/07/19	11:00:32.643	690	1	3.927000	0.880000	-16.8320	-16.7620
01/07/19	11:00:32.853	691	1	3.927000	0.884000	-16.8780	-16.7710
01/07/19	11:00:33.063	692	1	3.940000	0.883000	-16.8900	-16.8140
01/07/19	11:00:33.229	693	1	3.946000	0.883000	-16.9170	-16.8200
01/07/19	11:00:33.441	694	1	3.951000	0.885000	-16.9250	-16.8350
01/07/19	11:00:33.649	695	1	3.951000	0.889000	-16.9610	-16.9050
01/07/19	11:00:33.866	696	1	3.961000	0.889000	-16.9960	-16.9080
01/07/19	11:00:34.025	697	1	3.964000	0.889000	-16.9990	-16.9460
01/07/19	11:00:34.248	698	1	3.976000	0.889000	-17.0400	-16.9580
01/07/19	11:00:34.449	699	1	3.976000	0.892000	-17.0400	-16.9930
01/07/19	11:00:34.654	700	1	3.977000	0.896000	-17.0900	-17.0170
01/07/19	11:00:34.825	701	1	3.984000	0.896000	-17.0980	-17.0200
01/07/19	11:00:35.029	702	1	3.993000	0.894000	-17.1310	-17.0340
01/07/19	11:00:35.238	703	1	3.993000	0.897000	-17.1750	-17.0760
01/07/19	11:00:35.451	704	1	3.996000	0.896000	-17.1950	-17.0870
01/07/19	11:00:35.662	705	1	3.998000	0.896000	-17.2040	-17.1280
01/07/19	11:00:35.828	706	1	4.012000	0.897000	-17.2300	-17.1430
01/07/19	11:00:36.037	707	1	4.012000	0.901000	-17.2540	-17.1780
01/07/19	11:00:36.249	708	1	4.013000	0.903000	-17.2710	-17.1960
01/07/19	11:00:36.465	709	1	4.027000	0.903000	-17.2920	-17.2250
01/07/19	11:00:36.619	710	1	4.030000	0.905000	-17.3270	-17.2570
01/07/19	11:00:36.828	711	1	4.030000	0.906000	-17.3570	-17.2630
01/07/19	11:00:37.037	712	1	4.031000	0.905000	-17.3710	-17.2810
01/07/19	11:00:37.244	713	1	4.043000	0.905000	-17.4180	-17.3040
01/07/19	11:00:37.458	714	1	4.037000	0.908000	-17.4330	-17.3450
01/07/19	11:00:37.623	715	1	4.037000	0.910000	-17.4390	-17.3540
01/07/19	11:00:37.839	716	1	4.048000	0.912000	-17.4770	-17.3840
01/07/19	11:00:38.046	717	1	4.056000	0.912000	-17.4910	-17.3980
01/07/19	11:00:38.260	718	1	4.068000	0.912000	-17.5320	-17.4300
01/07/19	11:00:38.432	719	1	4.068000	0.913000	-17.5320	-17.4450
01/07/19	11:00:38.639	720	1	4.065000	0.917000	-17.5500	-17.4740
01/07/19	11:00:38.851	721	1	4.085000	0.917000	-17.5850	-17.4950
01/07/19	11:00:39.067	722	1	4.087000	0.919000	-17.6180	-17.5130
01/07/19	11:00:39.223	723	1	4.087000	0.920000	-17.6180	-17.5540
01/07/19	11:00:39.434	724	1	4.089000	0.924000	-17.6350	-17.5740
01/07/19	11:00:39.643	725	1	4.109000	0.924000	-17.6940	-17.5740
01/07/19	11:00:39.852	726	1	4.101000	0.925000	-17.7080	-17.6180
01/07/19	11:00:40.020	727	1	4.101000	0.924000	-17.7230	-17.6180
01/07/19	11:00:40.236	728	1	4.109000	0.927000	-17.7550	-17.6860
01/07/19	11:00:40.445	729	1	4.121000	0.927000	-17.7760	-17.6940
01/07/19	11:00:40.660	730	1	4.125000	0.927000	-17.8110	-17.7180
01/07/19	11:00:40.828	731	1	4.125000	0.929000	-17.8230	-17.7440
01/07/19	11:00:41.043	732	1	4.126000	0.931000	-17.8580	-17.7620
01/07/19	11:00:41.247	733	1	4.136000	0.931000	-17.8670	-17.7790
01/07/19	11:00:41.462	734	1	4.149000	0.931000	-17.8870	-17.8090
01/07/19	11:00:41.621	735	1	4.149000	0.935000	-17.9400	-17.8230
01/07/19	11:00:41.836	736	1	4.153000	0.934000	-17.9550	-17.8590
01/07/19	11:00:42.037	737	1	4.154000	0.934000	-17.9690	-17.8910
01/07/19	11:00:42.254	738	1	4.165000	0.936000	-18.0080	-17.9080
01/07/19	11:00:42.456	739	1	4.165000	0.937000	-18.0250	-17.9200
01/07/19	11:00:42.621	740	1	4.163000	0.939000	-18.0220	-17.9350
01/07/19	11:00:42.835	741	1	4.186000	0.939000	-18.0570	-17.9700
01/07/19	11:00:43.050	742	1	4.184000	0.944000	-18.0990	-17.9970
01/07/19	11:00:43.257	743	1	4.184000	0.942000	-18.0930	-18.0140
01/07/19	11:00:43.429	744	1	4.182000	0.947000	-18.1130	-18.0320
01/07/19	11:00:43.642	745	1	4.207000	0.947000	-18.1480	-18.0730
01/07/19	11:00:43.855	746	1	4.208000	0.949000	-18.1480	-18.0930
01/07/19	11:00:44.067	747	1	4.208000	0.953000	-18.2010	-18.1110
01/07/19	11:00:44.224	748	1	4.223000	0.951000	-18.2100	-18.1400
01/07/19	11:00:44.436	749	1	4.227000	0.951000	-18.2600	-18.1400
01/07/19	11:00:44.646	750	1	4.223000	0.954000	-18.2630	-18.1900
01/07/19	11:00:44.854	751	1	4.223000	0.955000	-18.2830	-18.2050
01/07/19	11:00:45.022	752	1	4.234000	0.957000	-18.3100	-18.2310
01/07/19	11:00:45.234	753	1	4.244000	0.957000	-18.3630	-18.2600
01/07/19	11:00:45.443	754	1	4.236000	0.958000	-18.3480	-18.2490
01/07/19	11:00:45.650	755	1	4.236000	0.961000	-18.3830	-18.2870
01/07/19	11:00:45.858	756	1	4.256000	0.961000	-18.4040	-18.3070
01/07/19	11:00:46.029	757	1	4.264000	0.961000	-18.4070	-18.3480
01/07/19	11:00:46.242	758	1	4.279000	0.963000	-18.4710	-18.3720
01/07/19	11:00:46.451	759	1	4.279000	0.963000	-18.4560	-18.4010
01/07/19	11:00:46.664	760	1	4.267000	0.968000	-18.4890	-18.4160
01/07/19	11:00:46.822	761	1	4.288000	0.968000	-18.5180	-18.4340
01/07/19	11:00:47.031	762	1	4.290000	0.969000	-18.5680	-18.4780
01/07/19	11:00:47.239	763	1	4.290000	0.967000	-18.5710	-18.4890
01/07/19	11:00:47.450	764	1	4.284000	0.971000	-18.5970	-18.5360
01/07/19	11:00:47.663	765	1	4.301000	0.971000	-18.6470	-18.5510
01/07/19	11:00:47.821	766	1	4.297000	0.972000	-18.6320	-18.5600
01/07/19	11:00:48.036	767	1	4.297000	0.976000	-18.6530	-18.5860
01/07/19	11:00:48.249	768	1	4.317000	0.978000	-18.6940	-18.6120
01/07/19	11:00:48.460	769	1	4.321000	0.978000	-18.6970	-18.6210
01/07/19	11:00:48.634	770	1	4.336000	0.977000	-18.7410	-18.6390
01/07/19	11:00:48.842	771	1	4.336000	0.979000	-18.7500	-18.6740
01/07/19	11:00:49.055	772	1	4.331000	0.982000	-18.7880	-18.6860
01/07/19	11:00:49.262	773	1	4.342000	0.982000	-18.8110	-18.7270
01/07/19	11:00:49.423	774	1	4.346000	0.982000	-18.8350	-18.7530
01/07/19	11:00:49.640	775	1	4.346000	0.984000	-18.8610	-18.7770
01/07/19	11:00:49.862	776	1	4.351000	0.985000	-18.8640	-18.8030
01/07/19	11:00:50.066	777	1	4.367000	0.989000	-18.8820	-18.8240
01/07/19	11:00:50.225	778	1	4.376000	0.989000	-18.9370	-18.8240
01/07/19	11:00:50.434	779	1	4.376000	0.988000	-18.9490	-18.8560
01/07/19	11:00:50.647	780	1	4.369000	0.991000	-18.9730	-18.8790
01/07/19	11:00:50.860	781	1	4.383000	0.991000	-18.9750	-18.9200
01/07/19	11:00:51.026	782	1	4.397000	0.992000	-19.0140	-18.9060
01/07/19	11:00:51.236	783	1	4.397000	0.995000	-19.0280	-18.9610
01/07/19	11:00:51.449	784	1	4.394000	0.998000	-19.0520	-18.9670
01/07/19	11:00:51.660	785	1	4.410000	0.998000	-19.0690	-19.0080
01/07/19	11:00:51.868	786	1	4.418000	0.999000	-19.1020	-19.0110
01/07/19	11:00:52.021	787	1	4.418000	1.001000	-19.1460	-19.0470
01/07/19	11:00:52.234	788	1	4.419000	1.000000	-19.1510	-19.0760
01/07/19	11:00:52.444	789	1	4.426000	1.000000	-19.1870	-19.1080
01/07/19	11:00:52.653	790	1	4.428000	1.003000	-19.1900	-19.1170
01/07/19	11:00:52.822	791	1	4.428000	1.007000	-19.2130	-19.1290
01/07/19	11:00:53.037	792	1	4.443000	1.008000	-19.2310	-19.1900
01/07/19	11:00:53.242	793	1	4.455000	1.008000	-19.2830	-19.1780
01/07/19	11:00:53.456	794	1	4.449000	1.009000	-19.3010	-19.1990
01/07/19	11:00:53.627	795	1	4.449000	1.009000	-19.3130	-19.2370
01/07/19	11:00:53.836	796	1	4.456000	1.012000	-19.3450	-19.2720
01/07/19	11:00:54.049	797	1	4.463000	1.012000	-19.3570	-19.2870
01/07/19	11:00:54.262	798	1	4.475000	1.012000	-19.3830	-19.3020
01/07/19	11:00:54.421	799	1	4.475000	1.016000	-19.4420	-19.3190
01/07/19	11:00:54.634	800	1	4.479000	1.012000	-19.4270	-19.3460
01/07/19	11:00:54.837	801	1	4.490000	1.012000	-19.4450	-19.3690
01/07/19	11:00:55.046	802	1	4.497000	1.018000	-19.4920	-19.3840
01/07/19	11:00:55.258	803	1	4.497000	1.018000	-19.5090	-19.4160
01/07/19	11:00:55.423	804	1	4.493000	1.021000	-19.5330	-19.4420
01/07/19	11:00:55.633	805	1	4.503000	1.021000	-19.5440	-19.4720
01/07/19	11:00:55.848	806	1	1.255000	1.021000	-19.5560	-19.4860
01/07/19	11:00:56.062	807	1	1.255000	-0.021000	-19.4540	-19.3720
01/07/19	11:00:56.227	808	1	1.141000	-0.021000	-19.2750	-19.1900
01/07/19	11:00:56.439	809	1	1.062000	-0.021000	-18.9230	-18.8760
01/07/19	11:00:56.650	810	1	1.001000	-0.022000	-18.5410	-18.5540
01/07/19	11:00:56.864	811	1	1.001000	-0.022000	-18.1370	-18.1700
01/07/19	11:00:57.023	812	1	0.953000	-0.021000	-17.8110	-17.8730
01/07/19	11:00:57.235	813	1	0.913000	-0.021000	-17.3920	-17.5040
01/07/19	11:00:57.442	814	1	0.878000	-0.021000	-16.9720	-17.0900
01/07/19	11:00:57.650	815	1	0.878000	-0.021000	-16.5500	-16.6910
01/07/19	11:00:57.866	816	1	0.848000	-0.022000	-16.1070	-16.3000
01/07/19	11:00:58.021	817	1	0.832000	-0.022000	-15.8140	-16.0130
01/07/19	11:00:58.235	818	1	0.806000	-0.025000	-15.4110	-15.6270
01/07/19	11:00:58.445	819	1	0.806000	-0.025000	-14.9880	-15.2300
01/07/19	11:00:58.653	820	1	0.783000	-0.025000	-14.5960	-14.8470
01/07/19	11:00:58.864	821	1	0.762000	-0.025000	-14.1790	-14.4730
01/07/19	11:00:59.029	822	1	0.741000	-0.025000	-13.8910	-14.1710
01/07/19	11:00:59.244	823	1	0.741000	-0.025000	-13.5170	-13.7880
01/07/19	11:00:59.449	824	1	0.720000	-0.025000	-13.1370	-13.4110
01/07/19	11:00:59.668	825	1	0.699000	-0.025000	-12.7400	-13.0460
01/07/19	11:00:59.824	826	1	0.699000	-0.025000	-12.4780	-12.7610
01/07/19	11:01:00.040	827	1	0.680000	-0.025000	-12.1010	-12.3960
01/07/19	11:01:00.253	828	1	0.662000	-0.025000	-11.7390	-12.0440
01/07/19	11:01:00.456	829	1	0.645000	-0.025000	-11.4050	-11.7050
01/07/19	11:01:00.626	830	1	0.645000	-0.025000	-11.1580	-11.4290
01/07/19	11:01:00.833	831	1	0.629000	-0.025000	-10.8070	-11.1030
01/07/19	11:01:01.040	832	1	0.612000	-0.025000	-10.4760	-10.7870
01/07/19	11:01:01.255	833	1	0.598000	-0.025000	-10.1680	-10.4820
01/07/19	11:01:01.428	834	1	0.598000	-0.025000	-9.9170	-10.2000
01/07/19	11:01:01.641	835	1	0.582000	-0.025000	-9.6180	-9.8920
01/07/19	11:01:01.849	836	1	0.568000	-0.025000	-9.3150	-9.5960
01/07/19	11:01:02.059	837	1	0.554000	-0.025000	-9.0230	-9.3070
01/07/19	11:01:02.225	838	1	0.554000	-0.025000	-8.7990	-9.0610
01/07/19	11:01:02.429	839	1	0.540000	-0.025000	-8.5330	-8.7720
01/07/19	11:01:02.650	840	1	0.527000	-0.025000	-8.2440	-8.5050
01/07/19	11:01:02.849	841	1	0.514000	-0.025000	-8.0000	-8.2530
01/07/19	11:01:03.070	842	1	0.502000	-0.025000	-7.7280	-7.9890
01/07/19	11:01:03.221	843	1	0.502000	-0.025000	-7.5330	-7.7850
01/07/19	11:01:03.433	844	1	0.490000	-0.025000	-7.3030	-7.5360
01/07/19	11:01:03.639	845	1	0.478000	-0.025000	-7.0370	-7.2870
01/07/19	11:01:03.846	846	1	0.467000	-0.025000	-6.8010	-7.0400
01/07/19	11:01:04.054	847	1	0.467000	-0.025000	-6.5610	-6.7940
01/07/19	11:01:04.267	848	1	0.456000	-0.025000	-6.3420	-6.5580
01/07/19	11:01:04.428	849	1	0.444000	-0.025000	-6.1890	-6.3880
01/07/19	11:01:04.634	850	1	0.434000	-0.025000	-5.9600	-6.1760
01/07/19	11:01:04.843	851	1	0.434000	-0.025000	-5.7270	-5.9520
01/07/19	11:01:05.053	852	1	0.424000	-0.025000	-5.5060	-5.7280
01/07/19	11:01:05.253	853	1	0.414000	-0.025000	-5.3050	-5.5380
01/07/19	11:01:05.425	854	1	0.414000	-0.025000	-5.1490	-5.3770
01/07/19	11:01:05.637	855	1	0.404000	-0.025000	-4.9570	-5.1560
01/07/19	11:01:05.843	856	1	0.394000	-0.025000	-4.7840	-4.9430
01/07/19	11:01:06.055	857	1	0.385000	-0.025000	-4.5770	-4.7790
01/07/19	11:01:06.263	858	1	0.376000	-0.025000	-4.3760	-4.5950
01/07/19	11:01:06.428	859	1	0.376000	-0.025000	-4.2430	-4.4470
01/07/19	11:01:06.641	860	1	0.367000	-0.025000	-4.0700	-4.2520
01/07/19	11:01:06.853	861	1	0.359000	-0.025000	-3.8910	-4.0670
01/07/19	11:01:07.064	862	1	0.350000	-0.025000	-3.6960	-3.8950
01/07/19	11:01:07.225	863	1	0.350000	-0.025000	-3.5770	-3.7560
01/07/19	11:01:07.430	864	1	0.342000	-0.025000	-3.4120	-3.6060
01/07/19	11:01:07.651	865	1	0.334000	-0.025000	-3.2370	-3.4350
01/07/19	11:01:07.851	866	1	0.326000	-0.025000	-3.0720	-3.2630
01/07/19	11:01:08.021	867	1	0.326000	-0.025000	-2.9810	-3.1610
01/07/19	11:01:08.229	868	1	0.319000	-0.025000	-2.8060	-2.9760
01/07/19	11:01:08.446	869	1	0.311000	-0.025000	-2.6670	-2.8460
01/07/19	11:01:08.658	870	1	0.304000	-0.025000	-2.4980	-2.6680
01/07/19	11:01:08.829	871	1	0.304000	-0.025000	-2.3910	-2.5570
01/07/19	11:01:09.042	872	1	0.297000	-0.025000	-2.2370	-2.4120
01/07/19	11:01:09.249	873	1	0.290000	-0.025000	-2.1310	-2.2800
01/07/19	11:01:09.459	874	1	0.284000	-0.025000	-1.9960	-2.1570
01/07/19	11:01:09.624	875	1	0.284000	-0.025000	-1.8730	-2.0360
01/07/19	11:01:09.830	876	1	0.277000	-0.025000	-1.7550	-1.9130
01/07/19	11:01:10.050	877	1	0.271000	-0.025000	-1.6240	-1.7840
01/07/19	11:01:10.256	878	1	0.264000	-0.025000	-1.5170	-1.6890
01/07/19	11:01:10.466	879	1	0.264000	-0.025000	-1.3770	-1.5350
01/07/19	11:01:10.625	880	1	0.259000	-0.025000	-1.2930	-1.4390
01/07/19	11:01:10.835	881	1	0.253000	-0.025000	-1.1610	-1.3240
01/07/19	11:01:11.044	882	1	0.247000	-0.025000	-1.0580	-1.2040
01/07/19	11:01:11.259	883	1	0.247000	-0.025000	-0.9680	-1.0890
01/07/19	11:01:11.427	884	1	0.242000	-0.025000	-0.8950	-1.0530
01/07/19	11:01:11.640	885	1	0.236000	-0.025000	-0.7780	-0.9430
01/07/19	11:01:11.844	886	1	0.232000	-0.025000	-0.6910	-0.8200
01/07/19	11:01:12.056	887	1	0.232000	-0.025000	-0.5790	-0.7390
01/07/19	11:01:12.222	888	1	0.227000	-0.025000	-0.5000	-0.6600
01/07/19	11:01:12.429	889	1	0.222000	-0.025000	-0.4130	-0.5760
01/07/19	11:01:12.650	890	1	0.218000	-0.025000	-0.3120	-0.4890
01/07/19	11:01:12.850	891	1	0.218000	-0.025000	-0.2480	-0.3970
01/07/19	11:01:13.070	892	1	0.213000	-0.025000	-0.1690	-0.3100
01/07/19	11:01:13.221	893	1	0.208000	-0.025000	-0.1050	-0.2820
01/07/19	11:01:13.431	894	1	0.204000	-0.025000	-0.0460	-0.2040
01/07/19	11:01:13.644	895	1	0.204000	-0.025000	0.0150	-0.1200
01/07/19	11:01:13.851	896	1	0.200000	-0.025000	0.1000	-0.0830
01/07/19	11:01:14.064	897	1	0.195000	-0.025000	0.1250	-0.0240
01/07/19	11:01:14.228	898	1	0.195000	-0.025000	0.1700	0.0040
01/07/19	11:01:14.438	899	1	0.192000	-0.025000	0.2400	0.0650
01/07/19	11:01:14.650	900	1	0.188000	-0.025000	0.2590	0.1470
01/07/19	11:01:14.861	901	1	0.185000	-0.025000	0.3040	0.1610
01/07/19	11:01:15.021	902	1	0.185000	-0.025000	0.3350	0.1910
01/07/19	11:01:15.228	903	1	0.182000	-0.025000	0.3850	0.2170
01/07/19	11:01:15.441	904	1	0.180000	-0.025000	0.4050	0.2560
01/07/19	11:01:15.648	905	1	0.176000	-0.025000	0.4530	0.3090
01/07/19	11:01:15.855	906	1	0.174000	-0.025000	0.4950	0.3290
01/07/19	11:01:16.022	907	1	0.174000	-0.025000	0.5090	0.3510
01/07/19	11:01:16.236	908	1	0.172000	-0.025000	0.5650	0.4020
01/07/19	11:01:16.448	909	1	0.170000	-0.025000	0.6010	0.4440
01/07/19	11:01:16.662	910	1	0.167000	-0.025000	0.6570	0.4830
01/07/19	11:01:16.828	911	1	0.167000	-0.025000	0.7050	0.5140
01/07/19	11:01:17.039	912	1	0.165000	-0.025000	0.7270	0.5560
01/07/19	11:01:17.251	913	1	0.162000	-0.025000	0.7640	0.5950
01/07/19	11:01:17.463	914	1	0.159000	-0.025000	0.8340	0.6170
01/07/19	11:01:17.668	915	1	0.159000	-0.025000	0.8640	0.6540
01/07/19	11:01:17.824	916	1	0.157000	-0.025000	0.8870	0.6820
01/07/19	11:01:18.035	917	1	0.154000	-0.025000	0.9680	0.6990
01/07/19	11:01:18.244	918	1	0.152000	-0.025000	0.9710	0.7410
01/07/19	11:01:18.454	919	1	0.152000	-0.025000	1.0270	0.7740
01/07/19	11:01:18.622	920	1	0.149000	-0.025000	1.0440	0.8220
01/07/19	11:01:18.833	921	1	0.146000	-0.025000	1.0940	0.8440
01/07/19	11:01:19.041	922	1	0.144000	-0.025000	1.1280	0.8580
01/07/19	11:01:19.244	923	1	0.144000	-0.025000	1.1610	0.9030
01/07/19	11:01:19.458	924	1	0.140000	-0.025000	1.1870	0.9120
01/07/19	11:01:19.629	925	1	0.137000	-0.025000	1.2180	0.9560
01/07/19	11:01:19.837	926	1	0.135000	-0.025000	1.2740	0.9790
01/07/19	11:01:20.050	927	1	0.135000	-0.025000	1.2930	1.0320
01/07/19	11:01:20.257	928	1	0.132000	-0.025000	1.3440	1.0430
01/07/19	11:01:20.464	929	1	0.130000	-0.025000	1.3580	1.0630
01/07/19	11:01:20.621	930	1	0.130000	-0.025000	1.3740	1.0820
01/07/19	11:01:20.828	931	1	0.127000	-0.025000	1.4140	1.1100
01/07/19	11:01:21.047	932	1	0.124000	-0.025000	1.4360	1.1550
01/07/19	11:01:21.254	933	1	0.121000	-0.025000	1.4840	1.1580
01/07/19	11:01:21.427	934	1	0.121000	-0.025000	1.4950	1.2000
01/07/19	11:01:21.634	935	1	0.119000	-0.025000	1.5540	1.2170
01/07/19	11:01:21.839	936	1	0.117000	-0.025000	1.5760	1.2450
01/07/19	11:01:22.050	937	1	0.115000	-0.025000	1.5900	1.2730
01/07/19	11:01:22.259	938	1	0.112000	-0.025000	1.6150	1.2870
01/07/19	11:01:22.435	939	1	0.112000	-0.025000	1.6520	1.3120
01/07/19	11:01:22.643	940	1	0.110000	-0.025000	1.6940	1.3400
01/07/19	11:01:22.855	941	1	0.107000	-0.025000	1.7080	1.3710
01/07/19	11:01:23.063	942	1	0.105000	-0.025000	1.7330	1.3740
01/07/19	11:01:23.225	943	1	0.105000	-0.025000	1.7500	1.4130
01/07/19	11:01:23.440	944	1	0.103000	-0.025000	1.7670	1.4300
01/07/19	11:01:23.652	945	1	0.101000	-0.025000	1.8260	1.4470
01/07/19	11:01:23.860	946	1	0.099000	-0.025000	1.8510	1.4750
01/07/19	11:01:24.029	947	1	0.099000	-0.025000	1.8480	1.4890
01/07/19	11:01:24.238	948	1	0.097000	-0.025000	1.8730	1.4940
01/07/19	11:01:24.449	949	1	0.094000	-0.025000	1.9120	1.5360
01/07/19	11:01:24.666	950	1	0.092000	-0.025000	1.9290	1.5760
01/07/19	11:01:24.822	951	1	0.092000	-0.025000	1.9570	1.5870
01/07/19	11:01:25.043	952	1	0.090000	-0.025000	1.9740	1.5980
01/07/19	11:01:25.239	953	1	0.088000	-0.025000	2.0020	1.6260
01/07/19	11:01:25.449	954	1	0.086000	-0.025000	2.0410	1.6400
01/07/19	11:01:25.668	955	1	0.086000	-0.025000	2.0580	1.6620
01/07/19	11:01:25.825	956	1	0.084000	-0.025000	2.0670	1.6960
01/07/19	11:01:26.034	957	1	0.083000	-0.025000	2.1060	1.7070
01/07/19	11:01:26.244	958	1	0.080000	-0.025000	2.1340	1.7330
01/07/19	11:01:26.451	959	1	0.080000	-0.025000	2.1450	1.7580
01/07/19	11:01:26.664	960	1	0.079000	-0.025000	2.1730	1.7860
01/07/19	11:01:26.829	961	1	0.077000	-0.025000	2.1900	1.7750
01/07/19	11:01:27.042	962	1	0.075000	-0.025000	2.2180	1.8190
01/07/19	11:01:27.253	963	1	0.075000	-0.025000	2.2400	1.8330
01/07/19	11:01:27.469	964	1	0.073000	-0.025000	2.2650	1.8500
01/07/19	11:01:27.624	965	1	0.072000	-0.025000	2.2960	1.8610
01/07/19	11:01:27.836	966	1	0.070000	-0.025000	2.3190	1.8920
01/07/19	11:01:28.046	967	1	0.070000	-0.025000	2.3440	1.9120
01/07/19	11:01:28.258	968	1	0.069000	-0.025000	2.3550	1.9230
01/07/19	11:01:28.424	969	1	0.067000	-0.025000	2.3640	1.9370
01/07/19	11:01:28.633	970	1	0.066000	-0.025000	2.3920	1.9590
01/07/19	11:01:28.848	971	1	0.066000	-0.025000	2.4220	1.9710
01/07/19	11:01:29.061	972	1	0.063000	-0.025000	2.4310	1.9990
01/07/19	11:01:29.227	973	1	0.062000	-0.025000	2.4420	2.0040
01/07/19	11:01:29.440	974	1	0.061000	-0.025000	2.4670	2.0350
01/07/19	11:01:29.649	975	1	0.061000	-0.025000	2.4870	2.0520
01/07/19	11:01:29.861	976	1	0.059000	-0.025000	2.5320	2.0720
01/07/19	11:01:30.068	977	1	0.058000	-0.025000	2.5600	2.0970
01/07/19	11:01:30.222	978	1	0.058000	-0.025000	2.5460	2.1050
01/07/19	11:01:30.434	979	1	0.056000	-0.025000	2.5820	2.1300
01/07/19	11:01:30.642	980	1	0.055000	-0.025000	2.6100	2.1530
01/07/19	11:01:30.851	981	1	0.053000	-0.025000	2.6190	2.1500
01/07/19	11:01:31.067	982	1	0.051000	-0.025000	2.6330	2.1720
01/07/19	11:01:31.223	983	1	0.051000	-0.025000	2.6660	2.1950
01/07/19	11:01:31.439	984	1	0.051000	-0.025000	2.6910	2.2090
01/07/19	11:01:31.646	985	1	0.049000	-0.025000	2.6910	2.2260
01/07/19	11:01:31.860	986	1	0.048000	-0.025000	2.7030	2.2570
01/07/19	11:01:32.026	987	1	0.048000	-0.025000	2.7330	2.2540
01/07/19	11:01:32.240	988	1	0.047000	-0.025000	2.7470	2.2700
01/07/19	11:01:32.447	989	1	0.046000	-0.025000	2.7750	2.2900
01/07/19	11:01:32.657	990	1	0.044000	-0.025000	2.8010	2.2990
01/07/19	11:01:32.821	991	1	0.044000	-0.025000	2.7810	2.3070
01/07/19	11:01:33.029	992	1	0.043000	-0.025000	2.8340	2.3430
01/07/19	11:01:33.237	993	1	0.042000	-0.025000	2.8340	2.3490
01/07/19	11:01:33.443	994	1	0.040000	-0.025000	2.8570	2.3830
01/07/19	11:01:33.657	995	1	0.040000	-0.025000	2.8620	2.4020
01/07/19	11:01:33.821	996	1	0.040000	-0.025000	2.9020	2.4020
01/07/19	11:01:34.029	997	1	0.039000	-0.025000	2.9210	2.4160
01/07/19	11:01:34.242	998	1	0.037000	-0.025000	2.9490	2.4500
01/07/19	11:01:34.452	999	1	0.037000	-0.025000	2.9550	2.4610
01/07/19	11:01:34.661	1000	1	0.036000	-0.025000	2.9630	2.4750
01/07/19	11:01:34.832	1001	1	0.035000	-0.025000	2.9800	2.4950
01/07/19	11:01:35.043	1002	1	0.034000	-0.025000	3.0050	2.5030
01/07/19	11:01:35.253	1003	1	0.034000	-0.025000	3.0140	2.5230
01/07/19	11:01:35.468	1004	1	0.033000	-0.025000	3.0500	2.5400
01/07/19	11:01:35.624	1005	1	0.031000	-0.025000	3.0700	2.5370
01/07/19	11:01:35.835	1006	1	0.031000	-0.025000	3.0610	2.5620
01/07/19	11:01:36.044	1007	1	0.031000	-0.025000	3.0950	2.5840
01/07/19	11:01:36.252	1008	1	0.030000	-0.025000	3.1030	2.6010
01/07/19	11:01:36.425	1009	1	0.029000	-0.025000	3.0980	2.6100
01/07/19	11:01:36.634	1010	1	0.028000	-0.025000	3.1370	2.6210
01/07/19	11:01:36.847	1011	1	0.028000	-0.025000	3.1650	2.6400
01/07/19	11:01:37.060	1012	1	0.027000	-0.025000	3.1710	2.6490
01/07/19	11:01:37.229	1013	1	0.026000	-0.025000	3.1590	2.6520
01/07/19	11:01:37.440	1014	1	0.024000	-0.025000	3.1760	2.6800
01/07/19	11:01:37.646	1015	1	0.024000	-0.025000	3.2010	2.6940
01/07/19	11:01:37.859	1016	1	0.024000	-0.025000	3.2070	2.7190
01/07/19	11:01:38.019	1017	1	0.023000	-0.025000	3.2490	2.7220
01/07/19	11:01:38.227	1018	1	0.022000	-0.025000	3.2570	2.7240
01/07/19	11:01:38.435	1019	1	0.022000	-0.025000	3.2850	2.7440
01/07/19	11:01:38.655	1020	1	0.020000	-0.025000	3.2740	2.7470
01/07/19	11:01:38.858	1021	1	0.020000	-0.025000	3.2940	2.7520
01/07/19	11:01:39.025	1022	1	0.020000	-0.025000	3.2970	2.7750
01/07/19	11:01:39.234	1023	1	0.019000	-0.025000	3.3110	2.7750
01/07/19	11:01:39.443	1024	1	0.018000	-0.025000	3.3130	2.7920
01/07/19	11:01:39.647	1025	1	0.018000	-0.025000	3.3130	2.7940
01/07/19	11:01:39.859	1026	1	0.016000	-0.025000	3.3300	2.8140
01/07/19	11:01:40.034	1027	1	0.016000	-0.025000	3.3580	2.8170
01/07/19	11:01:40.242	1028	1	0.016000	-0.025000	3.3670	2.8250
01/07/19	11:01:40.452	1029	1	0.015000	-0.025000	3.3690	2.8280
01/07/19	11:01:40.668	1030	1	0.014000	-0.025000	3.3810	2.8200
01/07/19	11:01:40.821	1031	1	0.014000	-0.025000	3.4030	2.8480
01/07/19	11:01:41.028	1032	1	0.013000	-0.025000	3.3920	2.8480
01/07/19	11:01:41.254	1033	1	0.013000	-0.025000	3.4310	2.8510
01/07/19	11:01:41.456	1034	1	0.011000	-0.025000	3.4370	2.8730
01/07/19	11:01:41.666	1035	1	0.011000	-0.025000	3.4370	2.8790
01/07/19	11:01:41.825	1036	1	0.011000	-0.025000	3.4400	2.8870
01/07/19	11:01:42.032	1037	1	0.010000	-0.025000	3.4620	2.9040
01/07/19	11:01:42.243	1038	1	0.010000	-0.025000	3.4650	2.8980
01/07/19	11:01:42.450	1039	1	0.010000	-0.025000	3.5010	2.9180
01/07/19	11:01:42.661	1040	1	0.009000	-0.025000	3.4790	2.9010
01/07/19	11:01:42.828	1041	1	0.008000	-0.025000	3.5210	2.9460
01/07/19	11:01:43.041	1042	1	0.007000	-0.025000	3.5460	2.9230
01/07/19	11:01:43.252	1043	1	0.007000	-0.025000	3.5320	2.9570
01/07/19	11:01:43.466	1044	1	0.007000	-0.025000	3.5380	2.9710
01/07/19	11:01:43.626	1045	1	0.006000	-0.025000	3.5430	2.9430
01/07/19	11:01:43.833	1046	1	0.006000	-0.025000	3.5770	2.9820
01/07/19	11:01:44.041	1047	1	0.006000	-0.025000	3.5770	2.9650
01/07/19	11:01:44.251	1048	1	0.005000	-0.025000	3.5940	2.9910
01/07/19	11:01:44.460	1049	1	0.004000	-0.025000	3.6050	3.0020
01/07/19	11:01:44.622	1050	1	0.004000	-0.025000	3.5910	2.9910
01/07/19	11:01:44.834	1051	1	0.003000	-0.025000	3.6190	2.9960
01/07/19	11:01:45.046	1052	1	0.002000	-0.025000	3.6220	3.0270
01/07/19	11:01:45.254	1053	1	0.002000	-0.025000	3.6300	3.0130
01/07/19	11:01:45.427	1054	1	0.001000	-0.025000	3.6240	3.0270
01/07/19	11:01:45.642	1055	1	0.001000	-0.025000	3.6580	3.0270
01/07/19	11:01:45.849	1056	1	0.000000	-0.022000	3.6410	3.0210
01/07/19	11:01:46.059	1057	1	0.000000	-0.022000	3.6550	3.0350
01/07/19	11:01:46.272	1058	1	0.000000	-0.014000	3.6610	3.0490
01/07/19	11:01:46.424	1059	1	0.000000	-0.006000	3.6780	3.0800
01/07/19	11:01:46.635	1060	1	0.000000	-0.005000	3.7030	3.0750
01/07/19	11:01:46.853	1061	1	-0.001000	-0.005000	3.7060	3.0970
01/07/19	11:01:47.021	1062	1	-0.001000	-0.005000	3.6890	3.1080
