01/07/19	12:05:20.471	C:\Icing\LabView_vi\Icing_2TC_FP_v2.0.vi
Dt (s):		0.200000

Date	Time	# meas	# cycle	V	I	Temp1	Temp2

01/07/19	12:07:17.629	1	0	-0.002000	0.003000	6.0560	6.0450
01/07/19	12:07:17.820	2	0	-0.001000	0.003000	6.0480	6.0450
01/07/19	12:07:18.028	3	0	-0.001000	0.002000	6.0510	6.0340
01/07/19	12:07:18.241	4	0	-0.001000	0.003000	6.0370	6.0450
01/07/19	12:07:18.451	5	0	-0.001000	0.003000	6.0340	6.0420
01/07/19	12:07:18.659	6	0	-0.001000	0.003000	6.0230	6.0390
01/07/19	12:07:18.825	7	0	-0.001000	0.003000	6.0310	6.0420
01/07/19	12:07:19.033	8	0	-0.001000	0.003000	6.0310	6.0360
01/07/19	12:07:19.244	9	0	0.000000	0.003000	6.0370	6.0200
01/07/19	12:07:19.451	10	0	-0.001000	0.003000	6.0400	6.0390
01/07/19	12:07:19.658	11	0	-0.001000	0.003000	6.0310	6.0390
01/07/19	12:07:19.829	12	0	-0.001000	0.003000	6.0260	6.0310
01/07/19	12:07:20.044	13	0	0.000000	0.003000	6.0420	6.0430
01/07/19	12:07:20.250	14	0	0.000000	0.003000	6.0460	6.0400
01/07/19	12:07:20.462	15	0	-0.001000	0.002000	6.0520	6.0290
01/07/19	12:07:20.622	16	0	-0.001000	0.003000	6.0270	6.0320
01/07/19	12:07:20.830	17	0	0.000000	0.003000	6.0440	6.0290
01/07/19	12:07:21.045	18	0	-0.001000	0.003000	6.0380	6.0460
01/07/19	12:07:21.258	19	0	0.000000	0.003000	6.0350	6.0430
01/07/19	12:07:21.422	20	0	0.000000	0.002000	6.0350	6.0350
01/07/19	12:07:21.635	21	0	-0.001000	0.002000	6.0300	6.0240
01/07/19	12:07:21.841	22	0	-0.001000	0.002000	6.0220	6.0380
01/07/19	12:07:22.045	23	0	-0.001000	0.002000	6.0270	6.0180
01/07/19	12:07:22.255	24	0	-0.001000	0.003000	6.0440	6.0240
01/07/19	12:07:22.427	25	0	-0.001000	0.002000	6.0220	6.0210
01/07/19	12:07:22.636	26	0	0.000000	0.002000	6.0130	6.0380
01/07/19	12:07:22.848	27	0	0.000000	0.003000	6.0300	6.0320
01/07/19	12:07:23.064	28	0	0.000000	0.002000	6.0240	6.0290
01/07/19	12:07:23.225	29	0	0.000000	0.002000	6.0220	6.0290
01/07/19	12:07:23.430	30	0	-0.001000	0.002000	6.0440	6.0540
01/07/19	12:07:23.637	31	0	-0.002000	0.003000	6.0440	6.0400
01/07/19	12:07:23.843	32	0	-0.002000	0.002000	6.0270	6.0870
01/07/19	12:07:24.064	33	0	-0.001000	0.002000	6.0820	6.0930
01/07/19	12:07:24.223	34	0	0.000000	0.002000	6.0800	6.0820
01/07/19	12:07:24.435	35	0	0.000000	0.003000	6.0850	6.0930
01/07/19	12:07:24.644	36	0	0.000000	0.002000	6.0850	6.1090
01/07/19	12:07:24.853	37	0	-0.001000	0.003000	6.0800	6.0850
01/07/19	12:07:25.022	38	0	0.000000	0.003000	6.0820	6.1200
01/07/19	12:07:25.236	39	0	0.000000	0.003000	6.0910	6.1150
01/07/19	12:07:25.444	40	0	0.000000	0.003000	6.0690	6.1070
01/07/19	12:07:25.652	41	0	-0.001000	0.003000	6.1070	6.1070
01/07/19	12:07:25.867	42	0	0.000000	0.003000	6.0820	6.0980
01/07/19	12:07:26.033	43	0	-0.001000	0.002000	6.0850	6.0980
01/07/19	12:07:26.241	44	0	-0.001000	0.002000	6.1040	6.0900
01/07/19	12:07:26.438	45	0	0.000000	0.003000	6.1020	6.0980
01/07/19	12:07:26.657	46	0	-0.001000	0.003000	6.0740	6.1040
01/07/19	12:07:26.854	47	0	0.000000	0.003000	6.1040	6.1150
01/07/19	12:07:27.022	48	0	0.000000	0.002000	6.0910	6.1180
01/07/19	12:07:27.235	49	0	0.000000	0.003000	6.1020	6.1200
01/07/19	12:07:27.442	50	0	0.000000	0.003000	6.1320	6.1670
01/07/19	12:07:27.655	51	0	0.000000	0.003000	6.2340	7.3710
01/07/19	12:07:27.829	52	0	0.000000	0.003000	7.8050	9.4920
01/07/19	12:07:28.043	53	0	0.000000	0.003000	8.5150	10.1740
01/07/19	12:07:28.254	54	0	0.000000	0.003000	9.3160	10.9020
01/07/19	12:07:28.468	55	0	-0.001000	0.003000	9.9590	11.0620
01/07/19	12:07:28.625	56	0	-0.001000	0.003000	10.1080	10.9750
01/07/19	12:07:28.839	57	0	0.000000	0.003000	10.1440	10.8890
01/07/19	12:07:29.047	58	0	0.000000	0.003000	10.1220	10.7980
01/07/19	12:07:29.262	59	0	-0.001000	0.003000	10.0530	10.6870
01/07/19	12:07:29.423	60	0	-0.001000	0.003000	9.9780	10.5770
01/07/19	12:07:29.635	61	0	0.000000	0.003000	9.8980	10.4530
01/07/19	12:07:29.842	62	0	-0.001000	0.003000	9.7800	10.3370
01/07/19	12:07:30.057	63	0	-0.001000	0.004000	9.6940	10.2370
01/07/19	12:07:30.265	64	0	-0.001000	0.004000	9.5780	10.1300
01/07/19	12:07:30.429	65	0	0.000000	0.004000	9.5230	10.0360
01/07/19	12:07:30.638	66	0	-0.001000	0.004000	9.4320	9.9610
01/07/19	12:07:30.858	67	0	-0.001000	0.004000	9.3410	9.8540
01/07/19	12:07:31.063	68	0	-0.001000	0.004000	9.2490	9.7680
01/07/19	12:07:31.222	69	0	0.000000	0.004000	9.2000	9.6880
01/07/19	12:07:31.435	70	0	-0.001000	0.004000	9.1030	9.6160
01/07/19	12:07:31.646	71	0	-0.001000	0.004000	9.0310	9.5000
01/07/19	12:07:31.865	72	0	-0.001000	0.004000	8.9590	9.4340
01/07/19	12:07:32.023	73	0	-0.001000	0.004000	8.8790	9.3700
01/07/19	12:07:32.234	74	0	-0.001000	0.004000	8.8090	9.2750
Cycle	Time Peltier On:	180.000000	Time Peltier Off:	200.000000	# iterations	1.000000		
01/07/19	12:07:32.443	75	1	-0.001000	0.004000	8.7680	9.2200
01/07/19	12:07:32.652	76	1	-0.001000	0.097000	8.6520	9.1260
01/07/19	12:07:32.862	77	1	0.333000	0.085000	8.5330	8.9990
01/07/19	12:07:33.028	78	1	0.259000	0.085000	8.4310	8.9080
01/07/19	12:07:33.237	79	1	0.235000	0.073000	8.3310	8.7700
01/07/19	12:07:33.446	80	1	0.235000	0.057000	8.2290	8.6680
01/07/19	12:07:33.656	81	1	0.204000	0.049000	8.1440	8.5770
01/07/19	12:07:33.822	82	1	0.153000	0.049000	8.0830	8.4770
01/07/19	12:07:34.029	83	1	0.143000	0.042000	8.0060	8.4000
01/07/19	12:07:34.240	84	1	0.143000	0.033000	7.9170	8.3340
01/07/19	12:07:34.444	85	1	0.121000	0.026000	7.8400	8.2670
01/07/19	12:07:34.650	86	1	0.081000	0.026000	7.8010	8.2230
01/07/19	12:07:34.824	87	1	0.077000	0.022000	7.7430	8.1290
01/07/19	12:07:35.036	88	1	0.077000	0.018000	7.6880	8.0660
01/07/19	12:07:35.251	89	1	0.065000	0.015000	7.6300	8.0270
01/07/19	12:07:35.458	90	1	0.046000	0.015000	7.5750	7.9550
01/07/19	12:07:35.624	91	1	0.033000	0.012000	7.5670	7.9300
01/07/19	12:07:35.838	92	1	0.033000	0.012000	7.5170	7.8480
01/07/19	12:07:36.045	93	1	0.042000	0.010000	7.4670	7.8010
01/07/19	12:07:36.256	94	1	0.029000	0.010000	7.4700	7.7590
01/07/19	12:07:36.464	95	1	0.042000	0.008000	7.3950	7.7150
01/07/19	12:07:36.629	96	1	0.042000	0.008000	7.3570	7.6850
01/07/19	12:07:36.841	97	1	0.023000	0.007000	7.3100	7.6240
01/07/19	12:07:37.049	98	1	0.018000	0.007000	7.2850	7.5880
01/07/19	12:07:37.262	99	1	0.018000	0.005000	7.2660	7.5580
01/07/19	12:07:37.470	100	1	0.018000	0.007000	7.2600	7.5140
01/07/19	12:07:37.622	101	1	0.024000	0.011000	7.2100	7.4800
01/07/19	12:07:37.833	102	1	0.028000	0.011000	7.1800	7.4580
01/07/19	12:07:38.042	103	1	0.030000	0.009000	7.1500	7.4250
01/07/19	12:07:38.251	104	1	0.030000	0.010000	7.1300	7.3730
01/07/19	12:07:38.459	105	1	0.030000	0.012000	7.0560	7.3420
01/07/19	12:07:38.623	106	1	0.021000	0.012000	7.0500	7.2980
01/07/19	12:07:38.834	107	1	0.021000	0.009000	7.0390	7.2980
01/07/19	12:07:39.047	108	1	0.031000	0.013000	6.9950	7.2480
01/07/19	12:07:39.258	109	1	0.040000	0.012000	6.9840	7.2210
01/07/19	12:07:39.429	110	1	0.045000	0.012000	6.9310	7.1990
01/07/19	12:07:39.636	111	1	0.045000	0.012000	6.9450	7.1570
01/07/19	12:07:39.850	112	1	0.037000	0.018000	6.8980	7.1270
01/07/19	12:07:40.060	113	1	0.055000	0.016000	6.8790	7.1050
01/07/19	12:07:40.268	114	1	0.057000	0.016000	6.8460	7.0770
01/07/19	12:07:40.422	115	1	0.057000	0.018000	6.8320	7.0550
01/07/19	12:07:40.635	116	1	0.058000	0.020000	6.8070	7.0110
01/07/19	12:07:40.852	117	1	0.069000	0.021000	6.7710	6.9700
01/07/19	12:07:41.059	118	1	0.069000	0.021000	6.7300	6.9450
01/07/19	12:07:41.221	119	1	0.069000	0.020000	6.7110	6.9090
01/07/19	12:07:41.436	120	1	0.067000	0.022000	6.6800	6.8780
01/07/19	12:07:41.650	121	1	0.074000	0.022000	6.6550	6.8510
01/07/19	12:07:41.862	122	1	0.077000	0.022000	6.6390	6.8230
01/07/19	12:07:42.029	123	1	0.077000	0.023000	6.6220	6.8120
01/07/19	12:07:42.244	124	1	0.088000	0.027000	6.6030	6.7690
01/07/19	12:07:42.450	125	1	0.096000	0.028000	6.5680	6.7310
01/07/19	12:07:42.662	126	1	0.100000	0.028000	6.5270	6.7200
01/07/19	12:07:42.822	127	1	0.100000	0.029000	6.5300	6.6810
01/07/19	12:07:43.029	128	1	0.097000	0.033000	6.4830	6.6590
01/07/19	12:07:43.237	129	1	0.108000	0.033000	6.4880	6.6510
01/07/19	12:07:43.447	130	1	0.125000	0.031000	6.4520	6.6010
01/07/19	12:07:43.663	131	1	0.126000	0.035000	6.4270	6.5760
01/07/19	12:07:43.824	132	1	0.126000	0.037000	6.3780	6.5260
01/07/19	12:07:44.034	133	1	0.123000	0.037000	6.3720	6.5320
01/07/19	12:07:44.237	134	1	0.135000	0.034000	6.3360	6.4880
01/07/19	12:07:44.451	135	1	0.135000	0.037000	6.3120	6.4850
01/07/19	12:07:44.663	136	1	0.135000	0.038000	6.3030	6.4210
01/07/19	12:07:44.829	137	1	0.141000	0.038000	6.2730	6.4050
01/07/19	12:07:45.042	138	1	0.154000	0.041000	6.2290	6.3720
01/07/19	12:07:45.250	139	1	0.149000	0.041000	6.2120	6.3360
01/07/19	12:07:45.459	140	1	0.149000	0.042000	6.2070	6.3330
01/07/19	12:07:45.623	141	1	0.159000	0.042000	6.1680	6.3000
01/07/19	12:07:45.831	142	1	0.169000	0.047000	6.1620	6.2700
01/07/19	12:07:46.039	143	1	0.169000	0.050000	6.1160	6.2340
01/07/19	12:07:46.254	144	1	0.182000	0.047000	6.0910	6.2120
01/07/19	12:07:46.425	145	1	0.178000	0.047000	6.0600	6.1780
01/07/19	12:07:46.636	146	1	0.182000	0.049000	6.0330	6.1480
01/07/19	12:07:46.845	147	1	0.186000	0.049000	6.0110	6.1370
01/07/19	12:07:47.062	148	1	0.186000	0.051000	5.9720	6.0980
01/07/19	12:07:47.222	149	1	0.193000	0.051000	5.9880	6.0850
01/07/19	12:07:47.437	150	1	0.213000	0.050000	5.9300	6.0320
01/07/19	12:07:47.650	151	1	0.204000	0.053000	5.9170	6.0160
01/07/19	12:07:47.857	152	1	0.204000	0.056000	5.8810	5.9880
01/07/19	12:07:48.029	153	1	0.216000	0.056000	5.8700	5.9520
01/07/19	12:07:48.240	154	1	0.223000	0.055000	5.8280	5.9350
01/07/19	12:07:48.450	155	1	0.221000	0.058000	5.8150	5.9050
01/07/19	12:07:48.663	156	1	0.221000	0.060000	5.7700	5.8690
01/07/19	12:07:48.823	157	1	0.233000	0.060000	5.7480	5.8580
01/07/19	12:07:49.029	158	1	0.230000	0.058000	5.7290	5.8640
01/07/19	12:07:49.249	159	1	0.238000	0.061000	5.6790	5.8000
01/07/19	12:07:49.449	160	1	0.238000	0.059000	5.6680	5.7920
01/07/19	12:07:49.656	161	1	0.235000	0.062000	5.6540	5.7500
01/07/19	12:07:49.823	162	1	0.251000	0.062000	5.6050	5.7170
01/07/19	12:07:50.035	163	1	0.251000	0.062000	5.5940	5.6870
01/07/19	12:07:50.247	164	1	0.247000	0.065000	5.5470	5.6590
01/07/19	12:07:50.455	165	1	0.256000	0.065000	5.5250	5.6620
01/07/19	12:07:50.668	166	1	0.258000	0.065000	5.5220	5.6070
01/07/19	12:07:50.828	167	1	0.258000	0.065000	5.4830	5.5820
01/07/19	12:07:51.027	168	1	0.273000	0.068000	5.4750	5.5900
01/07/19	12:07:51.234	169	1	0.280000	0.068000	5.4450	5.5240
01/07/19	12:07:51.445	170	1	0.285000	0.071000	5.4030	5.5050
01/07/19	12:07:51.649	171	1	0.285000	0.071000	5.3700	5.4910
01/07/19	12:07:51.864	172	1	0.285000	0.071000	5.3760	5.4690
01/07/19	12:07:52.026	173	1	0.286000	0.071000	5.3510	5.4220
01/07/19	12:07:52.234	174	1	0.307000	0.076000	5.3200	5.4160
01/07/19	12:07:52.444	175	1	0.309000	0.077000	5.2730	5.3750
01/07/19	12:07:52.652	176	1	0.309000	0.075000	5.2820	5.3780
01/07/19	12:07:52.858	177	1	0.305000	0.081000	5.2180	5.3340
01/07/19	12:07:53.029	178	1	0.311000	0.081000	5.2100	5.3200
01/07/19	12:07:53.238	179	1	0.311000	0.080000	5.1790	5.2560
01/07/19	12:07:53.450	180	1	0.323000	0.080000	5.1710	5.2420
01/07/19	12:07:53.666	181	1	0.325000	0.083000	5.1270	5.2260
01/07/19	12:07:53.828	182	1	0.333000	0.083000	5.1130	5.1950
01/07/19	12:07:54.044	183	1	0.344000	0.085000	5.0940	5.1820
01/07/19	12:07:54.247	184	1	0.344000	0.086000	5.0580	5.1510
01/07/19	12:07:54.449	185	1	0.351000	0.086000	5.0300	5.1350
01/07/19	12:07:54.663	186	1	0.354000	0.086000	4.9940	5.0880
01/07/19	12:07:54.826	187	1	0.354000	0.087000	4.9640	5.0660
01/07/19	12:07:55.039	188	1	0.353000	0.087000	4.9420	5.0300
01/07/19	12:07:55.251	189	1	0.361000	0.088000	4.9170	4.9940
01/07/19	12:07:55.462	190	1	0.366000	0.088000	4.8900	4.9860
01/07/19	12:07:55.628	191	1	0.366000	0.089000	4.8590	4.9550
01/07/19	12:07:55.841	192	1	0.371000	0.090000	4.8510	4.9410
01/07/19	12:07:56.045	193	1	0.381000	0.094000	4.8320	4.9060
01/07/19	12:07:56.256	194	1	0.391000	0.094000	4.7900	4.8750
01/07/19	12:07:56.422	195	1	0.391000	0.095000	4.7520	4.8450
01/07/19	12:07:56.643	196	1	0.390000	0.094000	4.7270	4.8140
01/07/19	12:07:56.844	197	1	0.392000	0.095000	4.7130	4.7870
01/07/19	12:07:57.051	198	1	0.402000	0.095000	4.7070	4.7760
01/07/19	12:07:57.257	199	1	0.417000	0.098000	4.6580	4.7370
01/07/19	12:07:57.422	200	1	0.417000	0.099000	4.6330	4.7230
01/07/19	12:07:57.634	201	1	0.415000	0.099000	4.6190	4.6850
01/07/19	12:07:57.845	202	1	0.423000	0.100000	4.5640	4.6490
01/07/19	12:07:58.055	203	1	0.415000	0.099000	4.5470	4.6350
01/07/19	12:07:58.262	204	1	0.415000	0.102000	4.5200	4.5960
01/07/19	12:07:58.433	205	1	0.427000	0.102000	4.5060	4.5910
01/07/19	12:07:58.644	206	1	0.438000	0.102000	4.4780	4.5550
01/07/19	12:07:58.848	207	1	0.439000	0.105000	4.4230	4.5190
01/07/19	12:07:59.060	208	1	0.439000	0.103000	4.3840	4.5020
01/07/19	12:07:59.220	209	1	0.434000	0.103000	4.4060	4.4890
01/07/19	12:07:59.426	210	1	0.455000	0.102000	4.3760	4.4360
01/07/19	12:07:59.637	211	1	0.455000	0.109000	4.3260	4.4090
01/07/19	12:07:59.843	212	1	0.457000	0.106000	4.3150	4.3920
01/07/19	12:08:00.050	213	1	0.459000	0.110000	4.2790	4.3670
01/07/19	12:08:00.257	214	1	0.464000	0.110000	4.2520	4.3370
01/07/19	12:08:00.424	215	1	0.464000	0.110000	4.2630	4.3230
01/07/19	12:08:00.636	216	1	0.469000	0.116000	4.1910	4.2900
01/07/19	12:08:00.847	217	1	0.470000	0.111000	4.1740	4.2540
01/07/19	12:08:01.059	218	1	0.478000	0.111000	4.1600	4.2240
01/07/19	12:08:01.229	219	1	0.478000	0.113000	4.1150	4.2040
01/07/19	12:08:01.437	220	1	0.491000	0.114000	4.1010	4.1760
01/07/19	12:08:01.650	221	1	0.495000	0.117000	4.0680	4.1480
01/07/19	12:08:01.858	222	1	0.496000	0.117000	4.0400	4.1150
01/07/19	12:08:02.023	223	1	0.496000	0.117000	4.0340	4.1010
01/07/19	12:08:02.234	224	1	0.502000	0.121000	3.9750	4.0730
01/07/19	12:08:02.460	225	1	0.504000	0.117000	3.9780	4.0590
01/07/19	12:08:02.663	226	1	0.519000	0.117000	3.9250	4.0080
01/07/19	12:08:02.825	227	1	0.519000	0.122000	3.9110	3.9890
01/07/19	12:08:03.036	228	1	0.514000	0.121000	3.9000	3.9490
01/07/19	12:08:03.246	229	1	0.532000	0.124000	3.8520	3.9470
01/07/19	12:08:03.453	230	1	0.527000	0.124000	3.8160	3.9160
01/07/19	12:08:03.665	231	1	0.528000	0.123000	3.8070	3.8930
01/07/19	12:08:03.829	232	1	0.528000	0.126000	3.7760	3.8710
01/07/19	12:08:04.039	233	1	0.540000	0.125000	3.7480	3.8320
01/07/19	12:08:04.258	234	1	0.544000	0.125000	3.7120	3.8090
01/07/19	12:08:04.464	235	1	0.547000	0.126000	3.6840	3.7670
01/07/19	12:08:04.623	236	1	0.547000	0.126000	3.6810	3.7560
01/07/19	12:08:04.830	237	1	0.560000	0.126000	3.6470	3.7280
01/07/19	12:08:05.043	238	1	0.562000	0.131000	3.6110	3.7000
01/07/19	12:08:05.247	239	1	0.565000	0.131000	3.5630	3.6690
01/07/19	12:08:05.458	240	1	0.565000	0.129000	3.5550	3.6440
01/07/19	12:08:05.623	241	1	0.559000	0.129000	3.5380	3.6100
01/07/19	12:08:05.839	242	1	0.576000	0.131000	3.5160	3.5880
01/07/19	12:08:06.050	243	1	0.586000	0.136000	3.4880	3.5570
01/07/19	12:08:06.258	244	1	0.586000	0.135000	3.4650	3.5180
01/07/19	12:08:06.430	245	1	0.587000	0.135000	3.4340	3.5120
01/07/19	12:08:06.639	246	1	0.595000	0.137000	3.3950	3.4870
01/07/19	12:08:06.848	247	1	0.594000	0.137000	3.3840	3.4620
01/07/19	12:08:07.065	248	1	0.594000	0.139000	3.3420	3.4310
01/07/19	12:08:07.223	249	1	0.605000	0.139000	3.3360	3.4060
01/07/19	12:08:07.430	250	1	0.614000	0.138000	3.2860	3.3690
01/07/19	12:08:07.637	251	1	0.614000	0.140000	3.2520	3.3410
01/07/19	12:08:07.857	252	1	0.609000	0.139000	3.2350	3.3330
01/07/19	12:08:08.053	253	1	0.610000	0.141000	3.1880	3.2850
01/07/19	12:08:08.225	254	1	0.613000	0.141000	3.1820	3.2850
01/07/19	12:08:08.436	255	1	0.613000	0.143000	3.1600	3.2120
01/07/19	12:08:08.645	256	1	0.627000	0.144000	3.1400	3.2040
01/07/19	12:08:08.856	257	1	0.637000	0.147000	3.0980	3.1840
01/07/19	12:08:09.028	258	1	0.637000	0.147000	3.0900	3.1560
01/07/19	12:08:09.234	259	1	0.637000	0.149000	3.0620	3.1370
01/07/19	12:08:09.449	260	1	0.648000	0.149000	3.0230	3.1000
01/07/19	12:08:09.662	261	1	0.652000	0.148000	2.9920	3.0860
01/07/19	12:08:09.826	262	1	0.652000	0.148000	2.9640	3.0610
01/07/19	12:08:10.030	263	1	0.652000	0.149000	2.9270	3.0530
01/07/19	12:08:10.237	264	1	0.657000	0.150000	2.9160	3.0020
01/07/19	12:08:10.444	265	1	0.663000	0.152000	2.8910	2.9720
01/07/19	12:08:10.653	266	1	0.670000	0.152000	2.8540	2.9600
01/07/19	12:08:10.825	267	1	0.670000	0.152000	2.8520	2.9350
01/07/19	12:08:11.034	268	1	0.671000	0.156000	2.7790	2.8900
01/07/19	12:08:11.244	269	1	0.671000	0.151000	2.8010	2.8590
01/07/19	12:08:11.455	270	1	0.694000	0.151000	2.7280	2.8310
01/07/19	12:08:11.628	271	1	0.694000	0.157000	2.7280	2.8090
01/07/19	12:08:11.841	272	1	0.680000	0.157000	2.7000	2.7980
01/07/19	12:08:12.049	273	1	0.696000	0.159000	2.6690	2.7610
01/07/19	12:08:12.262	274	1	0.700000	0.159000	2.6530	2.7470
01/07/19	12:08:12.426	275	1	0.700000	0.158000	2.6330	2.7080
01/07/19	12:08:12.630	276	1	0.708000	0.162000	2.5850	2.6800
01/07/19	12:08:12.837	277	1	0.709000	0.162000	2.5660	2.6550
01/07/19	12:08:13.047	278	1	0.717000	0.160000	2.5490	2.6410
01/07/19	12:08:13.254	279	1	0.725000	0.163000	2.5130	2.6210
01/07/19	12:08:13.421	280	1	0.725000	0.164000	2.4900	2.5740
01/07/19	12:08:13.638	281	1	0.731000	0.165000	2.4540	2.5320
01/07/19	12:08:13.850	282	1	0.732000	0.165000	2.4430	2.5180
01/07/19	12:08:14.061	283	1	0.744000	0.166000	2.3920	2.4900
01/07/19	12:08:14.227	284	1	0.744000	0.165000	2.3750	2.4780
01/07/19	12:08:14.440	285	1	0.743000	0.167000	2.3440	2.4340
01/07/19	12:08:14.648	286	1	0.747000	0.167000	2.3140	2.4170
01/07/19	12:08:14.859	287	1	0.748000	0.168000	2.2940	2.3830
01/07/19	12:08:15.019	288	1	0.748000	0.170000	2.3000	2.3690
01/07/19	12:08:15.231	289	1	0.774000	0.170000	2.2440	2.3520
01/07/19	12:08:15.440	290	1	0.766000	0.175000	2.2380	2.2930
01/07/19	12:08:15.647	291	1	0.778000	0.175000	2.1880	2.2820
01/07/19	12:08:15.861	292	1	0.778000	0.173000	2.1620	2.2510
01/07/19	12:08:16.022	293	1	0.773000	0.173000	2.1340	2.2290
01/07/19	12:08:16.235	294	1	0.780000	0.174000	2.1150	2.2070
01/07/19	12:08:16.447	295	1	0.788000	0.177000	2.0920	2.1670
01/07/19	12:08:16.659	296	1	0.788000	0.178000	2.0810	2.1280
01/07/19	12:08:16.829	297	1	0.793000	0.178000	2.0500	2.1060
01/07/19	12:08:17.043	298	1	0.804000	0.181000	2.0000	2.1060
01/07/19	12:08:17.252	299	1	0.801000	0.178000	1.9750	2.0580
01/07/19	12:08:17.459	300	1	0.801000	0.180000	1.9470	2.0220
01/07/19	12:08:17.625	301	1	0.804000	0.180000	1.9130	2.0360
01/07/19	12:08:17.830	302	1	0.810000	0.181000	1.9070	1.9680
01/07/19	12:08:18.038	303	1	0.821000	0.184000	1.8880	1.9460
01/07/19	12:08:18.245	304	1	0.821000	0.186000	1.8370	1.9260
01/07/19	12:08:18.451	305	1	0.830000	0.184000	1.8060	1.8980
01/07/19	12:08:18.626	306	1	0.824000	0.184000	1.7730	1.8700
01/07/19	12:08:18.834	307	1	0.824000	0.184000	1.7530	1.8650
01/07/19	12:08:19.044	308	1	0.826000	0.186000	1.7450	1.8000
01/07/19	12:08:19.254	309	1	0.841000	0.189000	1.7080	1.8000
01/07/19	12:08:19.466	310	1	0.842000	0.189000	1.6580	1.7610
01/07/19	12:08:19.630	311	1	0.842000	0.188000	1.6500	1.7250
01/07/19	12:08:19.840	312	1	0.838000	0.189000	1.6160	1.7250
01/07/19	12:08:20.049	313	1	0.848000	0.189000	1.6080	1.6940
01/07/19	12:08:20.257	314	1	0.862000	0.189000	1.5680	1.6630
01/07/19	12:08:20.423	315	1	0.862000	0.193000	1.5460	1.6150
01/07/19	12:08:20.631	316	1	0.861000	0.192000	1.5400	1.5990
01/07/19	12:08:20.837	317	1	0.879000	0.197000	1.5010	1.5680
01/07/19	12:08:21.050	318	1	0.878000	0.197000	1.4620	1.5370
01/07/19	12:08:21.255	319	1	0.877000	0.195000	1.4340	1.5280
01/07/19	12:08:21.422	320	1	0.877000	0.196000	1.4140	1.5030
01/07/19	12:08:21.636	321	1	0.889000	0.198000	1.3810	1.4700
01/07/19	12:08:21.846	322	1	0.891000	0.198000	1.3550	1.4420
01/07/19	12:08:22.058	323	1	0.895000	0.198000	1.3300	1.4050
01/07/19	12:08:22.229	324	1	0.895000	0.200000	1.2820	1.3800
01/07/19	12:08:22.442	325	1	0.894000	0.197000	1.2820	1.3720
01/07/19	12:08:22.647	326	1	0.909000	0.197000	1.2490	1.3380
01/07/19	12:08:22.868	327	1	0.909000	0.202000	1.2070	1.2820
01/07/19	12:08:23.022	328	1	0.909000	0.201000	1.1980	1.2900
01/07/19	12:08:23.230	329	1	0.917000	0.201000	1.1560	1.2510
01/07/19	12:08:23.437	330	1	0.915000	0.203000	1.1370	1.2510
01/07/19	12:08:23.643	331	1	0.924000	0.204000	1.1230	1.1950
01/07/19	12:08:23.851	332	1	0.924000	0.206000	1.0720	1.1780
01/07/19	12:08:24.058	333	1	0.931000	0.205000	1.0560	1.1330
01/07/19	12:08:24.225	334	1	0.934000	0.205000	1.0250	1.1330
01/07/19	12:08:24.433	335	1	0.934000	0.206000	1.0020	1.1220
01/07/19	12:08:24.641	336	1	0.936000	0.209000	0.9910	1.0580
01/07/19	12:08:24.849	337	1	0.950000	0.211000	0.9710	1.0470
01/07/19	12:08:25.061	338	1	0.957000	0.211000	0.9320	1.0160
01/07/19	12:08:25.230	339	1	0.957000	0.212000	0.9130	0.9850
01/07/19	12:08:25.438	340	1	0.960000	0.213000	0.8650	0.9790
01/07/19	12:08:25.651	341	1	0.959000	0.211000	0.8340	0.9480
01/07/19	12:08:25.859	342	1	0.964000	0.211000	0.8290	0.9150
01/07/19	12:08:26.070	343	1	0.974000	0.213000	0.8030	0.8870
01/07/19	12:08:26.221	344	1	0.974000	0.216000	0.7700	0.8730
01/07/19	12:08:26.429	345	1	0.979000	0.216000	0.7420	0.8620
01/07/19	12:08:26.641	346	1	0.984000	0.216000	0.7280	0.8200
01/07/19	12:08:26.867	347	1	0.993000	0.219000	0.7000	0.7830
01/07/19	12:08:27.025	348	1	0.993000	0.220000	0.6550	0.7520
01/07/19	12:08:27.233	349	1	0.995000	0.219000	0.6440	0.7160
01/07/19	12:08:27.444	350	1	1.001000	0.219000	0.6270	0.7020
01/07/19	12:08:27.650	351	1	1.013000	0.222000	0.5790	0.6740
01/07/19	12:08:27.864	352	1	1.013000	0.222000	0.5510	0.6320
01/07/19	12:08:28.030	353	1	1.009000	0.222000	0.5400	0.5980
01/07/19	12:08:28.243	354	1	1.020000	0.222000	0.4950	0.5870
01/07/19	12:08:28.451	355	1	1.019000	0.225000	0.4870	0.5670
01/07/19	12:08:28.659	356	1	1.019000	0.227000	0.4390	0.5370
01/07/19	12:08:28.866	357	1	1.030000	0.225000	0.4000	0.5140
01/07/19	12:08:29.023	358	1	1.022000	0.225000	0.4140	0.4890
01/07/19	12:08:29.241	359	1	1.042000	0.230000	0.3720	0.4550
01/07/19	12:08:29.448	360	1	1.042000	0.229000	0.3350	0.4440
01/07/19	12:08:29.669	361	1	1.043000	0.229000	0.3130	0.3910
01/07/19	12:08:29.826	362	1	1.046000	0.229000	0.3020	0.3800
01/07/19	12:08:30.036	363	1	1.060000	0.233000	0.2680	0.3630
01/07/19	12:08:30.242	364	1	1.060000	0.233000	0.2320	0.3240
01/07/19	12:08:30.456	365	1	1.060000	0.233000	0.2230	0.2700
01/07/19	12:08:30.629	366	1	1.070000	0.233000	0.1840	0.2650
01/07/19	12:08:30.838	367	1	1.070000	0.235000	0.1450	0.2560
01/07/19	12:08:31.050	368	1	1.070000	0.234000	0.1560	0.2090
01/07/19	12:08:31.263	369	1	1.071000	0.240000	0.1110	0.1840
01/07/19	12:08:31.422	370	1	1.083000	0.240000	0.0640	0.1640
01/07/19	12:08:31.636	371	1	1.082000	0.237000	0.0500	0.1130
01/07/19	12:08:31.843	372	1	1.082000	0.239000	0.0130	0.1110
01/07/19	12:08:32.052	373	1	1.090000	0.239000	-0.0180	0.0830
01/07/19	12:08:32.264	374	1	1.092000	0.239000	-0.0320	0.0570
01/07/19	12:08:32.425	375	1	1.092000	0.239000	-0.0680	0.0570
01/07/19	12:08:32.635	376	1	1.100000	0.241000	-0.0880	0.0150
01/07/19	12:08:32.844	377	1	1.106000	0.243000	-0.1130	-0.0150
01/07/19	12:08:33.051	378	1	1.113000	0.243000	-0.1470	-0.0570
01/07/19	12:08:33.265	379	1	1.113000	0.244000	-0.1520	-0.0600
01/07/19	12:08:33.430	380	1	1.113000	0.247000	-0.1910	-0.1130
01/07/19	12:08:33.642	381	1	1.126000	0.247000	-0.2110	-0.1160
01/07/19	12:08:33.854	382	1	1.131000	0.247000	-0.2330	-0.1580
01/07/19	12:08:34.066	383	1	1.139000	0.248000	-0.2560	-0.1920
01/07/19	12:08:34.224	384	1	1.139000	0.251000	-0.3030	-0.2090
01/07/19	12:08:34.434	385	1	1.138000	0.249000	-0.3120	-0.2170
01/07/19	12:08:34.650	386	1	1.147000	0.249000	-0.3650	-0.2760
01/07/19	12:08:34.860	387	1	1.145000	0.252000	-0.3900	-0.2960
01/07/19	12:08:35.024	388	1	1.145000	0.251000	-0.4040	-0.3150
01/07/19	12:08:35.237	389	1	1.154000	0.253000	-0.4210	-0.3540
01/07/19	12:08:35.450	390	1	1.163000	0.253000	-0.4410	-0.3850
01/07/19	12:08:35.657	391	1	1.171000	0.256000	-0.4770	-0.4130
01/07/19	12:08:35.830	392	1	1.171000	0.257000	-0.5250	-0.4300
01/07/19	12:08:36.044	393	1	1.166000	0.255000	-0.5420	-0.4610
01/07/19	12:08:36.254	394	1	1.175000	0.255000	-0.5720	-0.4970
01/07/19	12:08:36.463	395	1	1.177000	0.257000	-0.5890	-0.5060
01/07/19	12:08:36.622	396	1	1.177000	0.260000	-0.6090	-0.5250
01/07/19	12:08:36.831	397	1	1.191000	0.261000	-0.6540	-0.5620
01/07/19	12:08:37.040	398	1	1.189000	0.261000	-0.6700	-0.5730
01/07/19	12:08:37.246	399	1	1.198000	0.262000	-0.7070	-0.6260
01/07/19	12:08:37.453	400	1	1.198000	0.261000	-0.7210	-0.6540
01/07/19	12:08:37.625	401	1	1.196000	0.261000	-0.7430	-0.6800
01/07/19	12:08:37.836	402	1	1.210000	0.264000	-0.7710	-0.7100
01/07/19	12:08:38.043	403	1	1.215000	0.265000	-0.7990	-0.7190
01/07/19	12:08:38.256	404	1	1.215000	0.267000	-0.8330	-0.7720
01/07/19	12:08:38.428	405	1	1.219000	0.267000	-0.8470	-0.7750
01/07/19	12:08:38.641	406	1	1.229000	0.267000	-0.9030	-0.8170
01/07/19	12:08:38.856	407	1	1.229000	0.265000	-0.9090	-0.8450
01/07/19	12:08:39.066	408	1	1.220000	0.270000	-0.9420	-0.8640
01/07/19	12:08:39.224	409	1	1.235000	0.270000	-0.9760	-0.8900
01/07/19	12:08:39.438	410	1	1.237000	0.270000	-0.9960	-0.8920
01/07/19	12:08:39.647	411	1	1.237000	0.270000	-1.0180	-0.9400
01/07/19	12:08:39.853	412	1	1.242000	0.273000	-1.0320	-0.9600
01/07/19	12:08:40.023	413	1	1.256000	0.273000	-1.0740	-0.9680
01/07/19	12:08:40.236	414	1	1.255000	0.274000	-1.0940	-1.0020
01/07/19	12:08:40.446	415	1	1.255000	0.275000	-1.1080	-1.0490
01/07/19	12:08:40.656	416	1	1.263000	0.278000	-1.1580	-1.0860
01/07/19	12:08:40.832	417	1	1.264000	0.278000	-1.1780	-1.1050
01/07/19	12:08:41.043	418	1	1.272000	0.276000	-1.1890	-1.1250
01/07/19	12:08:41.256	419	1	1.272000	0.281000	-1.2200	-1.1610
01/07/19	12:08:41.465	420	1	1.285000	0.281000	-1.2450	-1.2060
01/07/19	12:08:41.623	421	1	1.290000	0.281000	-1.2950	-1.2150
01/07/19	12:08:41.840	422	1	1.285000	0.282000	-1.3210	-1.2310
01/07/19	12:08:42.057	423	1	1.285000	0.281000	-1.3350	-1.2650
01/07/19	12:08:42.226	424	1	1.289000	0.283000	-1.3650	-1.2900
01/07/19	12:08:42.437	425	1	1.301000	0.283000	-1.3880	-1.3210
01/07/19	12:08:42.644	426	1	1.305000	0.283000	-1.4270	-1.3270
01/07/19	12:08:42.859	427	1	1.305000	0.283000	-1.4470	-1.3660
01/07/19	12:08:43.024	428	1	1.303000	0.285000	-1.4630	-1.3910
01/07/19	12:08:43.236	429	1	1.316000	0.285000	-1.5030	-1.4160
01/07/19	12:08:43.448	430	1	1.316000	0.287000	-1.5280	-1.4500
01/07/19	12:08:43.656	431	1	1.316000	0.287000	-1.5420	-1.4780
01/07/19	12:08:43.829	432	1	1.320000	0.290000	-1.5590	-1.5120
01/07/19	12:08:44.041	433	1	1.338000	0.290000	-1.5870	-1.5170
01/07/19	12:08:44.252	434	1	1.340000	0.292000	-1.6510	-1.5430
01/07/19	12:08:44.463	435	1	1.340000	0.289000	-1.6540	-1.5820
01/07/19	12:08:44.624	436	1	1.332000	0.292000	-1.6820	-1.6100
01/07/19	12:08:44.841	437	1	1.346000	0.292000	-1.7040	-1.6290
01/07/19	12:08:45.043	438	1	1.354000	0.293000	-1.7270	-1.6550
01/07/19	12:08:45.247	439	1	1.354000	0.296000	-1.7660	-1.6940
01/07/19	12:08:45.459	440	1	1.359000	0.295000	-1.7910	-1.7220
01/07/19	12:08:45.626	441	1	1.360000	0.295000	-1.8000	-1.7500
01/07/19	12:08:45.836	442	1	1.373000	0.297000	-1.8420	-1.7750
01/07/19	12:08:46.047	443	1	1.373000	0.298000	-1.8500	-1.7920
01/07/19	12:08:46.258	444	1	1.371000	0.301000	-1.8890	-1.8280
01/07/19	12:08:46.428	445	1	1.383000	0.301000	-1.9230	-1.8310
01/07/19	12:08:46.641	446	1	1.383000	0.301000	-1.9400	-1.8620
01/07/19	12:08:46.852	447	1	1.383000	0.303000	-1.9850	-1.8930
01/07/19	12:08:47.067	448	1	1.392000	0.301000	-2.0180	-1.9120
01/07/19	12:08:47.220	449	1	1.386000	0.301000	-2.0180	-1.9400
01/07/19	12:08:47.428	450	1	1.401000	0.301000	-2.0580	-1.9630
01/07/19	12:08:47.650	451	1	1.401000	0.305000	-2.0550	-2.0050
01/07/19	12:08:47.847	452	1	1.403000	0.309000	-2.1080	-2.0220
01/07/19	12:08:48.053	453	1	1.411000	0.309000	-2.1220	-2.0440
01/07/19	12:08:48.226	454	1	1.420000	0.307000	-2.1720	-2.0830
01/07/19	12:08:48.434	455	1	1.420000	0.307000	-2.1840	-2.0830
01/07/19	12:08:48.640	456	1	1.414000	0.310000	-2.1950	-2.1090
01/07/19	12:08:48.853	457	1	1.436000	0.310000	-2.2450	-2.1650
01/07/19	12:08:49.064	458	1	1.427000	0.313000	-2.2700	-2.1840
01/07/19	12:08:49.229	459	1	1.427000	0.312000	-2.2930	-2.2120
01/07/19	12:08:49.442	460	1	1.436000	0.313000	-2.3120	-2.2600
01/07/19	12:08:49.654	461	1	1.446000	0.313000	-2.3350	-2.2630
01/07/19	12:08:49.867	462	1	1.451000	0.315000	-2.3690	-2.2910
01/07/19	12:08:50.024	463	1	1.451000	0.316000	-2.3910	-2.3160
01/07/19	12:08:50.232	464	1	1.454000	0.317000	-2.4300	-2.3550
01/07/19	12:08:50.441	465	1	1.459000	0.317000	-2.4390	-2.3660
01/07/19	12:08:50.650	466	1	1.469000	0.317000	-2.4830	-2.4110
01/07/19	12:08:50.860	467	1	1.469000	0.318000	-2.5030	-2.4200
01/07/19	12:08:51.024	468	1	1.465000	0.320000	-2.5390	-2.4310
01/07/19	12:08:51.235	469	1	1.474000	0.320000	-2.5480	-2.4900
01/07/19	12:08:51.443	470	1	1.484000	0.320000	-2.5810	-2.4950
01/07/19	12:08:51.656	471	1	1.484000	0.323000	-2.5960	-2.5460
01/07/19	12:08:51.827	472	1	1.486000	0.325000	-2.6380	-2.5480
01/07/19	12:08:52.039	473	1	1.490000	0.325000	-2.6470	-2.5850
01/07/19	12:08:52.256	474	1	1.502000	0.324000	-2.6720	-2.5990
01/07/19	12:08:52.421	475	1	1.502000	0.328000	-2.7090	-2.6160
01/07/19	12:08:52.629	476	1	1.508000	0.328000	-2.7260	-2.6470
01/07/19	12:08:52.855	477	1	1.514000	0.328000	-2.7770	-2.6840
01/07/19	12:08:53.055	478	1	1.511000	0.330000	-2.7880	-2.7240
01/07/19	12:08:53.225	479	1	1.511000	0.330000	-2.8250	-2.7320
01/07/19	12:08:53.434	480	1	1.518000	0.330000	-2.8220	-2.7520
01/07/19	12:08:53.641	481	1	1.532000	0.330000	-2.8760	-2.8000
01/07/19	12:08:53.854	482	1	1.527000	0.334000	-2.8960	-2.8170
01/07/19	12:08:54.065	483	1	1.535000	0.334000	-2.9210	-2.8570
01/07/19	12:08:54.230	484	1	1.535000	0.335000	-2.9470	-2.8850
01/07/19	12:08:54.444	485	1	1.544000	0.335000	-2.9610	-2.9080
01/07/19	12:08:54.657	486	1	1.551000	0.336000	-3.0150	-2.9190
01/07/19	12:08:54.869	487	1	1.544000	0.335000	-3.0430	-2.9620
01/07/19	12:08:55.028	488	1	1.544000	0.336000	-3.0570	-2.9960
01/07/19	12:08:55.239	489	1	1.554000	0.336000	-3.0770	-3.0010
01/07/19	12:08:55.448	490	1	1.562000	0.338000	-3.1170	-3.0130
01/07/19	12:08:55.656	491	1	1.562000	0.339000	-3.1280	-3.0440
01/07/19	12:08:55.824	492	1	1.561000	0.341000	-3.1450	-3.0840
01/07/19	12:08:56.032	493	1	1.578000	0.341000	-3.2050	-3.0860
01/07/19	12:08:56.247	494	1	1.570000	0.343000	-3.2130	-3.1460
01/07/19	12:08:56.462	495	1	1.570000	0.344000	-3.2390	-3.1600
01/07/19	12:08:56.630	496	1	1.583000	0.344000	-3.2390	-3.1630
01/07/19	12:08:56.841	497	1	1.599000	0.344000	-3.2870	-3.2080
01/07/19	12:08:57.050	498	1	1.594000	0.348000	-3.3150	-3.2340
01/07/19	12:08:57.258	499	1	1.594000	0.347000	-3.3610	-3.2650
01/07/19	12:08:57.427	500	1	1.600000	0.345000	-3.3550	-3.2820
01/07/19	12:08:57.632	501	1	1.610000	0.345000	-3.3860	-3.3190
01/07/19	12:08:57.839	502	1	1.615000	0.351000	-3.4170	-3.3360
01/07/19	12:08:58.045	503	1	1.615000	0.351000	-3.4430	-3.3840
01/07/19	12:08:58.272	504	1	1.618000	0.352000	-3.4740	-3.4070
01/07/19	12:08:58.426	505	1	1.623000	0.352000	-3.4970	-3.4240
01/07/19	12:08:58.634	506	1	1.627000	0.352000	-3.5310	-3.4520
01/07/19	12:08:58.848	507	1	1.627000	0.353000	-3.5590	-3.5060
01/07/19	12:08:59.056	508	1	1.629000	0.355000	-3.5790	-3.5110
01/07/19	12:08:59.230	509	1	1.640000	0.355000	-3.6210	-3.5280
01/07/19	12:08:59.443	510	1	1.638000	0.356000	-3.6070	-3.5770
01/07/19	12:08:59.651	511	1	1.638000	0.361000	-3.6530	-3.5480
01/07/19	12:08:59.860	512	1	1.659000	0.359000	-3.6980	-3.6080
01/07/19	12:09:00.073	513	1	1.652000	0.358000	-3.7210	-3.6590
01/07/19	12:09:00.225	514	1	1.657000	0.358000	-3.7400	-3.6360
01/07/19	12:09:00.437	515	1	1.657000	0.362000	-3.7690	-3.6790
01/07/19	12:09:00.651	516	1	1.666000	0.362000	-3.7910	-3.7270
01/07/19	12:09:00.861	517	1	1.672000	0.363000	-3.8080	-3.7210
01/07/19	12:09:01.025	518	1	1.679000	0.363000	-3.8450	-3.7580
01/07/19	12:09:01.236	519	1	1.679000	0.364000	-3.8590	-3.7840
01/07/19	12:09:01.444	520	1	1.678000	0.367000	-3.8910	-3.8180
01/07/19	12:09:01.651	521	1	1.689000	0.367000	-3.9190	-3.8660
01/07/19	12:09:01.864	522	1	1.695000	0.367000	-3.9420	-3.8740
01/07/19	12:09:02.029	523	1	1.695000	0.369000	-3.9670	-3.8860
01/07/19	12:09:02.242	524	1	1.700000	0.370000	-3.9980	-3.9050
01/07/19	12:09:02.453	525	1	1.705000	0.370000	-4.0240	-3.9510
01/07/19	12:09:02.661	526	1	1.709000	0.370000	-4.0410	-3.9790
01/07/19	12:09:02.821	527	1	1.709000	0.373000	-4.0800	-4.0070
01/07/19	12:09:03.031	528	1	1.718000	0.373000	-4.1030	-4.0130
01/07/19	12:09:03.239	529	1	1.722000	0.373000	-4.1140	-4.0240
01/07/19	12:09:03.446	530	1	1.734000	0.374000	-4.1510	-4.0870
01/07/19	12:09:03.653	531	1	1.734000	0.377000	-4.1850	-4.0900
01/07/19	12:09:03.825	532	1	1.732000	0.376000	-4.2080	-4.1210
01/07/19	12:09:04.031	533	1	1.736000	0.376000	-4.2340	-4.1380
01/07/19	12:09:04.245	534	1	1.740000	0.377000	-4.2700	-4.1970
01/07/19	12:09:04.451	535	1	1.740000	0.378000	-4.2760	-4.1940
01/07/19	12:09:04.664	536	1	1.743000	0.381000	-4.3360	-4.2280
01/07/19	12:09:04.835	537	1	1.744000	0.381000	-4.3580	-4.2430
01/07/19	12:09:05.051	538	1	1.752000	0.378000	-4.3670	-4.2740
01/07/19	12:09:05.259	539	1	1.752000	0.383000	-4.3920	-4.3130
01/07/19	12:09:05.423	540	1	1.762000	0.384000	-4.4350	-4.3560
01/07/19	12:09:05.635	541	1	1.762000	0.384000	-4.4210	-4.3620
01/07/19	12:09:05.844	542	1	1.782000	0.382000	-4.4740	-4.3870
01/07/19	12:09:06.049	543	1	1.782000	0.386000	-4.5110	-4.4180
01/07/19	12:09:06.257	544	1	1.778000	0.385000	-4.5400	-4.4470
01/07/19	12:09:06.424	545	1	1.779000	0.385000	-4.5450	-4.4640
01/07/19	12:09:06.631	546	1	1.794000	0.386000	-4.5680	-4.4920
01/07/19	12:09:06.845	547	1	1.794000	0.391000	-4.6220	-4.5170
01/07/19	12:09:07.053	548	1	1.799000	0.388000	-4.6220	-4.5510
01/07/19	12:09:07.260	549	1	1.807000	0.393000	-4.6780	-4.5680
01/07/19	12:09:07.428	550	1	1.799000	0.393000	-4.6950	-4.5800
01/07/19	12:09:07.641	551	1	1.799000	0.392000	-4.6980	-4.6280
01/07/19	12:09:07.853	552	1	1.807000	0.396000	-4.7180	-4.6480
01/07/19	12:09:08.060	553	1	1.823000	0.397000	-4.7630	-4.6760
01/07/19	12:09:08.221	554	1	1.822000	0.397000	-4.7830	-4.6990
01/07/19	12:09:08.434	555	1	1.822000	0.397000	-4.8170	-4.7100
01/07/19	12:09:08.637	556	1	1.828000	0.397000	-4.8540	-4.7440
01/07/19	12:09:08.852	557	1	1.829000	0.397000	-4.8460	-4.7840
01/07/19	12:09:09.063	558	1	1.845000	0.397000	-4.9160	-4.7870
01/07/19	12:09:09.223	559	1	1.845000	0.398000	-4.9330	-4.8150
01/07/19	12:09:09.440	560	1	1.836000	0.400000	-4.9450	-4.8630
01/07/19	12:09:09.647	561	1	1.849000	0.400000	-4.9530	-4.8920
01/07/19	12:09:09.855	562	1	1.861000	0.402000	-4.9760	-4.8860
01/07/19	12:09:10.029	563	1	1.861000	0.407000	-4.9960	-4.9310
01/07/19	12:09:10.241	564	1	1.869000	0.408000	-5.0380	-4.9480
01/07/19	12:09:10.450	565	1	1.871000	0.408000	-5.0840	-4.9740
01/07/19	12:09:10.663	566	1	1.869000	0.407000	-5.0890	-5.0050
01/07/19	12:09:10.824	567	1	1.869000	0.409000	-5.1090	-5.0160
01/07/19	12:09:11.039	568	1	1.880000	0.411000	-5.1370	-5.0560
01/07/19	12:09:11.242	569	1	1.892000	0.411000	-5.1740	-5.0760
01/07/19	12:09:11.457	570	1	1.891000	0.412000	-5.2000	-5.0900
01/07/19	12:09:11.658	571	1	1.891000	0.412000	-5.2510	-5.1380
01/07/19	12:09:11.827	572	1	1.895000	0.410000	-5.2510	-5.1610
01/07/19	12:09:12.036	573	1	1.902000	0.410000	-5.2910	-5.1640
01/07/19	12:09:12.244	574	1	1.901000	0.414000	-5.3050	-5.2120
01/07/19	12:09:12.454	575	1	1.901000	0.416000	-5.3220	-5.2570
01/07/19	12:09:12.665	576	1	1.912000	0.418000	-5.3500	-5.2770
01/07/19	12:09:12.830	577	1	1.923000	0.418000	-5.3730	-5.2830
01/07/19	12:09:13.041	578	1	1.928000	0.419000	-5.4100	-5.3220
01/07/19	12:09:13.249	579	1	1.928000	0.418000	-5.4240	-5.3510
01/07/19	12:09:13.459	580	1	1.927000	0.421000	-5.4410	-5.3700
01/07/19	12:09:13.626	581	1	1.943000	0.421000	-5.4920	-5.3850
01/07/19	12:09:13.832	582	1	1.940000	0.423000	-5.4920	-5.4160
01/07/19	12:09:14.057	583	1	1.940000	0.425000	-5.5290	-5.4470
01/07/19	12:09:14.260	584	1	1.954000	0.425000	-5.5510	-5.4670
01/07/19	12:09:14.425	585	1	1.959000	0.425000	-5.5800	-5.4870
01/07/19	12:09:14.636	586	1	1.961000	0.427000	-5.6080	-5.5210
01/07/19	12:09:14.846	587	1	1.961000	0.428000	-5.6280	-5.5570
01/07/19	12:09:15.061	588	1	1.965000	0.429000	-5.6480	-5.5720
01/07/19	12:09:15.223	589	1	1.976000	0.429000	-5.6790	-5.5940
01/07/19	12:09:15.437	590	1	1.982000	0.431000	-5.7040	-5.6340
01/07/19	12:09:15.644	591	1	1.982000	0.432000	-5.7410	-5.6600
01/07/19	12:09:15.859	592	1	1.986000	0.431000	-5.7720	-5.6740
01/07/19	12:09:16.027	593	1	1.987000	0.431000	-5.7750	-5.7160
01/07/19	12:09:16.240	594	1	1.999000	0.432000	-5.8090	-5.7280
01/07/19	12:09:16.452	595	1	1.999000	0.435000	-5.8150	-5.7700
01/07/19	12:09:16.665	596	1	2.001000	0.439000	-5.8520	-5.7870
01/07/19	12:09:16.824	597	1	2.013000	0.439000	-5.8710	-5.7960
01/07/19	12:09:17.037	598	1	2.020000	0.438000	-5.9200	-5.8520
01/07/19	12:09:17.242	599	1	2.020000	0.439000	-5.9250	-5.8810
01/07/19	12:09:17.452	600	1	2.016000	0.442000	-5.9650	-5.8830
01/07/19	12:09:17.661	601	1	2.027000	0.441000	-5.9960	-5.9260
01/07/19	12:09:17.823	602	1	2.028000	0.441000	-6.0470	-5.9430
01/07/19	12:09:18.035	603	1	2.028000	0.439000	-6.0440	-5.9660
01/07/19	12:09:18.247	604	1	2.023000	0.444000	-6.0900	-5.9850
01/07/19	12:09:18.455	605	1	2.035000	0.444000	-6.1010	-6.0340
01/07/19	12:09:18.661	606	1	2.045000	0.443000	-6.1240	-6.0450
01/07/19	12:09:18.828	607	1	2.045000	0.446000	-6.1520	-6.0680
01/07/19	12:09:19.028	608	1	2.050000	0.447000	-6.1770	-6.1190
01/07/19	12:09:19.240	609	1	2.059000	0.447000	-6.1830	-6.1270
01/07/19	12:09:19.445	610	1	2.070000	0.448000	-6.2340	-6.1530
01/07/19	12:09:19.651	611	1	2.070000	0.449000	-6.2600	-6.1840
01/07/19	12:09:19.823	612	1	2.065000	0.450000	-6.3080	-6.1950
01/07/19	12:09:20.036	613	1	2.063000	0.450000	-6.3160	-6.2090
01/07/19	12:09:20.247	614	1	2.075000	0.449000	-6.3190	-6.2570
01/07/19	12:09:20.458	615	1	2.075000	0.455000	-6.3500	-6.2800
01/07/19	12:09:20.630	616	1	2.089000	0.455000	-6.3760	-6.2890
01/07/19	12:09:20.842	617	1	2.094000	0.455000	-6.3990	-6.3140
01/07/19	12:09:21.050	618	1	2.102000	0.456000	-6.4330	-6.3590
01/07/19	12:09:21.265	619	1	2.103000	0.458000	-6.4720	-6.3740
01/07/19	12:09:21.472	620	1	2.103000	0.457000	-6.5030	-6.4130
01/07/19	12:09:21.625	621	1	2.102000	0.457000	-6.4980	-6.4300
01/07/19	12:09:21.837	622	1	2.119000	0.457000	-6.5350	-6.4810
01/07/19	12:09:22.049	623	1	2.119000	0.462000	-6.5660	-6.5040
01/07/19	12:09:22.257	624	1	2.120000	0.462000	-6.5770	-6.5100
01/07/19	12:09:22.424	625	1	2.130000	0.462000	-6.6170	-6.5380
01/07/19	12:09:22.632	626	1	2.130000	0.465000	-6.6590	-6.5890
01/07/19	12:09:22.845	627	1	2.130000	0.464000	-6.6880	-6.5920
01/07/19	12:09:23.052	628	1	2.129000	0.463000	-6.7050	-6.6290
01/07/19	12:09:23.260	629	1	2.136000	0.465000	-6.7130	-6.6540
01/07/19	12:09:23.427	630	1	2.150000	0.465000	-6.7410	-6.6710
01/07/19	12:09:23.639	631	1	2.150000	0.469000	-6.7610	-6.6910
01/07/19	12:09:23.851	632	1	2.152000	0.471000	-6.7810	-6.7190
01/07/19	12:09:24.055	633	1	2.166000	0.473000	-6.8490	-6.7560
01/07/19	12:09:24.222	634	1	2.152000	0.473000	-6.8520	-6.7680
01/07/19	12:09:24.432	635	1	2.152000	0.472000	-6.8800	-6.7850
01/07/19	12:09:24.637	636	1	2.167000	0.473000	-6.8920	-6.8210
01/07/19	12:09:24.844	637	1	2.178000	0.473000	-6.9260	-6.8580
01/07/19	12:09:25.055	638	1	2.179000	0.475000	-6.9510	-6.8810
01/07/19	12:09:25.267	639	1	2.184000	0.476000	-6.9600	-6.8810
01/07/19	12:09:25.426	640	1	2.184000	0.480000	-6.9880	-6.9150
01/07/19	12:09:25.634	641	1	2.199000	0.480000	-7.0330	-6.9570
01/07/19	12:09:25.842	642	1	2.197000	0.480000	-7.0790	-6.9630
01/07/19	12:09:26.050	643	1	2.197000	0.477000	-7.1010	-7.0000
01/07/19	12:09:26.259	644	1	2.192000	0.479000	-7.1270	-7.0310
01/07/19	12:09:26.429	645	1	2.201000	0.479000	-7.1410	-7.0450
01/07/19	12:09:26.642	646	1	2.211000	0.479000	-7.1470	-7.0820
01/07/19	12:09:26.851	647	1	2.211000	0.485000	-7.1920	-7.0990
01/07/19	12:09:27.060	648	1	2.222000	0.484000	-7.2030	-7.1220
01/07/19	12:09:27.220	649	1	2.229000	0.484000	-7.2180	-7.1610
01/07/19	12:09:27.429	650	1	2.238000	0.487000	-7.2660	-7.1700
01/07/19	12:09:27.635	651	1	2.238000	0.487000	-7.2690	-7.1980
01/07/19	12:09:27.843	652	1	2.233000	0.491000	-7.3050	-7.2380
01/07/19	12:09:28.068	653	1	2.247000	0.491000	-7.3170	-7.2610
01/07/19	12:09:28.221	654	1	2.256000	0.491000	-7.3680	-7.2720
01/07/19	12:09:28.436	655	1	2.256000	0.491000	-7.3710	-7.2950
01/07/19	12:09:28.643	656	1	2.250000	0.495000	-7.4240	-7.3460
01/07/19	12:09:28.856	657	1	2.260000	0.492000	-7.4410	-7.3710
01/07/19	12:09:29.064	658	1	2.267000	0.492000	-7.4640	-7.3970
01/07/19	12:09:29.229	659	1	2.267000	0.495000	-7.4810	-7.4190
01/07/19	12:09:29.439	660	1	2.272000	0.498000	-7.5210	-7.4480
01/07/19	12:09:29.652	661	1	2.276000	0.498000	-7.5600	-7.4670
01/07/19	12:09:29.860	662	1	2.274000	0.497000	-7.5660	-7.4840
01/07/19	12:09:30.070	663	1	2.290000	0.500000	-7.6170	-7.5240
01/07/19	12:09:30.226	664	1	2.290000	0.498000	-7.6000	-7.5210
01/07/19	12:09:30.440	665	1	2.304000	0.498000	-7.6370	-7.5750
01/07/19	12:09:30.649	666	1	2.305000	0.504000	-7.6770	-7.5920
01/07/19	12:09:30.850	667	1	2.305000	0.503000	-7.7080	-7.6010
01/07/19	12:09:31.075	668	1	2.305000	0.503000	-7.7220	-7.6550
01/07/19	12:09:31.225	669	1	2.306000	0.503000	-7.7360	-7.6570
01/07/19	12:09:31.431	670	1	2.323000	0.505000	-7.7730	-7.7000
01/07/19	12:09:31.645	671	1	2.323000	0.507000	-7.8070	-7.7060
01/07/19	12:09:31.856	672	1	2.321000	0.507000	-7.8070	-7.7480
01/07/19	12:09:32.024	673	1	2.337000	0.507000	-7.8350	-7.7740
01/07/19	12:09:32.233	674	1	2.341000	0.512000	-7.8720	-7.7930
01/07/19	12:09:32.441	675	1	2.341000	0.511000	-7.9090	-7.8100
01/07/19	12:09:32.657	676	1	2.342000	0.511000	-7.9120	-7.8590
01/07/19	12:09:32.829	677	1	2.352000	0.511000	-7.9340	-7.8670
01/07/19	12:09:33.041	678	1	2.361000	0.514000	-7.9710	-7.9150
01/07/19	12:09:33.253	679	1	2.361000	0.515000	-8.0170	-7.9210
01/07/19	12:09:33.465	680	1	2.360000	0.513000	-8.0190	-7.9520
01/07/19	12:09:33.622	681	1	2.359000	0.513000	-8.0560	-7.9630
01/07/19	12:09:33.830	682	1	2.370000	0.518000	-8.0820	-8.0060
01/07/19	12:09:34.048	683	1	2.370000	0.519000	-8.1160	-8.0230
01/07/19	12:09:34.254	684	1	2.375000	0.518000	-8.1390	-8.0650
01/07/19	12:09:34.459	685	1	2.379000	0.519000	-8.1580	-8.0710
01/07/19	12:09:34.625	686	1	2.387000	0.519000	-8.1920	-8.1020
01/07/19	12:09:34.834	687	1	2.387000	0.522000	-8.1900	-8.1420
01/07/19	12:09:35.045	688	1	2.389000	0.526000	-8.2410	-8.1650
01/07/19	12:09:35.256	689	1	2.396000	0.523000	-8.2460	-8.1620
01/07/19	12:09:35.431	690	1	2.411000	0.523000	-8.2830	-8.1790
01/07/19	12:09:35.641	691	1	2.411000	0.527000	-8.2970	-8.2330
01/07/19	12:09:35.850	692	1	2.409000	0.530000	-8.3480	-8.2550
01/07/19	12:09:36.059	693	1	2.411000	0.526000	-8.3710	-8.2980
01/07/19	12:09:36.223	694	1	2.418000	0.526000	-8.4020	-8.2980
01/07/19	12:09:36.434	695	1	2.418000	0.529000	-8.4110	-8.3350
01/07/19	12:09:36.641	696	1	2.420000	0.531000	-8.4360	-8.3400
01/07/19	12:09:36.848	697	1	2.433000	0.531000	-8.4620	-8.3800
01/07/19	12:09:37.055	698	1	2.440000	0.532000	-8.5240	-8.4030
01/07/19	12:09:37.222	699	1	2.440000	0.529000	-8.5300	-8.4310
01/07/19	12:09:37.438	700	1	2.428000	0.533000	-8.5470	-8.4710
01/07/19	12:09:37.646	701	1	2.448000	0.533000	-8.5780	-8.4850
01/07/19	12:09:37.861	702	1	2.449000	0.535000	-8.5890	-8.5130
01/07/19	12:09:38.028	703	1	2.449000	0.537000	-8.6340	-8.5160
01/07/19	12:09:38.245	704	1	2.461000	0.537000	-8.6460	-8.5500
01/07/19	12:09:38.453	705	1	2.465000	0.537000	-8.6710	-8.5930
01/07/19	12:09:38.666	706	1	2.469000	0.539000	-8.6770	-8.6180
01/07/19	12:09:38.825	707	1	2.469000	0.544000	-8.7220	-8.6460
01/07/19	12:09:39.035	708	1	2.478000	0.542000	-8.7480	-8.6580
01/07/19	12:09:39.244	709	1	2.481000	0.542000	-8.7680	-8.6970
01/07/19	12:09:39.456	710	1	2.488000	0.543000	-7.7930	-6.6120
01/07/19	12:09:39.662	711	1	2.488000	0.672000	-6.1240	-5.1750
01/07/19	12:09:39.824	712	1	2.902000	0.884000	-5.5140	-4.6990
01/07/19	12:09:40.033	713	1	3.871000	0.884000	-5.1400	-4.4440
01/07/19	12:09:40.248	714	1	4.080000	0.978000	-5.0520	-4.3840
01/07/19	12:09:40.463	715	1	4.080000	1.030000	-5.1120	-4.4440
01/07/19	12:09:40.629	716	1	4.163000	1.027000	-5.1740	-4.5290
01/07/19	12:09:40.839	717	1	4.169000	1.027000	-5.3100	-4.6390
01/07/19	12:09:41.058	718	1	4.145000	1.019000	-5.4290	-4.7500
01/07/19	12:09:41.271	719	1	4.145000	1.000000	-5.5650	-4.8940
01/07/19	12:09:41.424	720	1	4.127000	0.988000	-5.6500	-4.9770
01/07/19	12:09:41.632	721	1	4.073000	0.988000	-5.7670	-5.0900
01/07/19	12:09:41.847	722	1	4.046000	0.977000	-5.9000	-5.2000
01/07/19	12:09:42.064	723	1	4.046000	0.958000	-6.0160	-5.3140
01/07/19	12:09:42.223	724	1	4.016000	0.947000	-6.0980	-5.3730
01/07/19	12:09:42.437	725	1	3.966000	0.947000	-6.1950	-5.4550
01/07/19	12:09:42.650	726	1	3.945000	0.939000	-6.2770	-5.5570
01/07/19	12:09:42.857	727	1	3.945000	0.927000	-6.3730	-5.6340
01/07/19	12:09:43.029	728	1	3.930000	0.919000	-6.4330	-5.7050
01/07/19	12:09:43.241	729	1	3.899000	0.919000	-6.5060	-5.7700
01/07/19	12:09:43.450	730	1	3.887000	0.916000	-6.5860	-5.8470
01/07/19	12:09:43.662	731	1	3.887000	0.906000	-6.6790	-5.9260
01/07/19	12:09:43.819	732	1	3.870000	0.898000	-6.7300	-5.9940
01/07/19	12:09:44.028	733	1	3.841000	0.898000	-6.7870	-6.0560
01/07/19	12:09:44.236	734	1	3.834000	0.893000	-6.8660	-6.1240
01/07/19	12:09:44.443	735	1	3.834000	0.887000	-6.9310	-6.1580
01/07/19	12:09:44.662	736	1	3.818000	0.882000	-6.9790	-6.2460
01/07/19	12:09:44.858	737	1	3.801000	0.882000	-7.0330	-6.2860
01/07/19	12:09:45.022	738	1	3.798000	0.881000	-7.0960	-6.3280
01/07/19	12:09:45.236	739	1	3.798000	0.875000	-7.1550	-6.3910
01/07/19	12:09:45.449	740	1	3.785000	0.872000	-7.2120	-6.4360
01/07/19	12:09:45.658	741	1	3.770000	0.872000	-7.2630	-6.4950
01/07/19	12:09:45.828	742	1	3.762000	0.869000	-7.3000	-6.5410
01/07/19	12:09:46.042	743	1	3.762000	0.866000	-7.3480	-6.5890
01/07/19	12:09:46.254	744	1	3.763000	0.864000	-7.4190	-6.6460
01/07/19	12:09:46.460	745	1	3.744000	0.864000	-7.4530	-6.6800
01/07/19	12:09:46.626	746	1	3.745000	0.859000	-7.5150	-6.7080
01/07/19	12:09:46.833	747	1	3.745000	0.856000	-7.5630	-6.7730
01/07/19	12:09:47.048	748	1	3.736000	0.854000	-7.5920	-6.7930
01/07/19	12:09:47.253	749	1	3.733000	0.854000	-7.6400	-6.8580
01/07/19	12:09:47.427	750	1	3.730000	0.854000	-7.7020	-6.9060
01/07/19	12:09:47.635	751	1	3.730000	0.849000	-7.7420	-6.9490
01/07/19	12:09:47.849	752	1	3.720000	0.848000	-7.7900	-7.0140
01/07/19	12:09:48.063	753	1	3.711000	0.848000	-7.8300	-7.0250
01/07/19	12:09:48.229	754	1	3.710000	0.846000	-7.8830	-7.0450
01/07/19	12:09:48.441	755	1	3.710000	0.843000	-7.8860	-7.1160
01/07/19	12:09:48.653	756	1	3.704000	0.847000	-7.9600	-7.1530
01/07/19	12:09:48.864	757	1	3.703000	0.847000	-7.9910	-7.2010
01/07/19	12:09:49.027	758	1	3.704000	0.842000	-8.0140	-7.2380
01/07/19	12:09:49.235	759	1	3.704000	0.843000	-8.0870	-7.2580
01/07/19	12:09:49.445	760	1	3.707000	0.838000	-8.1190	-7.3000
01/07/19	12:09:49.659	761	1	3.694000	0.838000	-8.1640	-7.3600
01/07/19	12:09:49.825	762	1	3.693000	0.838000	-8.1900	-7.3850
01/07/19	12:09:50.038	763	1	3.693000	0.838000	-8.2290	-7.4160
01/07/19	12:09:50.253	764	1	3.698000	0.837000	-8.2520	-7.4530
01/07/19	12:09:50.465	765	1	3.698000	0.837000	-8.3170	-7.4900
01/07/19	12:09:50.630	766	1	3.689000	0.838000	-8.3480	-7.5240
01/07/19	12:09:50.842	767	1	3.689000	0.835000	-8.3850	-7.5700
01/07/19	12:09:51.055	768	1	3.691000	0.834000	-8.4390	-7.6120
01/07/19	12:09:51.268	769	1	3.682000	0.834000	-8.4760	-7.6350
01/07/19	12:09:51.425	770	1	3.682000	0.832000	-8.4900	-7.6690
01/07/19	12:09:51.637	771	1	3.682000	0.834000	-8.5490	-7.6910
01/07/19	12:09:51.845	772	1	3.690000	0.830000	-8.5830	-7.7420
01/07/19	12:09:52.053	773	1	3.680000	0.830000	-8.6170	-7.7820
01/07/19	12:09:52.225	774	1	3.680000	0.830000	-8.6540	-7.7930
01/07/19	12:09:52.435	775	1	3.680000	0.830000	-8.6680	-7.8470
01/07/19	12:09:52.643	776	1	3.683000	0.832000	-8.7450	-7.8900
01/07/19	12:09:52.850	777	1	3.674000	0.832000	-8.7730	-7.9320
01/07/19	12:09:53.063	778	1	3.675000	0.827000	-8.8270	-7.9290
01/07/19	12:09:53.229	779	1	3.675000	0.826000	-8.8380	-7.9830
01/07/19	12:09:53.441	780	1	3.670000	0.828000	-8.8840	-8.0230
01/07/19	12:09:53.651	781	1	3.674000	0.828000	-8.8980	-8.0710
01/07/19	12:09:53.863	782	1	3.681000	0.827000	-8.9630	-8.0990
01/07/19	12:09:54.024	783	1	3.681000	0.825000	-8.9910	-8.1110
01/07/19	12:09:54.230	784	1	3.672000	0.826000	-9.0170	-8.1480
01/07/19	12:09:54.450	785	1	3.676000	0.826000	-9.0570	-8.2010
01/07/19	12:09:54.647	786	1	3.673000	0.827000	-9.1080	-8.2270
01/07/19	12:09:54.852	787	1	3.673000	0.823000	-9.1450	-8.2640
01/07/19	12:09:55.024	788	1	3.667000	0.822000	-9.1620	-8.3030
01/07/19	12:09:55.230	789	1	3.671000	0.822000	-9.1840	-8.3150
01/07/19	12:09:55.445	790	1	3.679000	0.825000	-9.2520	-8.3710
01/07/19	12:09:55.657	791	1	3.679000	0.822000	-9.2780	-8.3880
01/07/19	12:09:55.863	792	1	3.664000	0.823000	-9.3400	-8.4540
01/07/19	12:09:56.030	793	1	3.659000	0.823000	-9.3570	-8.4820
01/07/19	12:09:56.243	794	1	3.664000	0.820000	-9.3880	-8.5160
01/07/19	12:09:56.451	795	1	3.664000	0.822000	-9.4050	-8.5270
01/07/19	12:09:56.659	796	1	3.666000	0.823000	-9.4650	-8.5870
01/07/19	12:09:56.821	797	1	3.663000	0.823000	-9.4970	-8.6120
01/07/19	12:09:57.043	798	1	3.664000	0.820000	-9.5310	-8.6430
01/07/19	12:09:57.247	799	1	3.664000	0.820000	-9.5600	-8.6920
01/07/19	12:09:57.452	800	1	3.664000	0.821000	-9.6180	-8.7370
01/07/19	12:09:57.623	801	1	3.655000	0.821000	-9.6610	-8.7600
01/07/19	12:09:57.834	802	1	3.653000	0.817000	-9.6920	-8.7990
01/07/19	12:09:58.042	803	1	3.653000	0.817000	-9.7300	-8.8480
01/07/19	12:09:58.252	804	1	3.651000	0.816000	-9.7820	-8.8650
01/07/19	12:09:58.459	805	1	3.643000	0.816000	-9.8020	-8.9270
01/07/19	12:09:58.630	806	1	3.649000	0.814000	-9.8360	-8.9550
01/07/19	12:09:58.835	807	1	3.649000	0.816000	-9.8760	-9.0030
01/07/19	12:09:59.051	808	1	3.649000	0.815000	-9.9080	-9.0460
01/07/19	12:09:59.266	809	1	3.648000	0.815000	-9.9570	-9.0690
01/07/19	12:09:59.420	810	1	3.642000	0.814000	-9.9890	-9.1050
01/07/19	12:09:59.631	811	1	3.642000	0.814000	-10.0410	-9.1620
01/07/19	12:09:59.855	812	1	3.645000	0.810000	-10.0520	-9.1850
01/07/19	12:10:00.058	813	1	3.644000	0.810000	-10.1350	-9.2410
01/07/19	12:10:00.223	814	1	3.627000	0.813000	-10.1560	-9.2530
01/07/19	12:10:00.435	815	1	3.627000	0.808000	-10.2100	-9.3210
01/07/19	12:10:00.644	816	1	3.628000	0.807000	-10.2280	-9.3580
01/07/19	12:10:00.856	817	1	3.629000	0.807000	-10.2850	-9.3920
01/07/19	12:10:01.022	818	1	3.620000	0.808000	-10.3110	-9.4200
01/07/19	12:10:01.234	819	1	3.620000	0.807000	-10.3660	-9.4660
01/07/19	12:10:01.442	820	1	3.623000	0.804000	-10.3830	-9.5150
01/07/19	12:10:01.650	821	1	3.621000	0.804000	-10.4320	-9.5430
01/07/19	12:10:01.861	822	1	3.614000	0.806000	-10.4750	-9.5890
01/07/19	12:10:02.028	823	1	3.614000	0.803000	-10.5070	-9.6330
01/07/19	12:10:02.236	824	1	3.611000	0.803000	-10.5610	-9.6810
01/07/19	12:10:02.448	825	1	3.602000	0.803000	-10.5870	-9.7330
01/07/19	12:10:02.661	826	1	3.604000	0.800000	-10.6530	-9.7740
01/07/19	12:10:02.874	827	1	3.604000	0.797000	-10.7000	-9.8220
01/07/19	12:10:03.027	828	1	3.592000	0.795000	-10.7170	-9.8680
01/07/19	12:10:03.234	829	1	3.591000	0.795000	-10.7660	-9.8890
01/07/19	12:10:03.451	830	1	3.585000	0.796000	-10.8030	-9.9460
01/07/19	12:10:03.659	831	1	3.585000	0.795000	-10.8350	-9.9750
01/07/19	12:10:03.827	832	1	3.584000	0.795000	-10.8640	-10.0180
01/07/19	12:10:04.032	833	1	3.587000	0.795000	-10.9180	-10.0670
01/07/19	12:10:04.246	834	1	3.578000	0.795000	-10.9580	-10.1020
01/07/19	12:10:04.459	835	1	3.578000	0.792000	-10.9820	-10.1500
01/07/19	12:10:04.631	836	1	3.575000	0.793000	-11.0300	-10.1940
01/07/19	12:10:04.835	837	1	3.571000	0.793000	-11.0650	-10.2450
01/07/19	12:10:05.052	838	1	3.572000	0.791000	-11.1230	-10.2860
01/07/19	12:10:05.269	839	1	3.572000	0.788000	-11.1630	-10.3260
01/07/19	12:10:05.421	840	1	3.562000	0.787000	-11.1890	-10.3630
01/07/19	12:10:05.638	841	1	3.561000	0.787000	-11.2120	-10.4090
01/07/19	12:10:05.842	842	1	3.567000	0.788000	-11.2690	-10.4470
01/07/19	12:10:06.049	843	1	3.567000	0.787000	-11.2840	-10.4960
01/07/19	12:10:06.256	844	1	3.559000	0.789000	-11.3530	-10.5300
01/07/19	12:10:06.424	845	1	3.549000	0.789000	-11.3810	-10.5760
01/07/19	12:10:06.637	846	1	3.552000	0.785000	-11.4070	-10.6250
01/07/19	12:10:06.847	847	1	3.552000	0.786000	-11.4650	-10.6680
01/07/19	12:10:07.058	848	1	3.554000	0.783000	-11.4910	-10.7000
01/07/19	12:10:07.229	849	1	3.548000	0.783000	-11.5110	-10.7690
01/07/19	12:10:07.441	850	1	3.551000	0.784000	-11.5770	-10.7890
01/07/19	12:10:07.652	851	1	3.551000	0.781000	-11.6150	-10.8440
01/07/19	12:10:07.860	852	1	3.537000	0.781000	-11.6320	-10.8790
01/07/19	12:10:08.026	853	1	3.544000	0.781000	-11.6720	-10.9070
01/07/19	12:10:08.248	854	1	3.541000	0.783000	-11.7100	-10.9650
01/07/19	12:10:08.452	855	1	3.541000	0.781000	-11.7300	-11.0280
01/07/19	12:10:08.652	856	1	3.536000	0.783000	-11.7870	-11.0510
01/07/19	12:10:08.823	857	1	3.533000	0.783000	-11.8420	-11.1030
01/07/19	12:10:09.038	858	1	3.523000	0.777000	-11.8740	-11.1550
01/07/19	12:10:09.246	859	1	3.523000	0.777000	-11.8910	-11.1840
01/07/19	12:10:09.456	860	1	3.522000	0.780000	-11.9400	-11.2070
01/07/19	12:10:09.661	861	1	3.528000	0.780000	-11.9710	-11.2580
01/07/19	12:10:09.829	862	1	3.525000	0.778000	-11.9970	-11.2930
01/07/19	12:10:10.042	863	1	3.525000	0.779000	-12.0460	-11.3620
01/07/19	12:10:10.251	864	1	3.530000	0.777000	-12.0950	-11.3820
01/07/19	12:10:10.458	865	1	3.516000	0.777000	-12.1100	-11.4170
01/07/19	12:10:10.668	866	1	3.522000	0.775000	-12.1440	-11.4680
01/07/19	12:10:10.824	867	1	3.522000	0.777000	-12.1840	-11.5200
01/07/19	12:10:11.037	868	1	3.521000	0.776000	-12.2130	-11.5780
01/07/19	12:10:11.245	869	1	3.522000	0.776000	-12.2820	-11.6120
01/07/19	12:10:11.458	870	1	3.506000	0.777000	-12.2940	-11.6440
01/07/19	12:10:11.623	871	1	3.506000	0.775000	-12.3080	-11.6900
01/07/19	12:10:11.831	872	1	3.519000	0.777000	-12.3600	-11.7250
01/07/19	12:10:12.046	873	1	3.515000	0.777000	-12.4030	-11.7850
01/07/19	12:10:12.259	874	1	3.511000	0.775000	-12.4460	-11.8110
01/07/19	12:10:12.430	875	1	3.511000	0.773000	-12.4520	-11.8770
01/07/19	12:10:12.635	876	1	3.509000	0.776000	-12.5120	-11.9090
01/07/19	12:10:12.850	877	1	3.508000	0.776000	-12.5380	-11.9430
01/07/19	12:10:13.064	878	1	3.511000	0.773000	-12.5760	-11.9830
01/07/19	12:10:13.230	879	1	3.511000	0.773000	-12.6100	-12.0380
01/07/19	12:10:13.445	880	1	3.508000	0.773000	-12.6650	-12.0780
01/07/19	12:10:13.656	881	1	3.498000	0.773000	-12.7050	-12.1250
01/07/19	12:10:13.855	882	1	3.494000	0.770000	-12.7280	-12.1880
01/07/19	12:10:14.022	883	1	3.494000	0.771000	-12.7430	-12.2170
01/07/19	12:10:14.236	884	1	3.505000	0.773000	-12.7970	-12.2660
01/07/19	12:10:14.446	885	1	3.497000	0.773000	-12.8580	-12.3350
01/07/19	12:10:14.655	886	1	3.487000	0.770000	-12.8840	-12.3600
01/07/19	12:10:14.860	887	1	3.487000	0.768000	-12.9040	-12.4180
01/07/19	12:10:15.027	888	1	3.489000	0.769000	-12.9560	-12.4530
01/07/19	12:10:15.242	889	1	3.486000	0.769000	-12.9990	-12.5010
01/07/19	12:10:15.451	890	1	3.482000	0.767000	-13.0390	-12.5450
01/07/19	12:10:15.659	891	1	3.482000	0.765000	-13.0740	-12.5880
01/07/19	12:10:15.873	892	1	3.477000	0.765000	-13.1250	-12.6660
01/07/19	12:10:16.024	893	1	3.472000	0.765000	-13.1450	-12.7090
01/07/19	12:10:16.233	894	1	3.473000	0.765000	-13.1940	-12.7520
01/07/19	12:10:16.446	895	1	3.473000	0.762000	-13.2170	-12.7920
01/07/19	12:10:16.650	896	1	3.466000	0.764000	-13.2660	-12.8530
01/07/19	12:10:16.859	897	1	3.466000	0.764000	-13.3180	-12.8990
01/07/19	12:10:17.022	898	1	3.457000	0.763000	-13.3530	-12.9500
01/07/19	12:10:17.236	899	1	3.457000	0.759000	-13.3900	-12.9820
01/07/19	12:10:17.443	900	1	3.455000	0.759000	-13.4330	-13.0650
01/07/19	12:10:17.655	901	1	3.448000	0.759000	-13.4760	-13.0940
01/07/19	12:10:17.828	902	1	3.444000	0.757000	-13.5080	-13.1720
01/07/19	12:10:18.038	903	1	3.444000	0.756000	-13.5570	-13.2240
01/07/19	12:10:18.251	904	1	3.443000	0.754000	-13.6000	-13.2870
01/07/19	12:10:18.458	905	1	3.432000	0.754000	-13.6550	-13.3620
01/07/19	12:10:18.622	906	1	3.422000	0.754000	-13.7010	-13.3940
01/07/19	12:10:18.843	907	1	3.422000	0.749000	-13.7300	-13.4570
01/07/19	12:10:19.043	908	1	3.418000	0.749000	-13.8020	-13.5490
01/07/19	12:10:19.250	909	1	3.400000	0.749000	-13.8500	-13.6010
01/07/19	12:10:19.457	910	1	3.397000	0.744000	-13.9020	-13.6840
01/07/19	12:10:19.622	911	1	3.397000	0.740000	-13.9510	-13.7360
01/07/19	12:10:19.837	912	1	3.382000	0.738000	-13.9970	-13.8050
01/07/19	12:10:20.048	913	1	3.376000	0.738000	-14.0580	-13.8600
01/07/19	12:10:20.255	914	1	3.362000	0.737000	-14.1040	-13.9060
01/07/19	12:10:20.428	915	1	3.362000	0.733000	-14.1300	-13.9780
01/07/19	12:10:20.642	916	1	3.358000	0.733000	-14.1640	-14.0240
01/07/19	12:10:20.850	917	1	3.355000	0.733000	-14.2020	-14.0670
01/07/19	12:10:21.063	918	1	3.355000	0.733000	-14.2530	-14.1040
01/07/19	12:10:21.225	919	1	3.355000	0.731000	-14.2850	-14.1620
01/07/19	12:10:21.435	920	1	3.349000	0.731000	-14.3340	-14.1880
01/07/19	12:10:21.640	921	1	3.341000	0.731000	-14.3450	-14.2310
01/07/19	12:10:21.848	922	1	3.350000	0.729000	-14.3860	-14.2740
01/07/19	12:10:22.060	923	1	3.350000	0.731000	-14.4060	-14.3060
01/07/19	12:10:22.226	924	1	3.347000	0.732000	-14.4260	-14.3260
01/07/19	12:10:22.437	925	1	3.354000	0.732000	-14.4580	-14.3780
01/07/19	12:10:22.649	926	1	3.353000	0.733000	-14.4810	-14.4060
01/07/19	12:10:22.855	927	1	3.353000	0.734000	-14.4950	-14.4240
01/07/19	12:10:23.028	928	1	3.357000	0.737000	-14.5150	-14.4290
01/07/19	12:10:23.241	929	1	3.373000	0.737000	-14.5350	-14.4610
01/07/19	12:10:23.453	930	1	3.376000	0.740000	-14.5320	-14.4870
01/07/19	12:10:23.666	931	1	3.376000	0.745000	-14.5730	-14.4960
01/07/19	12:10:23.825	932	1	3.392000	0.745000	-14.5900	-14.5420
01/07/19	12:10:24.033	933	1	3.396000	0.745000	-14.6040	-14.5450
01/07/19	12:10:24.247	934	1	3.402000	0.746000	-14.6390	-14.5590
01/07/19	12:10:24.455	935	1	3.402000	0.748000	-14.6390	-14.5910
01/07/19	12:10:24.623	936	1	3.403000	0.752000	-14.6500	-14.5910
01/07/19	12:10:24.838	937	1	3.427000	0.752000	-14.6850	-14.6340
01/07/19	12:10:25.053	938	1	3.429000	0.755000	-14.6730	-14.6540
01/07/19	12:10:25.265	939	1	3.429000	0.761000	-14.6940	-14.6740
01/07/19	12:10:25.431	940	1	3.448000	0.762000	-14.7020	-14.6940
01/07/19	12:10:25.643	941	1	3.462000	0.762000	-14.7370	-14.6940
01/07/19	12:10:25.855	942	1	3.463000	0.765000	-14.7630	-14.7140
01/07/19	12:10:26.065	943	1	3.463000	0.766000	-14.7740	-14.7340
01/07/19	12:10:26.224	944	1	3.468000	0.769000	-14.7830	-14.7600
01/07/19	12:10:26.436	945	1	3.487000	0.769000	-14.8490	-14.7660
01/07/19	12:10:26.651	946	1	3.475000	0.772000	-14.8370	-14.7980
01/07/19	12:10:26.859	947	1	3.475000	0.774000	-14.8290	-14.7890
01/07/19	12:10:27.025	948	1	3.496000	0.779000	-14.8750	-14.8120
01/07/19	12:10:27.233	949	1	3.506000	0.779000	-14.8690	-14.8410
01/07/19	12:10:27.444	950	1	3.523000	0.777000	-14.8840	-14.8610
01/07/19	12:10:27.651	951	1	3.523000	0.785000	-14.9180	-14.8960
01/07/19	12:10:27.868	952	1	3.534000	0.785000	-14.9500	-14.9240
01/07/19	12:10:28.027	953	1	3.537000	0.785000	-14.9530	-14.9190
01/07/19	12:10:28.243	954	1	3.550000	0.786000	-14.9760	-14.9530
01/07/19	12:10:28.454	955	1	3.550000	0.791000	-15.0250	-14.9680
01/07/19	12:10:28.662	956	1	3.555000	0.788000	-15.0100	-14.9680
01/07/19	12:10:28.822	957	1	3.569000	0.788000	-15.0360	-15.0020
01/07/19	12:10:29.030	958	1	3.573000	0.794000	-15.0590	-15.0050
01/07/19	12:10:29.255	959	1	3.573000	0.795000	-15.0710	-15.0340
01/07/19	12:10:29.458	960	1	3.577000	0.799000	-15.0990	-15.0650
01/07/19	12:10:29.659	961	1	3.591000	0.799000	-15.1280	-15.0570
01/07/19	12:10:29.826	962	1	3.592000	0.800000	-15.1280	-15.0830
01/07/19	12:10:30.035	963	1	3.592000	0.804000	-15.1370	-15.1140
01/07/19	12:10:30.248	964	1	3.607000	0.807000	-15.1770	-15.1520
01/07/19	12:10:30.463	965	1	3.618000	0.807000	-15.1890	-15.1780
01/07/19	12:10:30.630	966	1	3.625000	0.807000	-15.2230	-15.1780
01/07/19	12:10:30.843	967	1	3.625000	0.808000	-15.2460	-15.2150
01/07/19	12:10:31.055	968	1	3.627000	0.811000	-15.2610	-15.2320
01/07/19	12:10:31.266	969	1	3.640000	0.811000	-15.2950	-15.2580
01/07/19	12:10:31.423	970	1	3.642000	0.812000	-15.3070	-15.2750
01/07/19	12:10:31.631	971	1	3.642000	0.814000	-15.3270	-15.2870
01/07/19	12:10:31.839	972	1	3.650000	0.817000	-15.3380	-15.3040
01/07/19	12:10:32.048	973	1	3.667000	0.817000	-15.3640	-15.3300
01/07/19	12:10:32.257	974	1	3.672000	0.819000	-15.3840	-15.3500
01/07/19	12:10:32.423	975	1	3.672000	0.822000	-15.4190	-15.3700
01/07/19	12:10:32.638	976	1	3.378000	-0.022000	-15.4590	-15.3960
01/07/19	12:10:32.843	977	1	0.985000	-0.022000	-15.3410	-15.2900
01/07/19	12:10:33.053	978	1	0.913000	-0.022000	-15.1480	-15.0910
01/07/19	12:10:33.268	979	1	0.913000	-0.022000	-14.8860	-14.8320
01/07/19	12:10:33.428	980	1	0.858000	-0.022000	-14.6500	-14.6280
01/07/19	12:10:33.644	981	1	0.814000	-0.022000	-14.3480	-14.3780
01/07/19	12:10:33.842	982	1	0.780000	-0.022000	-14.0260	-14.0640
01/07/19	12:10:34.062	983	1	0.780000	-0.022000	-13.7120	-13.7960
01/07/19	12:10:34.263	984	1	0.749000	-0.022000	-13.4360	-13.5030
01/07/19	12:10:34.424	985	1	0.723000	-0.022000	-13.1680	-13.2760
01/07/19	12:10:34.637	986	1	0.699000	-0.022000	-12.8610	-13.0170
01/07/19	12:10:34.847	987	1	0.699000	-0.025000	-12.5790	-12.7230
01/07/19	12:10:35.055	988	1	0.688000	-0.025000	-12.2510	-12.4120
01/07/19	12:10:35.264	989	1	0.667000	-0.025000	-11.9830	-12.1390
01/07/19	12:10:35.430	990	1	0.649000	-0.025000	-11.7350	-11.9260
01/07/19	12:10:35.642	991	1	0.649000	-0.025000	-11.4530	-11.6410
01/07/19	12:10:35.850	992	1	0.631000	-0.025000	-11.1690	-11.3530
01/07/19	12:10:36.058	993	1	0.614000	-0.025000	-10.8640	-11.1090
01/07/19	12:10:36.222	994	1	0.597000	-0.025000	-10.6530	-10.8550
01/07/19	12:10:36.430	995	1	0.597000	-0.025000	-10.3890	-10.5940
01/07/19	12:10:36.637	996	1	0.582000	-0.025000	-10.1180	-10.3170
01/07/19	12:10:36.854	997	1	0.567000	-0.025000	-9.8420	-10.0560
01/07/19	12:10:37.058	998	1	0.553000	-0.025000	-9.5540	-9.7910
01/07/19	12:10:37.224	999	1	0.553000	-0.025000	-9.3770	-9.5840
01/07/19	12:10:37.435	1000	1	0.539000	-0.025000	-9.1110	-9.3320
01/07/19	12:10:37.641	1001	1	0.525000	-0.025000	-8.8500	-9.0800
01/07/19	12:10:37.849	1002	1	0.512000	-0.025000	-8.6170	-8.8480
01/07/19	12:10:38.065	1003	1	0.512000	-0.025000	-8.3450	-8.5780
01/07/19	12:10:38.229	1004	1	0.500000	-0.025000	-8.1900	-8.4280
01/07/19	12:10:38.439	1005	1	0.484000	-0.025000	-7.9490	-8.1730
01/07/19	12:10:38.647	1006	1	0.484000	-0.025000	-7.6990	-7.9580
01/07/19	12:10:38.857	1007	1	0.473000	-0.025000	-7.4700	-7.7110
01/07/19	12:10:39.023	1008	1	0.461000	-0.025000	-7.2970	-7.5130
01/07/19	12:10:39.234	1009	1	0.450000	-0.025000	-7.0530	-7.2920
01/07/19	12:10:39.440	1010	1	0.450000	-0.025000	-6.8410	-7.0880
01/07/19	12:10:39.663	1011	1	0.439000	-0.025000	-6.6370	-6.8640
01/07/19	12:10:39.864	1012	1	0.430000	-0.025000	-6.4300	-6.6370
01/07/19	12:10:40.027	1013	1	0.419000	-0.025000	-6.2740	-6.4980
01/07/19	12:10:40.237	1014	1	0.419000	-0.025000	-6.0580	-6.2860
01/07/19	12:10:40.445	1015	1	0.410000	-0.025000	-5.8570	-6.0760
01/07/19	12:10:40.650	1016	1	0.400000	-0.025000	-5.6730	-5.8780
01/07/19	12:10:40.857	1017	1	0.390000	-0.025000	-5.4490	-5.6990
01/07/19	12:10:41.029	1018	1	0.390000	-0.025000	-5.3080	-5.5460
01/07/19	12:10:41.242	1019	1	0.381000	-0.025000	-5.1400	-5.3450
01/07/19	12:10:41.452	1020	1	0.372000	-0.025000	-4.9500	-5.1610
01/07/19	12:10:41.659	1021	1	0.363000	-0.026000	-4.7520	-4.9770
01/07/19	12:10:41.823	1022	1	0.363000	-0.025000	-4.6130	-4.8380
01/07/19	12:10:42.030	1023	1	0.355000	-0.025000	-4.4430	-4.6420
01/07/19	12:10:42.238	1024	1	0.347000	-0.025000	-4.2700	-4.4690
01/07/19	12:10:42.462	1025	1	0.339000	-0.025000	-4.0920	-4.3160
01/07/19	12:10:42.662	1026	1	0.339000	-0.025000	-3.9470	-4.1260
01/07/19	12:10:42.825	1027	1	0.331000	-0.025000	-3.7830	-3.9880
01/07/19	12:10:43.031	1028	1	0.323000	-0.025000	-3.6270	-3.8260
01/07/19	12:10:43.246	1029	1	0.316000	-0.025000	-3.4680	-3.6900
01/07/19	12:10:43.451	1030	1	0.316000	-0.025000	-3.3180	-3.5260
01/07/19	12:10:43.665	1031	1	0.309000	-0.025000	-3.1820	-3.3670
01/07/19	12:10:43.830	1032	1	0.302000	-0.025000	-3.0720	-3.2590
01/07/19	12:10:44.043	1033	1	0.295000	-0.025000	-2.9160	-3.1060
01/07/19	12:10:44.253	1034	1	0.295000	-0.025000	-2.7430	-2.9500
01/07/19	12:10:44.463	1035	1	0.288000	-0.025000	-2.6100	-2.8060
01/07/19	12:10:44.622	1036	1	0.282000	-0.025000	-2.5170	-2.6980
01/07/19	12:10:44.838	1037	1	0.275000	-0.025000	-2.3850	-2.5570
01/07/19	12:10:45.048	1038	1	0.275000	-0.025000	-2.2540	-2.4200
01/07/19	12:10:45.246	1039	1	0.269000	-0.025000	-2.1360	-2.3050
01/07/19	12:10:45.451	1040	1	0.264000	-0.025000	-1.9900	-2.1840
01/07/19	12:10:45.622	1041	1	0.257000	-0.025000	-1.8870	-2.0860
01/07/19	12:10:45.837	1042	1	0.257000	-0.025000	-1.7860	-1.9460
01/07/19	12:10:46.049	1043	1	0.251000	-0.025000	-1.6790	-1.8340
01/07/19	12:10:46.257	1044	1	0.246000	-0.025000	-1.5420	-1.7020
01/07/19	12:10:46.429	1045	1	0.242000	-0.025000	-1.4550	-1.6290
01/07/19	12:10:46.636	1046	1	0.242000	-0.025000	-1.3400	-1.5200
01/07/19	12:10:46.849	1047	1	0.236000	-0.025000	-1.2310	-1.4020
01/07/19	12:10:47.062	1048	1	0.232000	-0.025000	-1.1240	-1.3040
01/07/19	12:10:47.220	1049	1	0.227000	-0.025000	-1.0430	-1.2290
01/07/19	12:10:47.432	1050	1	0.227000	-0.025000	-0.9650	-1.1050
01/07/19	12:10:47.650	1051	1	0.222000	-0.025000	-0.8640	-1.0440
01/07/19	12:10:47.847	1052	1	0.218000	-0.025000	-0.7990	-0.9290
01/07/19	12:10:48.054	1053	1	0.213000	-0.025000	-0.6650	-0.8310
01/07/19	12:10:48.222	1054	1	0.213000	-0.025000	-0.6280	-0.7750
01/07/19	12:10:48.437	1055	1	0.208000	-0.026000	-0.5420	-0.6680
01/07/19	12:10:48.643	1056	1	0.204000	-0.026000	-0.4520	-0.6210
01/07/19	12:10:48.856	1057	1	0.200000	-0.025000	-0.3570	-0.5200
01/07/19	12:10:49.029	1058	1	0.200000	-0.025000	-0.3030	-0.4410
01/07/19	12:10:49.242	1059	1	0.196000	-0.025000	-0.2250	-0.3820
01/07/19	12:10:49.453	1060	1	0.192000	-0.025000	-0.1720	-0.3070
01/07/19	12:10:49.667	1061	1	0.189000	-0.025000	-0.0990	-0.2310
01/07/19	12:10:49.825	1062	1	0.189000	-0.025000	-0.0400	-0.2060
01/07/19	12:10:50.038	1063	1	0.185000	-0.025000	0.0130	-0.1360
01/07/19	12:10:50.246	1064	1	0.182000	-0.025000	0.0580	-0.0940
01/07/19	12:10:50.458	1065	1	0.179000	-0.025000	0.1220	-0.0270
01/07/19	12:10:50.630	1066	1	0.179000	-0.025000	0.1590	0.0180
