01/07/19	11:38:32.023	C:\Icing\LabView_vi\Icing_2TC_FP_v2.0.vi
Dt (s):		0.200000

Date	Time	# meas	# cycle	V	I	Temp1	Temp2

01/07/19	11:39:42.742	1	0	-0.001000	0.003000	6.0700	6.0940
01/07/19	11:39:42.932	2	0	-0.002000	0.003000	6.1390	6.1080
01/07/19	11:39:43.145	3	0	-0.002000	0.003000	6.1440	6.1410
01/07/19	11:39:43.358	4	0	-0.001000	0.003000	6.1330	6.1220
01/07/19	11:39:43.573	5	0	-0.001000	0.003000	6.1470	6.1380
01/07/19	11:39:43.732	6	0	-0.002000	0.003000	6.1250	6.1220
01/07/19	11:39:43.942	7	0	-0.001000	0.003000	6.1250	6.1160
01/07/19	11:39:44.147	8	0	-0.001000	0.003000	6.1060	6.1270
01/07/19	11:39:44.357	9	0	-0.001000	0.003000	6.1140	6.1160
01/07/19	11:39:44.564	10	0	-0.001000	0.003000	6.1330	6.1160
01/07/19	11:39:44.735	11	0	-0.001000	0.003000	6.0780	6.1110
01/07/19	11:39:44.948	12	0	-0.001000	0.003000	6.1170	6.1190
01/07/19	11:39:45.166	13	0	-0.001000	0.003000	6.0970	6.0910
01/07/19	11:39:45.373	14	0	-0.001000	0.003000	6.0860	6.1220
01/07/19	11:39:45.540	15	0	-0.001000	0.003000	6.0830	6.1020
01/07/19	11:39:45.752	16	0	-0.001000	0.003000	6.1110	6.1110
01/07/19	11:39:45.961	17	0	-0.001000	0.003000	6.0970	6.1020
01/07/19	11:39:46.172	18	0	-0.001000	0.003000	6.1110	6.1050
01/07/19	11:39:46.331	19	0	-0.001000	0.003000	6.1190	6.1050
01/07/19	11:39:46.546	20	0	-0.001000	0.003000	6.1190	6.1110
01/07/19	11:39:46.749	21	0	-0.001000	0.003000	6.1080	6.1220
01/07/19	11:39:46.957	22	0	-0.001000	0.003000	6.1030	6.1270
01/07/19	11:39:47.176	23	0	-0.001000	0.003000	6.1280	6.1020
01/07/19	11:39:47.337	24	0	-0.001000	0.003000	6.0970	6.1130
01/07/19	11:39:47.545	25	0	-0.001000	0.003000	6.0970	6.1220
01/07/19	11:39:47.755	26	0	-0.001000	0.003000	6.1060	6.1240
01/07/19	11:39:47.963	27	0	-0.001000	0.003000	6.0950	6.0880
01/07/19	11:39:48.170	28	0	-0.001000	0.003000	6.1140	6.1190
01/07/19	11:39:48.341	29	0	-0.001000	0.003000	6.0860	6.0970
01/07/19	11:39:48.553	30	0	-0.001000	0.003000	6.1060	6.0830
01/07/19	11:39:48.764	31	0	0.000000	0.003000	6.0720	6.0970
01/07/19	11:39:48.975	32	0	-0.001000	0.003000	6.0970	6.1110
01/07/19	11:39:49.133	33	0	-0.001000	0.003000	6.1110	6.1130
01/07/19	11:39:49.342	34	0	-0.001000	0.003000	6.1110	6.1110
01/07/19	11:39:49.551	35	0	-0.001000	0.003000	6.0950	6.1330
01/07/19	11:39:49.759	36	0	0.000000	0.003000	6.1410	6.1380
01/07/19	11:39:49.968	37	0	0.000000	0.003000	6.1770	6.2270
01/07/19	11:39:50.133	38	0	-0.001000	0.003000	6.6110	7.3230
01/07/19	11:39:50.348	39	0	-0.001000	0.003000	8.0690	8.6810
01/07/19	11:39:50.560	40	0	-0.001000	0.003000	8.6260	9.3850
01/07/19	11:39:50.770	41	0	-0.001000	0.003000	8.9770	9.7640
01/07/19	11:39:50.937	42	0	0.000000	0.003000	9.1010	9.9020
01/07/19	11:39:51.153	43	0	-0.001000	0.003000	9.2450	10.0090
01/07/19	11:39:51.358	44	0	-0.001000	0.003000	9.3500	10.0290
01/07/19	11:39:51.570	45	0	-0.001000	0.003000	9.3660	9.9790
01/07/19	11:39:51.731	46	0	-0.001000	0.003000	9.5960	10.4810
01/07/19	11:39:51.939	47	0	-0.001000	0.003000	9.6200	10.3930
01/07/19	11:39:52.160	48	0	-0.001000	0.003000	9.5160	10.1940
01/07/19	11:39:52.359	49	0	-0.001000	0.003000	9.3970	10.0200
01/07/19	11:39:52.566	50	0	0.000000	0.003000	9.2510	9.8410
01/07/19	11:39:52.733	51	0	-0.002000	0.003000	9.1870	9.7060
01/07/19	11:39:52.945	52	0	-0.001000	0.003000	9.0930	9.5700
01/07/19	11:39:53.155	53	0	-0.001000	0.003000	8.9690	9.4540
01/07/19	11:39:53.362	54	0	-0.001000	0.003000	8.8810	9.3190
01/07/19	11:39:53.571	55	0	-0.001000	0.003000	8.7540	9.2060
01/07/19	11:39:53.738	56	0	-0.001000	0.004000	8.7090	9.1150
01/07/19	11:39:53.949	57	0	-0.001000	0.003000	8.6320	9.0130
01/07/19	11:39:54.160	58	0	-0.001000	0.004000	8.5220	8.9080
01/07/19	11:39:54.367	59	0	-0.001000	0.004000	8.4500	8.8190
01/07/19	11:39:54.532	60	0	-0.001000	0.004000	8.3700	8.7500
Cycle	Time Peltier On:	180.000000	Time Peltier Off:	200.000000	# iterations	1.000000		
01/07/19	11:39:54.740	61	1	-0.001000	0.004000	8.3230	8.6540
01/07/19	11:39:54.946	62	1	0.334000	0.095000	8.1850	8.5490
01/07/19	11:39:55.154	63	1	0.288000	0.095000	8.0580	8.3940
01/07/19	11:39:55.373	64	1	0.248000	0.081000	7.9360	8.2670
01/07/19	11:39:55.536	65	1	0.248000	0.059000	7.8510	8.1700
01/07/19	11:39:55.745	66	1	0.194000	0.052000	7.7650	8.0520
01/07/19	11:39:55.956	67	1	0.167000	0.052000	7.6490	7.9630
01/07/19	11:39:56.164	68	1	0.131000	0.045000	7.5690	7.8640
01/07/19	11:39:56.370	69	1	0.131000	0.029000	7.5000	7.7700
01/07/19	11:39:56.537	70	1	0.111000	0.026000	7.4420	7.7180
01/07/19	11:39:56.751	71	1	0.082000	0.026000	7.3920	7.6240
01/07/19	11:39:56.962	72	1	0.074000	0.021000	7.2930	7.5660
01/07/19	11:39:57.169	73	1	0.074000	0.012000	7.2570	7.4860
01/07/19	11:39:57.385	74	1	0.046000	0.011000	7.1690	7.4250
01/07/19	11:39:57.535	75	1	0.026000	0.011000	7.1600	7.3830
01/07/19	11:39:57.746	76	1	0.029000	0.006000	7.1360	7.3200
01/07/19	11:39:57.955	77	1	0.029000	0.009000	7.0390	7.2840
01/07/19	11:39:58.164	78	1	0.032000	0.001000	7.0280	7.2430
01/07/19	11:39:58.332	79	1	0.011000	0.001000	6.9950	7.1960
01/07/19	11:39:58.540	80	1	0.013000	0.004000	6.9530	7.1430
01/07/19	11:39:58.755	81	1	0.013000	0.003000	6.9010	7.1130
01/07/19	11:39:58.967	82	1	0.010000	0.000000	6.9010	7.0850
01/07/19	11:39:59.139	83	1	0.012000	0.000000	6.8540	7.0130
01/07/19	11:39:59.354	84	1	0.008000	0.005000	6.8590	6.9970
01/07/19	11:39:59.560	85	1	0.008000	0.008000	6.7990	6.9640
01/07/19	11:39:59.771	86	1	0.025000	0.004000	6.7600	6.9330
01/07/19	11:39:59.931	87	1	0.011000	0.004000	6.7520	6.8890
01/07/19	11:40:00.140	88	1	0.020000	0.005000	6.7430	6.8620
01/07/19	11:40:00.347	89	1	0.020000	0.010000	6.6740	6.8260
01/07/19	11:40:00.561	90	1	0.028000	0.005000	6.6660	6.7930
01/07/19	11:40:00.770	91	1	0.026000	0.005000	6.6610	6.7680
01/07/19	11:40:00.935	92	1	0.026000	0.009000	6.6270	6.7510
01/07/19	11:40:01.142	93	1	0.036000	0.011000	6.5890	6.7180
01/07/19	11:40:01.357	94	1	0.036000	0.012000	6.5450	6.6850
01/07/19	11:40:01.564	95	1	0.031000	0.012000	6.5390	6.6520
01/07/19	11:40:01.775	96	1	0.043000	0.010000	6.5060	6.6130
01/07/19	11:40:01.940	97	1	0.043000	0.014000	6.5310	6.5850
01/07/19	11:40:02.147	98	1	0.047000	0.021000	6.4780	6.5880
01/07/19	11:40:02.359	99	1	0.062000	0.021000	6.4400	6.5580
01/07/19	11:40:02.568	100	1	0.059000	0.018000	6.4510	6.5250
01/07/19	11:40:02.737	101	1	0.059000	0.024000	6.4180	6.4830
01/07/19	11:40:02.942	102	1	0.079000	0.023000	6.3790	6.4780
01/07/19	11:40:03.156	103	1	0.076000	0.023000	6.3730	6.4610
01/07/19	11:40:03.372	104	1	0.088000	0.023000	6.3490	6.4310
01/07/19	11:40:03.570	105	1	0.088000	0.027000	6.3210	6.3760
01/07/19	11:40:03.736	106	1	0.094000	0.027000	6.2960	6.3700
01/07/19	11:40:03.943	107	1	0.099000	0.027000	6.2550	6.3540
01/07/19	11:40:04.155	108	1	0.095000	0.028000	6.2520	6.3180
01/07/19	11:40:04.360	109	1	0.095000	0.031000	6.2160	6.2600
01/07/19	11:40:04.568	110	1	0.110000	0.031000	6.1750	6.2650
01/07/19	11:40:04.741	111	1	0.108000	0.031000	6.1770	6.2320
01/07/19	11:40:04.946	112	1	0.123000	0.032000	6.1390	6.2400
01/07/19	11:40:05.161	113	1	0.123000	0.034000	6.1300	6.2020
01/07/19	11:40:05.372	114	1	0.123000	0.037000	6.0830	6.1660
01/07/19	11:40:05.537	115	1	0.128000	0.037000	6.1080	6.1440
01/07/19	11:40:05.743	116	1	0.151000	0.042000	6.0560	6.1350
01/07/19	11:40:05.950	117	1	0.151000	0.040000	6.0250	6.1050
01/07/19	11:40:06.171	118	1	0.146000	0.040000	6.0140	6.0800
01/07/19	11:40:06.368	119	1	0.158000	0.040000	5.9920	6.0420
01/07/19	11:40:06.535	120	1	0.158000	0.043000	5.9730	6.0170
01/07/19	11:40:06.742	121	1	0.163000	0.047000	5.9340	5.9890
01/07/19	11:40:06.956	122	1	0.172000	0.046000	5.9260	5.9670
01/07/19	11:40:07.166	123	1	0.182000	0.046000	5.8960	5.9530
01/07/19	11:40:07.374	124	1	0.183000	0.049000	5.8600	5.9150
01/07/19	11:40:07.540	125	1	0.183000	0.049000	5.8600	5.8980
01/07/19	11:40:07.753	126	1	0.188000	0.053000	5.8270	5.8790
01/07/19	11:40:07.965	127	1	0.199000	0.053000	5.7990	5.8340
01/07/19	11:40:08.178	128	1	0.204000	0.053000	5.7660	5.8150
01/07/19	11:40:08.335	129	1	0.204000	0.054000	5.7380	5.7850
01/07/19	11:40:08.545	130	1	0.208000	0.055000	5.7440	5.7630
01/07/19	11:40:08.762	131	1	0.226000	0.055000	5.6830	5.7460
01/07/19	11:40:08.969	132	1	0.215000	0.060000	5.6640	5.7300
01/07/19	11:40:09.136	133	1	0.215000	0.058000	5.6390	5.6850
01/07/19	11:40:09.345	134	1	0.226000	0.059000	5.6250	5.6720
01/07/19	11:40:09.553	135	1	0.235000	0.059000	5.5980	5.6360
01/07/19	11:40:09.761	136	1	0.238000	0.062000	5.5560	5.6080
01/07/19	11:40:09.968	137	1	0.238000	0.061000	5.5560	5.5860
01/07/19	11:40:10.140	138	1	0.236000	0.065000	5.5230	5.5560
01/07/19	11:40:10.353	139	1	0.253000	0.065000	5.4950	5.5360
01/07/19	11:40:10.565	140	1	0.255000	0.065000	5.4680	5.5090
01/07/19	11:40:10.777	141	1	0.255000	0.066000	5.4370	5.4920
01/07/19	11:40:10.938	142	1	0.262000	0.067000	5.4290	5.4670
01/07/19	11:40:11.141	143	1	0.272000	0.067000	5.3930	5.4290
01/07/19	11:40:11.354	144	1	0.275000	0.070000	5.3790	5.4040
01/07/19	11:40:11.557	145	1	0.275000	0.073000	5.3410	5.3870
01/07/19	11:40:11.764	146	1	0.286000	0.072000	5.3100	5.3600
01/07/19	11:40:11.936	147	1	0.285000	0.072000	5.2830	5.3320
01/07/19	11:40:12.149	148	1	0.290000	0.073000	5.2720	5.3150
01/07/19	11:40:12.362	149	1	0.290000	0.076000	5.2390	5.2680
01/07/19	11:40:12.568	150	1	0.302000	0.076000	5.2030	5.2490
01/07/19	11:40:12.740	151	1	0.304000	0.076000	5.1780	5.2270
01/07/19	11:40:12.952	152	1	0.308000	0.076000	5.1670	5.1910
01/07/19	11:40:13.164	153	1	0.308000	0.079000	5.1280	5.1830
01/07/19	11:40:13.371	154	1	0.316000	0.079000	5.1230	5.1550
01/07/19	11:40:13.533	155	1	0.327000	0.079000	5.0760	5.1280
01/07/19	11:40:13.749	156	1	0.326000	0.081000	5.0510	5.1110
01/07/19	11:40:13.955	157	1	0.326000	0.081000	5.0290	5.0700
01/07/19	11:40:14.167	158	1	0.331000	0.083000	5.0070	5.0360
01/07/19	11:40:14.335	159	1	0.342000	0.083000	4.9510	5.0140
01/07/19	11:40:14.547	160	1	0.333000	0.082000	4.9460	4.9650
01/07/19	11:40:14.757	161	1	0.333000	0.085000	4.9290	4.9510
01/07/19	11:40:14.965	162	1	0.345000	0.087000	4.8800	4.9290
01/07/19	11:40:15.171	163	1	0.347000	0.087000	4.8710	4.9150
01/07/19	11:40:15.338	164	1	0.359000	0.085000	4.8380	4.8870
01/07/19	11:40:15.552	165	1	0.359000	0.088000	4.8130	4.8460
01/07/19	11:40:15.762	166	1	0.360000	0.090000	4.8020	4.8350
01/07/19	11:40:15.966	167	1	0.375000	0.090000	4.7310	4.8100
01/07/19	11:40:16.132	168	1	0.375000	0.091000	4.7440	4.7880
01/07/19	11:40:16.342	169	1	0.364000	0.092000	4.7250	4.7380
01/07/19	11:40:16.549	170	1	0.385000	0.095000	4.6730	4.7380
01/07/19	11:40:16.757	171	1	0.384000	0.095000	4.6620	4.7270
01/07/19	11:40:16.977	172	1	0.396000	0.093000	4.6150	4.6800
01/07/19	11:40:17.136	173	1	0.396000	0.094000	4.6170	4.6530
01/07/19	11:40:17.344	174	1	0.395000	0.098000	4.5810	4.6200
01/07/19	11:40:17.550	175	1	0.405000	0.098000	4.5480	4.5950
01/07/19	11:40:17.766	176	1	0.406000	0.098000	4.5400	4.5750
01/07/19	11:40:17.973	177	1	0.406000	0.101000	4.4900	4.5390
01/07/19	11:40:18.138	178	1	0.419000	0.099000	4.4770	4.5060
01/07/19	11:40:18.351	179	1	0.422000	0.099000	4.4460	4.4840
01/07/19	11:40:18.556	180	1	0.424000	0.102000	4.4210	4.4620
01/07/19	11:40:18.771	181	1	0.424000	0.103000	4.3770	4.4240
01/07/19	11:40:18.931	182	1	0.430000	0.102000	4.3880	4.3960
01/07/19	11:40:19.143	183	1	0.443000	0.102000	4.3440	4.3820
01/07/19	11:40:19.350	184	1	0.442000	0.106000	4.3330	4.3460
01/07/19	11:40:19.559	185	1	0.442000	0.109000	4.2890	4.3430
01/07/19	11:40:19.766	186	1	0.455000	0.107000	4.2500	4.3130
01/07/19	11:40:19.932	187	1	0.449000	0.107000	4.2450	4.2770
01/07/19	11:40:20.147	188	1	0.461000	0.110000	4.1980	4.2580
01/07/19	11:40:20.360	189	1	0.461000	0.108000	4.1700	4.2190
01/07/19	11:40:20.568	190	1	0.460000	0.108000	4.1500	4.2030
01/07/19	11:40:20.741	191	1	0.468000	0.108000	4.1470	4.1690
01/07/19	11:40:20.954	192	1	0.481000	0.113000	4.1190	4.1610
01/07/19	11:40:21.158	193	1	0.481000	0.115000	4.0740	4.1360
01/07/19	11:40:21.371	194	1	0.487000	0.113000	4.0600	4.0930
01/07/19	11:40:21.541	195	1	0.492000	0.113000	4.0180	4.0650
01/07/19	11:40:21.739	196	1	0.486000	0.115000	4.0020	4.0490
01/07/19	11:40:21.947	197	1	0.486000	0.117000	3.9540	4.0150
01/07/19	11:40:22.153	198	1	0.499000	0.115000	3.9510	3.9810
01/07/19	11:40:22.360	199	1	0.506000	0.115000	3.9090	3.9370
01/07/19	11:40:22.587	200	1	0.505000	0.119000	3.8780	3.9090
01/07/19	11:40:22.733	201	1	0.505000	0.118000	3.8670	3.9090
01/07/19	11:40:22.946	202	1	0.516000	0.121000	3.8420	3.8720
01/07/19	11:40:23.160	203	1	0.521000	0.121000	3.8140	3.8440
01/07/19	11:40:23.375	204	1	0.522000	0.122000	3.7660	3.8220
01/07/19	11:40:23.541	205	1	0.522000	0.121000	3.7410	3.7990
01/07/19	11:40:23.754	206	1	0.523000	0.122000	3.7270	3.7820
01/07/19	11:40:23.962	207	1	0.532000	0.122000	3.6740	3.7240
01/07/19	11:40:24.179	208	1	0.528000	0.124000	3.6630	3.7150
01/07/19	11:40:24.335	209	1	0.528000	0.124000	3.6510	3.6820
01/07/19	11:40:24.558	210	1	0.546000	0.127000	3.5980	3.6590
01/07/19	11:40:24.755	211	1	0.541000	0.127000	3.5670	3.6260
01/07/19	11:40:24.977	212	1	0.542000	0.125000	3.5620	3.6120
01/07/19	11:40:25.136	213	1	0.542000	0.128000	3.5420	3.5920
01/07/19	11:40:25.343	214	1	0.557000	0.130000	3.5280	3.5470
01/07/19	11:40:25.556	215	1	0.572000	0.130000	3.4970	3.5300
01/07/19	11:40:25.765	216	1	0.576000	0.133000	3.4520	3.5080
01/07/19	11:40:25.971	217	1	0.576000	0.131000	3.4190	3.4660
01/07/19	11:40:26.138	218	1	0.569000	0.131000	3.3910	3.4410
01/07/19	11:40:26.348	219	1	0.574000	0.131000	3.3710	3.4290
01/07/19	11:40:26.566	220	1	0.582000	0.132000	3.3600	3.4040
01/07/19	11:40:26.772	221	1	0.582000	0.137000	3.3120	3.3590
01/07/19	11:40:26.932	222	1	0.593000	0.135000	3.3070	3.3430
01/07/19	11:40:27.143	223	1	0.598000	0.135000	3.2810	3.3340
01/07/19	11:40:27.351	224	1	0.604000	0.139000	3.2370	3.2840
01/07/19	11:40:27.558	225	1	0.604000	0.138000	3.2250	3.2560
01/07/19	11:40:27.765	226	1	0.601000	0.141000	3.1970	3.2360
01/07/19	11:40:27.936	227	1	0.613000	0.141000	3.1640	3.2140
01/07/19	11:40:28.143	228	1	0.615000	0.141000	3.1300	3.1720
01/07/19	11:40:28.356	229	1	0.615000	0.140000	3.1110	3.1440
01/07/19	11:40:28.567	230	1	0.616000	0.143000	3.0740	3.1300
01/07/19	11:40:28.775	231	1	0.624000	0.143000	3.0380	3.0900
01/07/19	11:40:28.939	232	1	0.622000	0.143000	3.0180	3.0620
01/07/19	11:40:29.149	233	1	0.622000	0.143000	3.0150	3.0430
01/07/19	11:40:29.368	234	1	0.632000	0.147000	2.9870	2.9920
01/07/19	11:40:29.580	235	1	0.648000	0.147000	2.9540	2.9920
01/07/19	11:40:29.734	236	1	0.651000	0.148000	2.9090	2.9610
01/07/19	11:40:29.946	237	1	0.651000	0.147000	2.8980	2.9390
01/07/19	11:40:30.160	238	1	0.647000	0.150000	2.8530	2.9030
01/07/19	11:40:30.365	239	1	0.651000	0.150000	2.8190	2.8940
01/07/19	11:40:30.534	240	1	0.652000	0.147000	2.7970	2.8580
01/07/19	11:40:30.746	241	1	0.652000	0.149000	2.8000	2.8380
01/07/19	11:40:30.955	242	1	0.661000	0.154000	2.7550	2.8210
01/07/19	11:40:31.161	243	1	0.672000	0.154000	2.7210	2.7770
01/07/19	11:40:31.375	244	1	0.674000	0.153000	2.7010	2.7540
01/07/19	11:40:31.539	245	1	0.674000	0.154000	2.6760	2.7290
01/07/19	11:40:31.748	246	1	0.681000	0.154000	2.6820	2.6900
01/07/19	11:40:31.961	247	1	0.704000	0.156000	2.6260	2.6780
01/07/19	11:40:32.168	248	1	0.704000	0.158000	2.5980	2.6450
01/07/19	11:40:32.333	249	1	0.697000	0.158000	2.5590	2.6360
01/07/19	11:40:32.540	250	1	0.697000	0.158000	2.5450	2.5890
01/07/19	11:40:32.750	251	1	0.705000	0.159000	2.5140	2.5610
01/07/19	11:40:32.956	252	1	0.705000	0.159000	2.4770	2.5380
01/07/19	11:40:33.163	253	1	0.709000	0.159000	2.4690	2.5220
01/07/19	11:40:33.336	254	1	0.719000	0.159000	2.4380	2.4850
01/07/19	11:40:33.543	255	1	0.721000	0.162000	2.4300	2.4540
01/07/19	11:40:33.746	256	1	0.721000	0.166000	2.3710	2.4290
01/07/19	11:40:33.958	257	1	0.735000	0.163000	2.3400	2.3980
01/07/19	11:40:34.168	258	1	0.728000	0.163000	2.3180	2.3870
01/07/19	11:40:34.340	259	1	0.732000	0.164000	2.2900	2.3420
01/07/19	11:40:34.552	260	1	0.732000	0.166000	2.2810	2.3450
01/07/19	11:40:34.764	261	1	0.738000	0.168000	2.2470	2.2890
01/07/19	11:40:34.971	262	1	0.750000	0.168000	2.2140	2.2690
01/07/19	11:40:35.130	263	1	0.750000	0.168000	2.1970	2.2300
01/07/19	11:40:35.344	264	1	0.750000	0.171000	2.1690	2.2190
01/07/19	11:40:35.553	265	1	0.759000	0.171000	2.1380	2.1970
01/07/19	11:40:35.761	266	1	0.764000	0.171000	2.1330	2.1710
01/07/19	11:40:35.970	267	1	0.776000	0.171000	2.0710	2.1290
01/07/19	11:40:36.133	268	1	0.776000	0.171000	2.0510	2.1150
01/07/19	11:40:36.347	269	1	0.769000	0.173000	2.0370	2.0700
01/07/19	11:40:36.553	270	1	0.783000	0.173000	1.9980	2.0620
01/07/19	11:40:36.766	271	1	0.781000	0.175000	1.9810	2.0000
01/07/19	11:40:36.942	272	1	0.781000	0.177000	1.9530	2.0000
01/07/19	11:40:37.149	273	1	0.791000	0.177000	1.9140	1.9780
01/07/19	11:40:37.361	274	1	0.791000	0.177000	1.8890	1.9530
01/07/19	11:40:37.571	275	1	0.795000	0.176000	1.8690	1.9280
01/07/19	11:40:37.732	276	1	0.795000	0.180000	1.8610	1.8880
01/07/19	11:40:37.947	277	1	0.813000	0.183000	1.8410	1.8570
01/07/19	11:40:38.149	278	1	0.822000	0.183000	1.7880	1.8290
01/07/19	11:40:38.375	279	1	0.814000	0.184000	1.7490	1.8040
01/07/19	11:40:38.577	280	1	0.814000	0.181000	1.7180	1.7790
01/07/19	11:40:38.736	281	1	0.815000	0.181000	1.6930	1.7430
01/07/19	11:40:38.943	282	1	0.821000	0.181000	1.6820	1.7260
01/07/19	11:40:39.156	283	1	0.831000	0.182000	1.6370	1.6890
01/07/19	11:40:39.363	284	1	0.831000	0.184000	1.6250	1.6530
01/07/19	11:40:39.576	285	1	0.826000	0.186000	1.5920	1.6420
01/07/19	11:40:39.743	286	1	0.837000	0.186000	1.5670	1.6190
01/07/19	11:40:39.955	287	1	0.842000	0.186000	1.5500	1.5910
01/07/19	11:40:40.159	288	1	0.842000	0.189000	1.5300	1.5550
01/07/19	11:40:40.371	289	1	0.852000	0.191000	1.4910	1.5380
01/07/19	11:40:40.531	290	1	0.856000	0.191000	1.4880	1.5240
01/07/19	11:40:40.741	291	1	0.871000	0.194000	1.4490	1.4850
01/07/19	11:40:40.949	292	1	0.871000	0.193000	1.4010	1.4650
01/07/19	11:40:41.156	293	1	0.869000	0.191000	1.3930	1.4370
01/07/19	11:40:41.365	294	1	0.877000	0.191000	1.3420	1.4010
01/07/19	11:40:41.537	295	1	0.870000	0.195000	1.3400	1.3870
01/07/19	11:40:41.749	296	1	0.870000	0.196000	1.2980	1.3500
01/07/19	11:40:41.955	297	1	0.885000	0.195000	1.2750	1.3310
01/07/19	11:40:42.170	298	1	0.887000	0.195000	1.2560	1.3050
01/07/19	11:40:42.344	299	1	0.894000	0.197000	1.2250	1.2800
01/07/19	11:40:42.549	300	1	0.894000	0.199000	1.1970	1.2380
01/07/19	11:40:42.759	301	1	0.898000	0.199000	1.1740	1.2210
01/07/19	11:40:42.971	302	1	0.906000	0.199000	1.1270	1.1880
01/07/19	11:40:43.133	303	1	0.901000	0.201000	1.1180	1.1630
01/07/19	11:40:43.340	304	1	0.901000	0.202000	1.1010	1.1400
01/07/19	11:40:43.546	305	1	0.916000	0.204000	1.0710	1.1180
01/07/19	11:40:43.757	306	1	0.925000	0.204000	1.0480	1.0670
01/07/19	11:40:43.964	307	1	0.930000	0.204000	1.0090	1.0620
01/07/19	11:40:44.136	308	1	0.930000	0.205000	0.9700	1.0390
01/07/19	11:40:44.343	309	1	0.926000	0.204000	0.9670	1.0060
01/07/19	11:40:44.554	310	1	0.938000	0.204000	0.9140	0.9640
01/07/19	11:40:44.762	311	1	0.935000	0.208000	0.9050	0.9640
01/07/19	11:40:44.971	312	1	0.935000	0.209000	0.8630	0.9190
01/07/19	11:40:45.140	313	1	0.946000	0.208000	0.8520	0.9100
01/07/19	11:40:45.352	314	1	0.953000	0.208000	0.8100	0.8800
01/07/19	11:40:45.564	315	1	0.949000	0.211000	0.8130	0.8460
01/07/19	11:40:45.779	316	1	0.949000	0.214000	0.7570	0.8210
01/07/19	11:40:45.940	317	1	0.966000	0.211000	0.7290	0.7680
01/07/19	11:40:46.146	318	1	0.963000	0.211000	0.7040	0.7560
01/07/19	11:40:46.356	319	1	0.967000	0.212000	0.6900	0.7370
01/07/19	11:40:46.567	320	1	0.967000	0.215000	0.6450	0.7170
01/07/19	11:40:46.734	321	1	0.976000	0.214000	0.6220	0.6830
01/07/19	11:40:46.951	322	1	0.977000	0.214000	0.6170	0.6550
01/07/19	11:40:47.159	323	1	0.991000	0.215000	0.5580	0.6300
01/07/19	11:40:47.373	324	1	0.991000	0.215000	0.5440	0.6110
01/07/19	11:40:47.539	325	1	0.982000	0.218000	0.5300	0.5880
01/07/19	11:40:47.751	326	1	0.996000	0.218000	0.5130	0.5350
01/07/19	11:40:47.959	327	1	1.009000	0.220000	0.4880	0.5270
01/07/19	11:40:48.171	328	1	1.009000	0.224000	0.4600	0.4930
01/07/19	11:40:48.380	329	1	1.015000	0.224000	0.4400	0.4680
01/07/19	11:40:48.533	330	1	1.022000	0.224000	0.3950	0.4590
01/07/19	11:40:48.746	331	1	1.018000	0.224000	0.3730	0.4140
01/07/19	11:40:48.949	332	1	1.018000	0.226000	0.3310	0.4090
01/07/19	11:40:49.161	333	1	1.025000	0.225000	0.3000	0.3560
01/07/19	11:40:49.333	334	1	1.023000	0.225000	0.3090	0.3280
01/07/19	11:40:49.540	335	1	1.043000	0.229000	0.2690	0.3250
01/07/19	11:40:49.756	336	1	1.043000	0.230000	0.2130	0.2720
01/07/19	11:40:49.967	337	1	1.044000	0.226000	0.2270	0.2520
01/07/19	11:40:50.139	338	1	1.056000	0.226000	0.1820	0.2380
01/07/19	11:40:50.352	339	1	1.050000	0.231000	0.1710	0.1960
01/07/19	11:40:50.561	340	1	1.050000	0.234000	0.1350	0.1760
01/07/19	11:40:50.773	341	1	1.062000	0.233000	0.0980	0.1400
01/07/19	11:40:50.933	342	1	1.061000	0.233000	0.0760	0.1290
01/07/19	11:40:51.141	343	1	1.069000	0.234000	0.0730	0.0980
01/07/19	11:40:51.355	344	1	1.069000	0.238000	0.0140	0.0670
01/07/19	11:40:51.561	345	1	1.083000	0.235000	-0.0030	0.0470
01/07/19	11:40:51.735	346	1	1.078000	0.235000	-0.0330	0.0170
01/07/19	11:40:51.938	347	1	1.083000	0.238000	-0.0530	-0.0280
01/07/19	11:40:52.151	348	1	1.083000	0.238000	-0.0950	-0.0390
01/07/19	11:40:52.356	349	1	1.088000	0.238000	-0.1200	-0.0590
01/07/19	11:40:52.570	350	1	1.090000	0.238000	-0.1590	-0.1010
01/07/19	11:40:52.740	351	1	1.091000	0.238000	-0.1430	-0.1010
01/07/19	11:40:52.948	352	1	1.091000	0.244000	-0.1820	-0.1290
01/07/19	11:40:53.161	353	1	1.113000	0.243000	-0.2410	-0.1710
01/07/19	11:40:53.369	354	1	1.101000	0.243000	-0.2520	-0.1910
01/07/19	11:40:53.533	355	1	1.113000	0.241000	-0.2690	-0.2130
01/07/19	11:40:53.741	356	1	1.113000	0.245000	-0.2880	-0.2440
01/07/19	11:40:53.953	357	1	1.122000	0.247000	-0.3250	-0.2720
01/07/19	11:40:54.159	358	1	1.127000	0.247000	-0.3470	-0.3030
01/07/19	11:40:54.368	359	1	1.135000	0.246000	-0.3780	-0.3220
01/07/19	11:40:54.535	360	1	1.135000	0.248000	-0.4030	-0.3560
01/07/19	11:40:54.741	361	1	1.138000	0.249000	-0.4200	-0.3700
01/07/19	11:40:54.955	362	1	1.146000	0.249000	-0.4620	-0.4180
01/07/19	11:40:55.163	363	1	1.147000	0.252000	-0.4870	-0.4430
01/07/19	11:40:55.372	364	1	1.147000	0.252000	-0.5210	-0.4770
01/07/19	11:40:55.540	365	1	1.151000	0.251000	-0.5380	-0.4850
01/07/19	11:40:55.752	366	1	1.160000	0.251000	-0.5630	-0.4990
01/07/19	11:40:55.961	367	1	1.165000	0.254000	-0.6020	-0.5270
01/07/19	11:40:56.174	368	1	1.165000	0.253000	-0.6130	-0.5690
01/07/19	11:40:56.333	369	1	1.163000	0.256000	-0.6390	-0.5910
01/07/19	11:40:56.546	370	1	1.178000	0.256000	-0.6530	-0.6340
01/07/19	11:40:56.753	371	1	1.188000	0.258000	-0.6970	-0.6390
01/07/19	11:40:56.962	372	1	1.188000	0.258000	-0.7390	-0.6670
01/07/19	11:40:57.133	373	1	1.185000	0.258000	-0.7420	-0.6950
01/07/19	11:40:57.348	374	1	1.195000	0.258000	-0.7810	-0.7150
01/07/19	11:40:57.556	375	1	1.194000	0.262000	-0.8120	-0.7400
01/07/19	11:40:57.764	376	1	1.194000	0.262000	-0.8260	-0.7650
01/07/19	11:40:57.940	377	1	1.199000	0.263000	-0.8510	-0.7990
01/07/19	11:40:58.152	378	1	1.209000	0.263000	-0.8770	-0.8270
01/07/19	11:40:58.364	379	1	1.214000	0.264000	-0.9160	-0.8550
01/07/19	11:40:58.576	380	1	1.214000	0.264000	-0.9520	-0.8940
01/07/19	11:40:58.735	381	1	1.213000	0.264000	-0.9470	-0.9170
01/07/19	11:40:58.942	382	1	1.231000	0.264000	-1.0080	-0.9390
01/07/19	11:40:59.157	383	1	1.221000	0.269000	-1.0110	-0.9560
01/07/19	11:40:59.360	384	1	1.221000	0.269000	-1.0700	-0.9950
01/07/19	11:40:59.575	385	1	1.234000	0.266000	-1.0840	-1.0120
01/07/19	11:40:59.736	386	1	1.233000	0.266000	-1.0920	-1.0310
01/07/19	11:40:59.946	387	1	1.244000	0.270000	-1.1430	-1.0590
01/07/19	11:41:00.158	388	1	1.244000	0.269000	-1.1510	-1.1150
01/07/19	11:41:00.366	389	1	1.239000	0.272000	-1.1770	-1.1150
01/07/19	11:41:00.573	390	1	1.254000	0.272000	-1.2050	-1.1520
01/07/19	11:41:00.739	391	1	1.258000	0.273000	-1.2350	-1.1800
01/07/19	11:41:00.952	392	1	1.258000	0.274000	-1.2470	-1.1940
01/07/19	11:41:01.152	393	1	1.259000	0.277000	-1.2860	-1.2390
01/07/19	11:41:01.362	394	1	1.267000	0.277000	-1.3140	-1.2580
01/07/19	11:41:01.582	395	1	1.272000	0.276000	-1.3560	-1.2700
01/07/19	11:41:01.733	396	1	1.272000	0.276000	-1.3560	-1.3370
01/07/19	11:41:01.941	397	1	1.278000	0.280000	-1.3870	-1.3450
01/07/19	11:41:02.154	398	1	1.288000	0.280000	-1.4230	-1.3590
01/07/19	11:41:02.362	399	1	1.287000	0.281000	-1.4510	-1.3900
01/07/19	11:41:02.568	400	1	1.287000	0.281000	-1.4600	-1.4210
01/07/19	11:41:02.740	401	1	1.292000	0.284000	-1.4850	-1.4210
01/07/19	11:41:02.953	402	1	1.306000	0.284000	-1.5440	-1.4430
01/07/19	11:41:03.162	403	1	1.298000	0.285000	-1.5300	-1.4940
01/07/19	11:41:03.370	404	1	1.298000	0.288000	-1.5880	-1.5410
01/07/19	11:41:03.535	405	1	1.319000	0.285000	-1.6050	-1.5530
01/07/19	11:41:03.743	406	1	1.318000	0.285000	-1.6190	-1.5640
01/07/19	11:41:03.950	407	1	1.326000	0.287000	-1.6560	-1.5920
01/07/19	11:41:04.162	408	1	1.326000	0.289000	-1.6720	-1.6170
01/07/19	11:41:04.370	409	1	1.327000	0.291000	-1.7230	-1.6510
01/07/19	11:41:04.540	410	1	1.329000	0.291000	-1.7230	-1.6810
01/07/19	11:41:04.748	411	1	1.344000	0.289000	-1.7620	-1.7070
01/07/19	11:41:04.959	412	1	1.344000	0.292000	-1.7900	-1.7290
01/07/19	11:41:05.171	413	1	1.342000	0.293000	-1.8150	-1.7660
01/07/19	11:41:05.331	414	1	1.350000	0.293000	-1.8460	-1.7960
01/07/19	11:41:05.538	415	1	1.352000	0.294000	-1.8570	-1.7910
01/07/19	11:41:05.745	416	1	1.352000	0.297000	-1.8740	-1.8270
01/07/19	11:41:05.952	417	1	1.363000	0.299000	-1.9160	-1.8580
01/07/19	11:41:06.160	418	1	1.368000	0.299000	-1.9640	-1.8800
01/07/19	11:41:06.333	419	1	1.364000	0.298000	-1.9690	-1.9060
01/07/19	11:41:06.545	420	1	1.364000	0.300000	-1.9980	-1.9310
01/07/19	11:41:06.756	421	1	1.378000	0.299000	-2.0230	-1.9730
01/07/19	11:41:06.967	422	1	1.383000	0.299000	-2.0560	-1.9920
01/07/19	11:41:07.174	423	1	1.384000	0.300000	-2.0870	-2.0290
01/07/19	11:41:07.339	424	1	1.384000	0.301000	-2.1010	-2.0630
01/07/19	11:41:07.552	425	1	1.389000	0.303000	-2.1320	-2.0740
01/07/19	11:41:07.763	426	1	1.397000	0.303000	-2.1540	-2.1070
01/07/19	11:41:07.974	427	1	1.405000	0.303000	-2.1910	-2.1190
01/07/19	11:41:08.134	428	1	1.405000	0.305000	-2.2050	-2.1630
01/07/19	11:41:08.348	429	1	1.408000	0.307000	-2.2390	-2.1720
01/07/19	11:41:08.563	430	1	1.415000	0.307000	-2.2640	-2.2140
01/07/19	11:41:08.769	431	1	1.420000	0.307000	-2.2970	-2.2470
01/07/19	11:41:08.936	432	1	1.420000	0.309000	-2.3110	-2.2670
01/07/19	11:41:09.143	433	1	1.426000	0.311000	-2.3450	-2.2750
01/07/19	11:41:09.354	434	1	1.429000	0.311000	-2.3650	-2.3090
01/07/19	11:41:09.565	435	1	1.437000	0.311000	-2.3980	-2.3370
01/07/19	11:41:09.772	436	1	1.437000	0.313000	-2.4180	-2.3790
01/07/19	11:41:09.939	437	1	1.439000	0.315000	-2.4490	-2.3790
01/07/19	11:41:10.147	438	1	1.448000	0.315000	-2.4740	-2.4180
01/07/19	11:41:10.356	439	1	1.454000	0.315000	-2.4960	-2.4490
01/07/19	11:41:10.566	440	1	1.454000	0.317000	-2.5360	-2.4800
01/07/19	11:41:10.732	441	1	1.457000	0.316000	-2.5470	-2.4970
01/07/19	11:41:10.939	442	1	1.466000	0.316000	-2.5720	-2.5330
01/07/19	11:41:11.147	443	1	1.471000	0.319000	-2.6140	-2.5470
01/07/19	11:41:11.354	444	1	1.471000	0.319000	-2.6260	-2.5860
01/07/19	11:41:11.561	445	1	1.469000	0.322000	-2.6540	-2.5890
01/07/19	11:41:11.788	446	1	1.482000	0.322000	-2.6850	-2.6350
01/07/19	11:41:11.932	447	1	1.485000	0.322000	-2.6850	-2.6490
01/07/19	11:41:12.144	448	1	1.485000	0.327000	-2.7560	-2.6910
01/07/19	11:41:12.356	449	1	1.500000	0.321000	-2.7450	-2.7110
01/07/19	11:41:12.571	450	1	1.504000	0.321000	-2.7790	-2.7110
01/07/19	11:41:12.737	451	1	1.507000	0.327000	-2.8070	-2.7590
01/07/19	11:41:12.953	452	1	1.507000	0.328000	-2.8660	-2.8160
01/07/19	11:41:13.165	453	1	1.512000	0.324000	-2.8640	-2.8190
01/07/19	11:41:13.374	454	1	1.516000	0.324000	-2.9120	-2.8530
01/07/19	11:41:13.534	455	1	1.511000	0.329000	-2.9290	-2.8700
01/07/19	11:41:13.741	456	1	1.511000	0.329000	-2.9630	-2.8930
01/07/19	11:41:13.954	457	1	1.519000	0.330000	-2.9770	-2.9240
01/07/19	11:41:14.157	458	1	1.526000	0.330000	-2.9910	-2.9520
01/07/19	11:41:14.365	459	1	1.537000	0.331000	-3.0360	-2.9720
01/07/19	11:41:14.536	460	1	1.537000	0.332000	-3.0620	-3.0060
01/07/19	11:41:14.743	461	1	1.534000	0.334000	-3.0850	-3.0200
01/07/19	11:41:14.957	462	1	1.544000	0.334000	-3.1020	-3.0570
01/07/19	11:41:15.163	463	1	1.552000	0.335000	-3.1530	-3.0740
01/07/19	11:41:15.376	464	1	1.552000	0.334000	-3.1810	-3.1020
01/07/19	11:41:15.540	465	1	1.545000	0.336000	-3.1870	-3.1310
01/07/19	11:41:15.745	466	1	1.561000	0.336000	-3.2210	-3.1590
01/07/19	11:41:15.955	467	1	1.564000	0.340000	-3.2550	-3.1760
01/07/19	11:41:16.159	468	1	1.564000	0.338000	-3.2550	-3.2210
01/07/19	11:41:16.365	469	1	1.562000	0.343000	-3.3030	-3.2270
01/07/19	11:41:16.532	470	1	1.574000	0.343000	-3.3090	-3.2840
01/07/19	11:41:16.746	471	1	1.584000	0.344000	-3.3430	-3.2950
01/07/19	11:41:16.954	472	1	1.584000	0.344000	-3.3680	-3.3200
01/07/19	11:41:17.170	473	1	1.585000	0.345000	-3.3990	-3.3600
01/07/19	11:41:17.344	474	1	1.594000	0.345000	-3.4110	-3.3710
01/07/19	11:41:17.549	475	1	1.603000	0.346000	-3.4590	-3.3770
01/07/19	11:41:17.762	476	1	1.603000	0.346000	-3.4930	-3.4220
01/07/19	11:41:17.967	477	1	1.597000	0.346000	-3.4960	-3.4730
01/07/19	11:41:18.139	478	1	1.610000	0.346000	-3.5070	-3.4560
01/07/19	11:41:18.339	479	1	1.622000	0.350000	-3.5640	-3.4960
01/07/19	11:41:18.548	480	1	1.622000	0.350000	-3.5920	-3.5270
01/07/19	11:41:18.755	481	1	1.614000	0.351000	-3.6060	-3.5390
01/07/19	11:41:18.962	482	1	1.626000	0.351000	-3.6400	-3.5840
01/07/19	11:41:19.133	483	1	1.628000	0.353000	-3.6490	-3.6090
01/07/19	11:41:19.347	484	1	1.628000	0.356000	-3.6830	-3.6150
01/07/19	11:41:19.558	485	1	1.639000	0.356000	-3.7170	-3.6410
01/07/19	11:41:19.768	486	1	1.640000	0.356000	-3.7390	-3.6970
01/07/19	11:41:19.940	487	1	1.644000	0.356000	-3.7560	-3.6970
01/07/19	11:41:20.154	488	1	1.644000	0.359000	-3.7820	-3.7260
01/07/19	11:41:20.361	489	1	1.652000	0.360000	-3.8190	-3.7570
01/07/19	11:41:20.574	490	1	1.656000	0.360000	-3.8360	-3.7970
01/07/19	11:41:20.733	491	1	1.666000	0.360000	-3.8720	-3.8050
01/07/19	11:41:20.941	492	1	1.666000	0.361000	-3.8890	-3.8250
01/07/19	11:41:21.151	493	1	1.666000	0.364000	-3.9120	-3.8760
01/07/19	11:41:21.368	494	1	1.678000	0.364000	-3.9600	-3.8900
01/07/19	11:41:21.533	495	1	1.674000	0.365000	-3.9660	-3.9270
01/07/19	11:41:21.742	496	1	1.674000	0.367000	-4.0110	-3.9380
01/07/19	11:41:21.950	497	1	1.688000	0.365000	-4.0310	-3.9690
01/07/19	11:41:22.166	498	1	1.690000	0.365000	-4.0480	-3.9980
01/07/19	11:41:22.371	499	1	1.698000	0.367000	-4.0790	-4.0260
01/07/19	11:41:22.538	500	1	1.698000	0.369000	-4.1050	-4.0490
01/07/19	11:41:22.751	501	1	1.700000	0.370000	-4.1360	-4.0800
01/07/19	11:41:22.956	502	1	1.704000	0.370000	-4.1700	-4.0970
01/07/19	11:41:23.167	503	1	1.706000	0.370000	-4.1840	-4.1220
01/07/19	11:41:23.333	504	1	1.706000	0.373000	-4.1930	-4.1200
01/07/19	11:41:23.540	505	1	1.722000	0.375000	-4.2240	-4.1790
01/07/19	11:41:23.747	506	1	1.728000	0.375000	-4.2610	-4.2190
01/07/19	11:41:23.954	507	1	1.731000	0.376000	-4.2810	-4.2330
01/07/19	11:41:24.164	508	1	1.731000	0.377000	-4.3290	-4.2470
01/07/19	11:41:24.371	509	1	1.736000	0.375000	-4.3510	-4.2780
01/07/19	11:41:24.531	510	1	1.737000	0.375000	-4.3660	-4.3070
01/07/19	11:41:24.746	511	1	1.746000	0.378000	-4.3680	-4.3260
01/07/19	11:41:24.956	512	1	1.746000	0.383000	-4.4170	-4.3460
01/07/19	11:41:25.166	513	1	1.759000	0.381000	-4.4510	-4.3860
01/07/19	11:41:25.374	514	1	1.754000	0.381000	-4.4530	-4.4060
01/07/19	11:41:25.539	515	1	1.769000	0.381000	-4.4990	-4.4260
01/07/19	11:41:25.752	516	1	1.769000	0.383000	-4.5360	-4.4600
01/07/19	11:41:25.962	517	1	1.764000	0.383000	-4.5470	-4.4850
01/07/19	11:41:26.171	518	1	1.776000	0.383000	-4.5700	-4.5160
01/07/19	11:41:26.334	519	1	1.780000	0.386000	-4.5890	-4.5590
01/07/19	11:41:26.558	520	1	1.780000	0.389000	-4.6230	-4.5760
01/07/19	11:41:26.759	521	1	1.788000	0.389000	-4.6460	-4.6010
01/07/19	11:41:26.964	522	1	1.793000	0.389000	-4.6860	-4.6130
01/07/19	11:41:27.136	523	1	1.792000	0.390000	-4.7230	-4.6550
01/07/19	11:41:27.343	524	1	1.792000	0.388000	-4.7370	-4.6750
01/07/19	11:41:27.556	525	1	1.794000	0.391000	-4.7540	-4.6750
01/07/19	11:41:27.763	526	1	1.807000	0.391000	-4.7850	-4.7120
01/07/19	11:41:27.978	527	1	1.813000	0.393000	-4.7960	-4.7490
01/07/19	11:41:28.139	528	1	1.813000	0.396000	-4.8470	-4.7540
01/07/19	11:41:28.346	529	1	1.823000	0.393000	-4.8440	-4.7880
01/07/19	11:41:28.564	530	1	1.832000	0.393000	-4.8760	-4.8110
01/07/19	11:41:28.768	531	1	1.833000	0.398000	-4.9320	-4.8650
01/07/19	11:41:28.968	532	1	1.833000	0.395000	-4.9490	-4.8820
01/07/19	11:41:29.135	533	1	1.824000	0.397000	-4.9720	-4.9100
01/07/19	11:41:29.343	534	1	1.839000	0.397000	-4.9980	-4.9220
01/07/19	11:41:29.554	535	1	1.843000	0.400000	-5.0030	-4.9640
01/07/19	11:41:29.760	536	1	1.843000	0.404000	-5.0370	-4.9840
01/07/19	11:41:29.974	537	1	1.856000	0.403000	-5.0630	-5.0260
01/07/19	11:41:30.141	538	1	1.859000	0.403000	-5.0970	-5.0380
01/07/19	11:41:30.350	539	1	1.862000	0.404000	-5.1250	-5.0520
01/07/19	11:41:30.563	540	1	1.862000	0.405000	-5.1310	-5.1090
01/07/19	11:41:30.775	541	1	1.866000	0.408000	-5.1700	-5.1090
01/07/19	11:41:30.935	542	1	1.875000	0.408000	-5.1990	-5.1230
01/07/19	11:41:31.142	543	1	1.879000	0.407000	-5.2100	-5.1340
01/07/19	11:41:31.354	544	1	1.879000	0.411000	-5.2440	-5.1740
01/07/19	11:41:31.563	545	1	1.891000	0.411000	-5.2950	-5.2190
01/07/19	11:41:31.734	546	1	1.883000	0.411000	-5.2870	-5.2130
01/07/19	11:41:31.947	547	1	1.883000	0.414000	-5.3430	-5.2620
01/07/19	11:41:32.158	548	1	1.905000	0.411000	-5.3430	-5.2930
01/07/19	11:41:32.367	549	1	1.906000	0.415000	-5.3720	-5.3010
01/07/19	11:41:32.541	550	1	1.911000	0.415000	-5.4080	-5.3300
01/07/19	11:41:32.749	551	1	1.911000	0.415000	-5.4400	-5.3550
01/07/19	11:41:32.962	552	1	1.912000	0.415000	-5.4570	-5.3950
01/07/19	11:41:33.174	553	1	1.918000	0.417000	-5.4990	-5.4150
01/07/19	11:41:33.336	554	1	1.919000	0.417000	-5.5130	-5.4290
01/07/19	11:41:33.555	555	1	1.930000	0.419000	-5.5470	-5.4800
01/07/19	11:41:33.762	556	1	1.930000	0.419000	-5.5640	-5.4940
01/07/19	11:41:33.968	557	1	1.936000	0.421000	-5.5870	-5.5190
01/07/19	11:41:34.134	558	1	1.942000	0.421000	-5.6070	-5.5280
01/07/19	11:41:34.340	559	1	1.942000	0.424000	-5.6460	-5.5760
01/07/19	11:41:34.557	560	1	1.951000	0.423000	-5.6720	-5.6040
01/07/19	11:41:34.768	561	1	1.951000	0.424000	-5.7090	-5.6440
01/07/19	11:41:34.940	562	1	1.951000	0.424000	-5.7000	-5.6560
01/07/19	11:41:35.148	563	1	1.951000	0.429000	-5.7480	-5.6920
01/07/19	11:41:35.360	564	1	1.972000	0.427000	-5.7880	-5.7090
01/07/19	11:41:35.572	565	1	1.964000	0.426000	-5.8190	-5.7260
01/07/19	11:41:35.731	566	1	1.966000	0.426000	-5.8280	-5.7690
01/07/19	11:41:35.937	567	1	1.966000	0.429000	-5.8590	-5.8090
01/07/19	11:41:36.152	568	1	1.975000	0.431000	-5.9010	-5.8310
01/07/19	11:41:36.360	569	1	1.978000	0.429000	-5.9210	-5.8570
01/07/19	11:41:36.564	570	1	1.982000	0.429000	-5.9330	-5.8430
01/07/19	11:41:36.731	571	1	1.982000	0.431000	-5.9690	-5.8770
01/07/19	11:41:36.947	572	1	1.993000	0.433000	-5.9750	-5.9250
01/07/19	11:41:37.154	573	1	2.004000	0.436000	-6.0120	-5.9390
01/07/19	11:41:37.367	574	1	2.006000	0.436000	-6.0460	-5.9700
01/07/19	11:41:37.540	575	1	2.006000	0.436000	-6.0690	-5.9900
01/07/19	11:41:37.745	576	1	2.007000	0.437000	-6.0910	-6.0130
01/07/19	11:41:37.960	577	1	2.015000	0.438000	-6.1340	-6.0350
01/07/19	11:41:38.174	578	1	2.014000	0.438000	-6.1310	-6.0830
01/07/19	11:41:38.340	579	1	2.014000	0.437000	-6.1650	-6.1060
01/07/19	11:41:38.539	580	1	2.032000	0.442000	-6.1990	-6.1230
01/07/19	11:41:38.754	581	1	2.034000	0.442000	-6.2270	-6.1800
01/07/19	11:41:38.956	582	1	2.035000	0.442000	-6.2500	-6.1910
01/07/19	11:41:39.180	583	1	2.043000	0.444000	-6.2810	-6.2220
01/07/19	11:41:39.333	584	1	2.043000	0.444000	-6.3070	-6.2310
01/07/19	11:41:39.545	585	1	2.049000	0.444000	-6.3180	-6.2700
01/07/19	11:41:39.752	586	1	2.059000	0.445000	-6.3520	-6.2790
01/07/19	11:41:39.965	587	1	2.062000	0.449000	-6.3780	-6.3130
01/07/19	11:41:40.171	588	1	2.062000	0.448000	-6.4030	-6.3300
01/07/19	11:41:40.338	589	1	2.065000	0.448000	-6.4310	-6.3410
01/07/19	11:41:40.552	590	1	2.071000	0.451000	-6.4460	-6.3870
01/07/19	11:41:40.764	591	1	2.079000	0.452000	-6.4850	-6.4150
01/07/19	11:41:40.975	592	1	2.079000	0.452000	-6.5330	-6.4430
01/07/19	11:41:41.136	593	1	2.081000	0.452000	-6.5360	-6.4690
01/07/19	11:41:41.344	594	1	2.089000	0.451000	-6.5560	-6.5030
01/07/19	11:41:41.557	595	1	2.092000	0.455000	-6.5760	-6.5170
01/07/19	11:41:41.763	596	1	2.092000	0.457000	-6.6240	-6.5310
01/07/19	11:41:41.932	597	1	2.100000	0.457000	-6.6330	-6.5850
01/07/19	11:41:42.141	598	1	2.105000	0.455000	-6.6610	-6.5790
01/07/19	11:41:42.356	599	1	2.111000	0.459000	-6.6810	-6.6280
01/07/19	11:41:42.566	600	1	2.111000	0.461000	-6.7150	-6.6560
01/07/19	11:41:42.739	601	1	2.119000	0.461000	-6.7350	-6.6840
01/07/19	11:41:42.944	602	1	2.124000	0.461000	-6.7740	-6.6900
01/07/19	11:41:43.157	603	1	2.125000	0.462000	-6.7800	-6.7240
01/07/19	11:41:43.365	604	1	2.125000	0.465000	-6.8220	-6.7490
01/07/19	11:41:43.535	605	1	2.135000	0.465000	-6.8280	-6.7780
01/07/19	11:41:43.760	606	1	2.144000	0.464000	-6.8710	-6.7950
01/07/19	11:41:43.964	607	1	2.142000	0.466000	-6.8960	-6.8400
01/07/19	11:41:44.166	608	1	2.142000	0.467000	-6.9270	-6.8770
01/07/19	11:41:44.333	609	1	2.148000	0.467000	-6.9560	-6.8850
01/07/19	11:41:44.541	610	1	2.152000	0.468000	-6.9670	-6.8940
01/07/19	11:41:44.753	611	1	2.163000	0.471000	-7.0070	-6.9420
01/07/19	11:41:44.965	612	1	2.163000	0.470000	-7.0120	-6.9530
01/07/19	11:41:45.176	613	1	2.162000	0.474000	-7.0580	-6.9960
01/07/19	11:41:45.340	614	1	2.170000	0.474000	-7.0660	-6.9990
01/07/19	11:41:45.552	615	1	2.181000	0.475000	-7.1140	-7.0360
01/07/19	11:41:45.764	616	1	2.181000	0.473000	-7.1170	-7.0500
01/07/19	11:41:45.979	617	1	2.176000	0.477000	-7.1430	-7.1040
01/07/19	11:41:46.132	618	1	2.192000	0.477000	-7.1710	-7.1040
01/07/19	11:41:46.340	619	1	2.192000	0.479000	-7.2020	-7.1490
01/07/19	11:41:46.553	620	1	2.198000	0.479000	-7.2220	-7.1630
01/07/19	11:41:46.759	621	1	2.203000	0.480000	-7.2500	-7.1800
01/07/19	11:41:46.966	622	1	2.206000	0.480000	-7.2840	-7.2200
01/07/19	11:41:47.133	623	1	2.206000	0.480000	-7.2990	-7.2400
01/07/19	11:41:47.346	624	1	2.208000	0.483000	-7.3330	-7.2400
01/07/19	11:41:47.557	625	1	2.218000	0.483000	-7.3410	-7.2910
01/07/19	11:41:47.768	626	1	2.231000	0.483000	-7.3810	-7.2960
01/07/19	11:41:47.940	627	1	2.231000	0.486000	-7.4030	-7.3470
01/07/19	11:41:48.152	628	1	2.229000	0.487000	-7.4180	-7.3730
01/07/19	11:41:48.360	629	1	2.240000	0.489000	-7.4660	-7.4100
01/07/19	11:41:48.570	630	1	2.240000	0.489000	-7.4690	-7.4380
01/07/19	11:41:48.784	631	1	2.254000	0.488000	-7.5170	-7.4290
01/07/19	11:41:48.936	632	1	2.254000	0.489000	-7.5420	-7.4750
01/07/19	11:41:49.148	633	1	2.252000	0.489000	-7.5590	-7.4890
01/07/19	11:41:49.357	634	1	2.260000	0.490000	-7.5880	-7.5000
01/07/19	11:41:49.570	635	1	2.263000	0.493000	-7.6240	-7.5510
01/07/19	11:41:49.734	636	1	2.263000	0.492000	-7.6300	-7.5830
01/07/19	11:41:49.948	637	1	2.276000	0.492000	-7.6840	-7.5770
01/07/19	11:41:50.155	638	1	2.268000	0.497000	-7.6920	-7.5990
01/07/19	11:41:50.362	639	1	2.279000	0.496000	-7.7150	-7.6590
01/07/19	11:41:50.574	640	1	2.279000	0.499000	-7.7490	-7.6680
01/07/19	11:41:50.739	641	1	2.286000	0.499000	-7.7520	-7.7070
01/07/19	11:41:50.945	642	1	2.299000	0.498000	-7.7890	-7.7330
01/07/19	11:41:51.146	643	1	2.299000	0.501000	-7.8340	-7.7580
01/07/19	11:41:51.364	644	1	2.300000	0.500000	-7.8480	-7.7750
01/07/19	11:41:51.572	645	1	2.296000	0.503000	-7.8770	-7.8120
01/07/19	11:41:51.782	646	1	2.306000	0.503000	-7.8960	-7.8380
01/07/19	11:41:51.937	647	1	2.306000	0.503000	-7.9310	-7.8660
01/07/19	11:41:52.146	648	1	2.314000	0.504000	-7.9500	-7.8910
01/07/19	11:41:52.356	649	1	2.321000	0.507000	-7.9390	-7.9140
01/07/19	11:41:52.563	650	1	2.339000	0.507000	-8.0010	-7.9310
01/07/19	11:41:52.770	651	1	2.331000	0.511000	-8.0180	-7.9480
01/07/19	11:41:52.940	652	1	2.331000	0.510000	-8.0350	-7.9850
01/07/19	11:41:53.152	653	1	2.347000	0.512000	-8.0610	-8.0100
01/07/19	11:41:53.364	654	1	2.351000	0.512000	-8.0780	-8.0390
01/07/19	11:41:53.571	655	1	2.358000	0.514000	-8.1230	-8.0610
01/07/19	11:41:53.732	656	1	2.358000	0.513000	-8.1430	-8.0870
01/07/19	11:41:53.940	657	1	2.361000	0.513000	-8.1800	-8.1100
01/07/19	11:41:54.150	658	1	2.362000	0.515000	-8.1940	-8.1610
01/07/19	11:41:54.358	659	1	2.369000	0.517000	-8.2280	-8.1610
01/07/19	11:41:54.567	660	1	2.369000	0.517000	-8.2510	-8.1800
01/07/19	11:41:54.735	661	1	2.371000	0.517000	-8.2850	-8.2140
01/07/19	11:41:54.946	662	1	2.376000	0.518000	-8.3020	-8.2430
01/07/19	11:41:55.159	663	1	2.384000	0.520000	-8.3440	-8.2740
01/07/19	11:41:55.371	664	1	2.384000	0.519000	-8.3750	-8.2850
01/07/19	11:41:55.538	665	1	2.383000	0.519000	-8.3700	-8.3190
01/07/19	11:41:55.746	666	1	2.399000	0.521000	-8.4150	-8.3450
01/07/19	11:41:55.959	667	1	2.397000	0.523000	-8.4210	-8.3480
01/07/19	11:41:56.168	668	1	2.397000	0.526000	-8.4580	-8.4040
01/07/19	11:41:56.375	669	1	2.409000	0.526000	-8.4750	-8.4330
01/07/19	11:41:56.537	670	1	2.417000	0.526000	-8.5090	-8.4330
01/07/19	11:41:56.747	671	1	2.417000	0.528000	-8.5260	-8.4500
01/07/19	11:41:56.960	672	1	2.420000	0.531000	-8.5430	-8.4610
01/07/19	11:41:57.163	673	1	2.427000	0.532000	-8.5910	-8.5120
01/07/19	11:41:57.331	674	1	2.429000	0.532000	-8.5680	-8.5460
01/07/19	11:41:57.544	675	1	2.429000	0.537000	-8.6220	-8.5600
01/07/19	11:41:57.754	676	1	2.451000	0.535000	-8.6560	-8.6030
01/07/19	11:41:57.959	677	1	2.448000	0.535000	-8.6980	-8.6140
01/07/19	11:41:58.172	678	1	2.443000	0.535000	-8.7270	-8.6620
01/07/19	11:41:58.339	679	1	2.443000	0.533000	-8.7270	-8.6710
01/07/19	11:41:58.546	680	1	2.448000	0.538000	-8.7860	-8.7160
01/07/19	11:41:58.759	681	1	2.453000	0.535000	-8.7860	-8.7330
01/07/19	11:41:58.973	682	1	2.467000	0.535000	-8.8260	-8.7530
01/07/19	11:41:59.136	683	1	2.467000	0.539000	-8.8430	-8.7730
01/07/19	11:41:59.341	684	1	2.466000	0.540000	-8.8850	-8.7870
01/07/19	11:41:59.561	685	1	2.470000	0.539000	-8.8880	-8.8150
01/07/19	11:41:59.757	686	1	2.484000	0.539000	-8.9190	-8.8520
01/07/19	11:41:59.964	687	1	2.486000	0.543000	-8.9340	-8.8660
01/07/19	11:42:00.136	688	1	2.486000	0.546000	-8.9560	-8.9060
01/07/19	11:42:00.348	689	1	2.499000	0.547000	-8.9900	-8.9290
01/07/19	11:42:00.565	690	1	2.501000	0.547000	-9.0070	-8.9680
01/07/19	11:42:00.776	691	1	2.508000	0.548000	-9.0330	-8.9770
01/07/19	11:42:00.941	692	1	2.508000	0.550000	-9.0780	-9.0020
01/07/19	11:42:01.146	693	1	2.512000	0.549000	-9.0900	-9.0310
01/07/19	11:42:01.359	694	1	2.519000	0.549000	-9.1260	-9.0500
01/07/19	11:42:01.568	695	1	2.521000	0.551000	-9.1380	-9.0900
01/07/19	11:42:01.734	696	1	2.521000	0.554000	-9.1720	-9.1010
01/07/19	11:42:01.941	697	1	2.531000	0.554000	-9.1800	-9.1240
01/07/19	11:42:02.147	698	1	2.542000	0.554000	-9.2230	-9.1500
01/07/19	11:42:02.353	699	1	2.541000	0.556000	-9.2570	-9.1690
01/07/19	11:42:02.575	700	1	2.541000	0.555000	-9.2880	-9.2010
01/07/19	11:42:02.769	701	1	2.541000	0.556000	-9.2880	-9.0050
01/07/19	11:42:02.937	702	1	2.556000	0.556000	-7.6640	-6.8600
01/07/19	11:42:03.147	703	1	2.556000	0.767000	-6.2390	-5.5050
01/07/19	11:42:03.358	704	1	3.230000	0.949000	-5.7030	-4.9810
01/07/19	11:42:03.569	705	1	3.873000	1.020000	-5.5190	-4.8080
01/07/19	11:42:03.740	706	1	4.209000	1.020000	-5.5330	-4.8080
01/07/19	11:42:03.952	707	1	4.250000	1.049000	-5.5870	-4.8680
01/07/19	11:42:04.164	708	1	4.250000	1.048000	-5.6950	-4.9980
01/07/19	11:42:04.376	709	1	4.265000	1.038000	-5.8590	-5.1230
01/07/19	11:42:04.539	710	1	4.205000	1.038000	-5.9670	-5.2360
01/07/19	11:42:04.743	711	1	4.205000	1.012000	-6.1370	-5.3690
01/07/19	11:42:04.953	712	1	4.186000	0.995000	-6.2530	-5.5000
01/07/19	11:42:05.168	713	1	4.119000	0.985000	-6.3970	-5.6270
01/07/19	11:42:05.377	714	1	4.073000	0.985000	-6.5140	-5.7260
01/07/19	11:42:05.536	715	1	4.073000	0.972000	-6.5870	-5.8200
01/07/19	11:42:05.748	716	1	4.045000	0.956000	-6.7180	-5.9420
01/07/19	11:42:05.957	717	1	4.005000	0.944000	-6.8250	-6.0270
01/07/19	11:42:06.166	718	1	3.968000	0.944000	-6.9300	-6.1170
01/07/19	11:42:06.373	719	1	3.942000	0.932000	-7.0120	-6.2080
01/07/19	11:42:06.540	720	1	3.942000	0.919000	-7.1030	-6.2590
01/07/19	11:42:06.754	721	1	3.904000	0.912000	-7.1880	-6.3550
01/07/19	11:42:06.958	722	1	3.884000	0.912000	-7.2590	-6.4260
01/07/19	11:42:07.169	723	1	3.869000	0.904000	-7.3520	-6.5000
01/07/19	11:42:07.334	724	1	3.869000	0.894000	-7.3860	-6.5650
01/07/19	11:42:07.559	725	1	3.850000	0.893000	-7.4970	-6.6390
01/07/19	11:42:07.761	726	1	3.821000	0.893000	-7.5710	-6.7180
01/07/19	11:42:07.971	727	1	3.805000	0.883000	-7.6300	-6.7830
01/07/19	11:42:08.134	728	1	3.805000	0.876000	-7.6900	-6.8510
01/07/19	11:42:08.347	729	1	3.784000	0.872000	-7.7770	-6.9250
01/07/19	11:42:08.558	730	1	3.764000	0.872000	-7.8200	-6.9590
01/07/19	11:42:08.765	731	1	3.762000	0.864000	-7.8880	-7.0300
01/07/19	11:42:08.940	732	1	3.762000	0.860000	-7.9310	-7.0410
01/07/19	11:42:09.145	733	1	3.747000	0.859000	-8.0270	-7.1460
01/07/19	11:42:09.361	734	1	3.724000	0.859000	-8.0860	-7.2030
01/07/19	11:42:09.576	735	1	3.712000	0.850000	-8.1400	-7.2570
01/07/19	11:42:09.734	736	1	3.712000	0.845000	-8.1740	-7.2960
01/07/19	11:42:09.941	737	1	3.707000	0.845000	-8.2480	-7.3530
01/07/19	11:42:10.161	738	1	3.692000	0.845000	-8.3070	-7.3900
01/07/19	11:42:10.376	739	1	3.681000	0.839000	-8.3700	-7.4440
01/07/19	11:42:10.535	740	1	3.681000	0.833000	-8.4150	-7.4780
01/07/19	11:42:10.750	741	1	3.667000	0.831000	-8.4580	-7.5310
01/07/19	11:42:10.957	742	1	3.663000	0.831000	-8.5140	-7.5940
01/07/19	11:42:11.169	743	1	3.654000	0.828000	-8.5540	-7.6360
01/07/19	11:42:11.334	744	1	3.654000	0.826000	-8.6080	-7.6730
01/07/19	11:42:11.546	745	1	3.647000	0.824000	-8.6790	-7.7300
01/07/19	11:42:11.754	746	1	3.630000	0.824000	-8.7150	-7.7670
01/07/19	11:42:11.961	747	1	3.629000	0.818000	-8.7520	-7.8180
01/07/19	11:42:12.173	748	1	3.629000	0.818000	-8.8260	-7.8660
01/07/19	11:42:12.340	749	1	3.628000	0.818000	-8.8510	-7.9080
01/07/19	11:42:12.553	750	1	3.617000	0.814000	-8.9030	-7.9480
01/07/19	11:42:12.760	751	1	3.608000	0.812000	-8.9390	-7.9930
01/07/19	11:42:12.968	752	1	3.608000	0.811000	-8.9960	-8.0440
01/07/19	11:42:13.133	753	1	3.608000	0.811000	-9.0300	-8.1070
01/07/19	11:42:13.342	754	1	3.599000	0.808000	-9.0810	-8.1180
01/07/19	11:42:13.548	755	1	3.593000	0.807000	-9.1010	-8.1550
01/07/19	11:42:13.758	756	1	3.593000	0.808000	-9.1630	-8.2060
01/07/19	11:42:13.965	757	1	3.597000	0.804000	-9.2340	-8.2600
01/07/19	11:42:14.137	758	1	3.573000	0.804000	-9.2570	-8.3050
01/07/19	11:42:14.346	759	1	3.573000	0.800000	-9.3190	-8.3360
01/07/19	11:42:14.553	760	1	3.575000	0.798000	-9.3250	-8.3840
01/07/19	11:42:14.763	761	1	3.573000	0.800000	-9.4210	-8.4410
01/07/19	11:42:14.969	762	1	3.551000	0.800000	-9.4490	-8.4780
01/07/19	11:42:15.144	763	1	3.551000	0.793000	-9.4410	-8.4950
01/07/19	11:42:15.350	764	1	3.554000	0.799000	-9.5160	-8.5630
01/07/19	11:42:15.560	765	1	3.560000	0.794000	-9.5560	-8.6230
01/07/19	11:42:15.772	766	1	3.552000	0.794000	-9.6160	-8.6480
01/07/19	11:42:15.931	767	1	3.552000	0.792000	-9.6510	-8.6960
01/07/19	11:42:16.156	768	1	3.543000	0.790000	-9.6910	-8.7560
01/07/19	11:42:16.353	769	1	3.541000	0.789000	-9.7570	-8.7900
01/07/19	11:42:16.566	770	1	3.528000	0.789000	-9.7890	-8.8350
01/07/19	11:42:16.735	771	1	3.528000	0.785000	-9.8350	-8.8690
01/07/19	11:42:16.945	772	1	3.528000	0.783000	-9.8840	-8.9430
01/07/19	11:42:17.154	773	1	3.515000	0.781000	-9.9210	-8.9850
01/07/19	11:42:17.363	774	1	3.515000	0.781000	-9.9700	-9.0140
01/07/19	11:42:17.573	775	1	3.508000	0.781000	-10.0080	-9.0790
01/07/19	11:42:17.734	776	1	3.508000	0.778000	-10.0650	-9.1070
01/07/19	11:42:17.947	777	1	3.496000	0.775000	-10.1110	-9.1640
01/07/19	11:42:18.160	778	1	3.494000	0.775000	-10.1400	-9.2460
01/07/19	11:42:18.375	779	1	3.493000	0.774000	-10.2010	-9.2690
01/07/19	11:42:18.541	780	1	3.493000	0.771000	-10.2470	-9.3370
01/07/19	11:42:18.753	781	1	3.477000	0.769000	-10.2900	-9.3590
01/07/19	11:42:18.962	782	1	3.473000	0.769000	-10.3300	-9.4050
01/07/19	11:42:19.170	783	1	3.469000	0.768000	-10.3930	-9.4700
01/07/19	11:42:19.332	784	1	3.469000	0.763000	-10.4280	-9.5050
01/07/19	11:42:19.541	785	1	3.457000	0.763000	-10.4680	-9.5800
01/07/19	11:42:19.750	786	1	3.453000	0.763000	-10.5230	-9.6260
01/07/19	11:42:19.957	787	1	3.443000	0.760000	-10.5630	-9.7000
01/07/19	11:42:20.164	788	1	3.443000	0.758000	-10.6090	-9.7320
01/07/19	11:42:20.336	789	1	3.440000	0.758000	-10.6670	-9.7810
01/07/19	11:42:20.544	790	1	3.426000	0.757000	-10.7010	-9.8240
01/07/19	11:42:20.751	791	1	3.425000	0.754000	-10.7620	-9.9020
01/07/19	11:42:20.962	792	1	3.425000	0.750000	-10.7930	-9.9390
01/07/19	11:42:21.173	793	1	3.411000	0.750000	-10.8160	-10.0170
01/07/19	11:42:21.339	794	1	3.417000	0.750000	-10.8910	-10.0460
01/07/19	11:42:21.552	795	1	3.402000	0.747000	-10.9370	-10.1060
01/07/19	11:42:21.761	796	1	3.402000	0.746000	-10.9890	-10.1580
01/07/19	11:42:21.971	797	1	3.394000	0.744000	-11.0290	-10.2330
01/07/19	11:42:22.130	798	1	3.383000	0.744000	-11.0780	-10.2960
01/07/19	11:42:22.337	799	1	3.383000	0.741000	-11.1410	-10.3280
01/07/19	11:42:22.545	800	1	3.377000	0.736000	-11.1790	-10.3940
01/07/19	11:42:22.752	801	1	3.361000	0.735000	-11.2340	-10.4770
01/07/19	11:42:22.961	802	1	3.352000	0.735000	-11.2800	-10.5380
01/07/19	11:42:23.169	803	1	3.345000	0.733000	-11.3340	-10.5920
01/07/19	11:42:23.337	804	1	3.345000	0.728000	-11.3540	-10.6270
01/07/19	11:42:23.543	805	1	3.340000	0.731000	-11.4350	-10.7220
01/07/19	11:42:23.758	806	1	3.321000	0.731000	-11.4550	-10.7480
01/07/19	11:42:23.972	807	1	3.326000	0.725000	-11.5240	-10.8400
01/07/19	11:42:24.141	808	1	3.326000	0.722000	-11.5700	-10.8860
01/07/19	11:42:24.350	809	1	3.306000	0.721000	-11.6280	-10.9410
01/07/19	11:42:24.559	810	1	3.295000	0.721000	-11.6800	-11.0180
01/07/19	11:42:24.768	811	1	3.284000	0.717000	-11.7230	-11.0820
01/07/19	11:42:24.943	812	1	3.284000	0.713000	-11.7690	-11.1420
01/07/19	11:42:25.146	813	1	3.274000	0.712000	-11.8320	-11.2020
01/07/19	11:42:25.356	814	1	3.263000	0.712000	-11.8750	-11.2690
01/07/19	11:42:25.563	815	1	3.254000	0.708000	-11.9390	-11.3320
01/07/19	11:42:25.768	816	1	3.254000	0.703000	-11.9760	-11.4130
01/07/19	11:42:25.933	817	1	3.240000	0.703000	-12.0340	-11.4840
01/07/19	11:42:26.140	818	1	3.229000	0.703000	-12.0570	-11.5560
01/07/19	11:42:26.354	819	1	3.230000	0.701000	-12.1400	-11.6310
01/07/19	11:42:26.564	820	1	3.230000	0.695000	-12.2090	-11.7090
01/07/19	11:42:26.772	821	1	3.209000	0.690000	-12.2520	-11.7840
01/07/19	11:42:26.942	822	1	3.189000	0.690000	-12.2900	-11.8590
01/07/19	11:42:27.154	823	1	3.187000	0.689000	-12.3670	-11.9330
01/07/19	11:42:27.363	824	1	3.187000	0.683000	-12.4480	-12.0340
01/07/19	11:42:27.576	825	1	3.167000	0.677000	-12.5110	-12.1200
01/07/19	11:42:27.735	826	1	3.133000	0.677000	-12.5690	-12.2130
01/07/19	11:42:27.946	827	1	3.122000	0.670000	-12.6610	-12.3190
01/07/19	11:42:28.155	828	1	3.122000	0.663000	-12.7590	-12.4510
01/07/19	11:42:28.363	829	1	3.095000	0.656000	-12.8280	-12.5550
01/07/19	11:42:28.536	830	1	3.053000	0.656000	-12.8970	-12.6500
01/07/19	11:42:28.744	831	1	3.037000	0.647000	-12.9830	-12.7510
01/07/19	11:42:28.953	832	1	3.037000	0.640000	-13.0380	-12.8540
01/07/19	11:42:29.164	833	1	3.005000	0.636000	-13.1100	-12.9320
01/07/19	11:42:29.371	834	1	2.984000	0.636000	-13.1900	-13.0100
01/07/19	11:42:29.539	835	1	2.984000	0.631000	-13.2390	-13.0700
01/07/19	11:42:29.752	836	1	2.960000	0.624000	-13.2800	-13.1280
01/07/19	11:42:29.960	837	1	2.948000	0.623000	-13.3030	-13.1770
01/07/19	11:42:30.173	838	1	2.950000	0.623000	-13.3460	-13.2170
01/07/19	11:42:30.332	839	1	2.950000	0.625000	-13.3630	-13.2310
01/07/19	11:42:30.540	840	1	2.942000	0.626000	-13.3890	-13.2950
01/07/19	11:42:30.765	841	1	2.949000	0.626000	-13.4230	-13.3180
01/07/19	11:42:30.972	842	1	2.947000	0.626000	-13.4640	-13.3350
01/07/19	11:42:31.175	843	1	2.942000	0.625000	-13.4490	-13.3690
01/07/19	11:42:31.337	844	1	2.942000	0.632000	-13.4520	-13.3780
01/07/19	11:42:31.547	845	1	2.971000	0.635000	-13.4640	-13.3840
01/07/19	11:42:31.759	846	1	2.981000	0.635000	-13.4720	-13.4070
01/07/19	11:42:31.969	847	1	2.981000	0.641000	-13.4840	-13.4010
01/07/19	11:42:32.140	848	1	2.990000	0.643000	-13.4810	-13.4330
01/07/19	11:42:32.353	849	1	3.015000	0.643000	-13.5040	-13.4440
01/07/19	11:42:32.565	850	1	3.018000	0.649000	-13.4870	-13.4670
01/07/19	11:42:32.771	851	1	3.018000	0.655000	-13.5070	-13.4500
01/07/19	11:42:32.931	852	1	3.038000	0.657000	-13.4840	-13.4640
01/07/19	11:42:33.143	853	1	3.066000	0.657000	-13.4900	-13.4640
01/07/19	11:42:33.354	854	1	3.077000	0.665000	-13.5160	-13.4700
01/07/19	11:42:33.561	855	1	3.077000	0.668000	-13.5210	-13.4900
01/07/19	11:42:33.768	856	1	3.081000	0.672000	-13.5390	-13.5070
01/07/19	11:42:33.933	857	1	3.101000	0.672000	-13.5300	-13.4990
01/07/19	11:42:34.147	858	1	3.118000	0.674000	-13.5560	-13.5100
01/07/19	11:42:34.356	859	1	3.118000	0.680000	-13.5590	-13.5100
01/07/19	11:42:34.563	860	1	3.123000	0.685000	-13.5620	-13.5300
01/07/19	11:42:34.774	861	1	3.149000	0.688000	-13.5590	-13.5420
01/07/19	11:42:34.940	862	1	3.166000	0.688000	-13.5930	-13.5480
01/07/19	11:42:35.150	863	1	3.166000	0.692000	-13.6050	-13.5560
01/07/19	11:42:35.362	864	1	3.165000	0.695000	-13.6280	-13.5480
01/07/19	11:42:35.575	865	1	3.179000	0.696000	-13.6390	-13.5820
01/07/19	11:42:35.734	866	1	3.189000	0.696000	-13.6450	-13.5910
01/07/19	11:42:35.942	867	1	3.189000	0.703000	-13.6620	-13.6080
01/07/19	11:42:36.151	868	1	3.203000	0.704000	-13.6770	-13.6140
01/07/19	11:42:36.366	869	1	3.217000	0.704000	-13.6820	-13.6340
01/07/19	11:42:36.572	870	1	3.230000	0.706000	-13.6910	-13.6600
01/07/19	11:42:36.735	871	1	3.230000	0.713000	-13.7030	-13.6570
01/07/19	11:42:36.944	872	1	3.241000	0.715000	-13.7230	-13.6800
01/07/19	11:42:37.155	873	1	3.256000	0.715000	-13.7280	-13.6970
01/07/19	11:42:37.368	874	1	3.271000	0.717000	-13.7570	-13.7120
01/07/19	11:42:37.540	875	1	3.271000	0.722000	-13.7800	-13.7410
01/07/19	11:42:37.753	876	1	3.273000	0.723000	-13.8000	-13.7550
01/07/19	11:42:37.964	877	1	3.283000	0.723000	-13.7980	-13.7690
01/07/19	11:42:38.172	878	1	3.302000	0.724000	-13.8550	-13.7870
01/07/19	11:42:38.335	879	1	3.302000	0.727000	-13.8380	-13.8010
01/07/19	11:42:38.546	880	1	3.295000	0.733000	-13.8920	-13.8240
01/07/19	11:42:38.760	881	1	3.309000	0.733000	-13.8870	-13.8350
01/07/19	11:42:38.963	882	1	3.323000	0.731000	-13.9010	-13.8610
01/07/19	11:42:39.131	883	1	3.323000	0.737000	-13.9300	-13.8700
01/07/19	11:42:39.343	884	1	3.334000	0.737000	-13.9470	-13.8960
01/07/19	11:42:39.558	885	1	3.341000	0.737000	-13.9670	-13.9250
01/07/19	11:42:39.772	886	1	3.350000	0.739000	-13.9930	-13.9590
01/07/19	11:42:39.938	887	1	3.350000	0.743000	-14.0080	-13.9480
01/07/19	11:42:40.151	888	1	3.354000	0.744000	-14.0510	-13.9880
01/07/19	11:42:40.359	889	1	3.359000	0.744000	-14.0620	-14.0140
01/07/19	11:42:40.567	890	1	3.370000	0.743000	-14.0650	-14.0140
01/07/19	11:42:40.780	891	1	3.384000	0.750000	-14.1080	-14.0540
01/07/19	11:42:40.935	892	1	3.384000	0.749000	-14.1110	-14.0830
01/07/19	11:42:41.151	893	1	3.392000	0.749000	-14.1660	-14.0890
01/07/19	11:42:41.360	894	1	3.388000	0.752000	-14.1690	-14.1260
01/07/19	11:42:41.566	895	1	3.388000	0.754000	-14.2060	-14.1460
01/07/19	11:42:41.734	896	1	3.402000	0.753000	-14.2150	-14.1550
01/07/19	11:42:41.949	897	1	3.409000	0.753000	-14.2440	-14.1980
01/07/19	11:42:42.166	898	1	3.414000	0.756000	-14.2670	-14.2010
01/07/19	11:42:42.372	899	1	3.414000	0.758000	-14.2980	-14.2350
01/07/19	11:42:42.540	900	1	3.418000	0.758000	-14.2980	-14.2580
01/07/19	11:42:42.752	901	1	3.434000	0.758000	-14.3440	-14.2840
01/07/19	11:42:42.964	902	1	3.431000	0.762000	-14.3700	-14.2790
01/07/19	11:42:43.172	903	1	3.431000	0.762000	-14.3930	-14.3300
01/07/19	11:42:43.337	904	1	3.436000	0.763000	-14.4080	-14.3480
01/07/19	11:42:43.540	905	1	3.446000	0.763000	-14.4330	-14.3560
01/07/19	11:42:43.752	906	1	3.454000	0.765000	-14.4360	-14.3880
01/07/19	11:42:43.958	907	1	3.454000	0.770000	-14.4540	-14.4110
01/07/19	11:42:44.166	908	1	3.465000	0.772000	-14.4880	-14.4310
01/07/19	11:42:44.333	909	1	3.474000	0.772000	-14.5080	-14.4540
01/07/19	11:42:44.548	910	1	3.482000	0.772000	-14.5660	-14.4740
01/07/19	11:42:44.762	911	1	3.482000	0.771000	-14.5690	-14.5200
01/07/19	11:42:44.978	912	1	3.474000	0.775000	-14.6000	-14.5290
01/07/19	11:42:45.142	913	1	3.487000	0.775000	-14.6150	-14.5490
01/07/19	11:42:45.342	914	1	3.495000	0.775000	-14.6180	-14.5840
01/07/19	11:42:45.555	915	1	3.495000	0.781000	-14.6610	-14.6040
01/07/19	11:42:45.761	916	1	3.509000	0.780000	-14.6720	-14.6150
01/07/19	11:42:45.966	917	1	3.516000	0.780000	-14.7070	-14.6440
01/07/19	11:42:46.137	918	1	3.515000	0.783000	-14.7150	-14.6530
01/07/19	11:42:46.345	919	1	3.515000	0.786000	-14.7560	-14.6840
01/07/19	11:42:46.551	920	1	3.530000	0.785000	-14.7820	-14.7020
01/07/19	11:42:46.765	921	1	3.531000	0.785000	-14.8100	-14.7390
01/07/19	11:42:46.971	922	1	3.532000	0.786000	-14.8160	-14.7620
01/07/19	11:42:47.139	923	1	3.532000	0.790000	-14.8220	-14.7850
01/07/19	11:42:47.353	924	1	3.546000	0.793000	-14.8800	-14.7970
01/07/19	11:42:47.564	925	1	3.548000	0.793000	-14.8910	-14.8400
01/07/19	11:42:47.772	926	1	3.558000	0.790000	-14.9260	-14.8600
01/07/19	11:42:47.932	927	1	3.558000	0.792000	-14.9490	-14.8890
01/07/19	11:42:48.139	928	1	3.559000	0.794000	-14.9740	-14.8890
01/07/19	11:42:48.347	929	1	3.568000	0.794000	-14.9980	-14.9290
01/07/19	11:42:48.554	930	1	3.572000	0.795000	-15.0210	-14.9580
01/07/19	11:42:48.761	931	1	3.572000	0.798000	-15.0490	-14.9810
01/07/19	11:42:48.980	932	1	3.581000	0.798000	-15.0690	-14.9810
01/07/19	11:42:49.132	933	1	3.587000	0.798000	-15.0920	-15.0240
01/07/19	11:42:49.343	934	1	3.592000	0.800000	-15.1040	-15.0410
01/07/19	11:42:49.552	935	1	3.592000	0.804000	-15.1240	-15.0790
01/07/19	11:42:49.763	936	1	3.603000	0.806000	-15.1530	-15.1050
01/07/19	11:42:49.973	937	1	3.611000	0.805000	-15.1790	-15.1450
01/07/19	11:42:50.139	938	1	3.616000	0.805000	-15.2100	-15.1390
01/07/19	11:42:50.352	939	1	3.616000	0.807000	-15.2310	-15.1790
01/07/19	11:42:50.560	940	1	3.618000	0.808000	-15.2360	-15.1880
01/07/19	11:42:50.769	941	1	3.637000	0.808000	-15.2620	-15.2140
01/07/19	11:42:50.934	942	1	3.639000	0.812000	-15.2590	-15.2310
01/07/19	11:42:51.139	943	1	3.639000	0.817000	-15.3230	-15.2460
01/07/19	11:42:51.349	944	1	3.657000	0.814000	-15.3310	-15.2940
01/07/19	11:42:51.564	945	1	3.656000	0.814000	-15.3860	-15.3200
01/07/19	11:42:51.765	946	1	3.651000	0.816000	-15.3860	-15.3490
01/07/19	11:42:51.932	947	1	3.651000	0.818000	-15.4150	-15.3610
01/07/19	11:42:52.148	948	1	3.664000	0.818000	-15.4350	-15.3750
01/07/19	11:42:52.360	949	1	3.673000	0.818000	-15.4520	-15.4010
01/07/19	11:42:52.571	950	1	3.680000	0.820000	-15.4690	-15.4270
01/07/19	11:42:52.737	951	1	3.680000	0.824000	-15.5270	-15.4500
01/07/19	11:42:52.953	952	1	3.689000	0.821000	-15.5300	-15.4640
01/07/19	11:42:53.159	953	1	3.693000	0.821000	-15.5530	-15.5020
01/07/19	11:42:53.369	954	1	3.697000	0.826000	-15.5610	-15.5360
01/07/19	11:42:53.531	955	1	3.697000	0.829000	-15.5930	-15.5360
01/07/19	11:42:53.739	956	1	3.709000	0.830000	-15.6450	-15.5560
01/07/19	11:42:53.948	957	1	3.704000	0.830000	-15.6360	-15.5990
01/07/19	11:42:54.155	958	1	3.723000	0.828000	-15.6650	-15.6250
01/07/19	11:42:54.362	959	1	3.723000	0.833000	-15.7080	-15.6570
01/07/19	11:42:54.533	960	1	3.725000	0.832000	-15.7260	-15.6660
01/07/19	11:42:54.747	961	1	3.730000	0.832000	-15.7770	-15.6830
01/07/19	11:42:54.957	962	1	1.018000	-0.021000	-15.7260	-15.6770
01/07/19	11:42:55.165	963	1	1.018000	-0.022000	-15.5760	-15.5050
01/07/19	11:42:55.375	964	1	0.939000	-0.022000	-15.3430	-15.3000
01/07/19	11:42:55.540	965	1	0.880000	-0.022000	-15.1070	-15.0870
01/07/19	11:42:55.747	966	1	0.833000	-0.022000	-14.8050	-14.8170
01/07/19	11:42:55.960	967	1	0.833000	-0.022000	-14.4880	-14.5290
01/07/19	11:42:56.161	968	1	0.797000	-0.022000	-14.2000	-14.2180
01/07/19	11:42:56.374	969	1	0.765000	-0.022000	-13.8580	-13.9300
01/07/19	11:42:56.568	970	1	0.738000	-0.022000	-13.5180	-13.6080
01/07/19	11:42:56.735	971	1	0.738000	-0.021000	-13.2590	-13.3780
01/07/19	11:42:56.942	972	1	0.714000	-0.025000	-12.9280	-13.0670
01/07/19	11:42:57.155	973	1	0.701000	-0.025000	-12.6150	-12.7540
01/07/19	11:42:57.362	974	1	0.681000	-0.025000	-12.2900	-12.4200
01/07/19	11:42:57.571	975	1	0.681000	-0.025000	-11.9700	-12.1230
01/07/19	11:42:57.738	976	1	0.661000	-0.025000	-11.7290	-11.8730
01/07/19	11:42:57.951	977	1	0.643000	-0.025000	-11.4260	-11.5790
01/07/19	11:42:58.163	978	1	0.626000	-0.025000	-11.0780	-11.2800
01/07/19	11:42:58.368	979	1	0.626000	-0.025000	-10.7880	-10.9490
01/07/19	11:42:58.534	980	1	0.610000	-0.025000	-10.5540	-10.7080
01/07/19	11:42:58.747	981	1	0.593000	-0.025000	-10.2490	-10.4110
01/07/19	11:42:58.951	982	1	0.578000	-0.025000	-9.9620	-10.1440
01/07/19	11:42:59.158	983	1	0.578000	-0.025000	-9.6770	-9.8500
01/07/19	11:42:59.378	984	1	0.564000	-0.025000	-9.3790	-9.5740
01/07/19	11:42:59.536	985	1	0.549000	-0.025000	-9.1580	-9.3680
01/07/19	11:42:59.743	986	1	0.536000	-0.025000	-8.9050	-9.0900
01/07/19	11:42:59.957	987	1	0.536000	-0.025000	-8.6020	-8.7980
01/07/19	11:43:00.164	988	1	0.522000	-0.025000	-8.3580	-8.5600
01/07/19	11:43:00.379	989	1	0.510000	-0.025000	-8.1030	-8.2710
01/07/19	11:43:00.540	990	1	0.497000	-0.025000	-7.9160	-8.1210
01/07/19	11:43:00.746	991	1	0.497000	-0.025000	-7.6700	-7.8550
01/07/19	11:43:00.956	992	1	0.485000	-0.025000	-7.4150	-7.5850
01/07/19	11:43:01.168	993	1	0.473000	-0.025000	-7.1800	-7.3500
01/07/19	11:43:01.370	994	1	0.462000	-0.025000	-6.9360	-7.1210
01/07/19	11:43:01.535	995	1	0.462000	-0.025000	-6.7400	-6.9450
01/07/19	11:43:01.741	996	1	0.451000	-0.025000	-6.5310	-6.7180
01/07/19	11:43:01.955	997	1	0.440000	-0.025000	-6.2980	-6.4720
01/07/19	11:43:02.168	998	1	0.429000	-0.025000	-6.0890	-6.2620
01/07/19	11:43:02.341	999	1	0.429000	-0.025000	-5.9330	-6.1030
01/07/19	11:43:02.554	1000	1	0.419000	-0.025000	-5.6920	-5.8570
01/07/19	11:43:02.762	1001	1	0.409000	-0.025000	-5.4820	-5.6300
01/07/19	11:43:02.971	1002	1	0.400000	-0.025000	-5.2810	-5.4660
01/07/19	11:43:03.136	1003	1	0.400000	-0.025000	-5.1280	-5.3010
01/07/19	11:43:03.342	1004	1	0.391000	-0.025000	-4.9410	-5.1110
01/07/19	11:43:03.550	1005	1	0.382000	-0.025000	-4.7310	-4.9160
01/07/19	11:43:03.758	1006	1	0.372000	-0.025000	-4.5580	-4.7030
01/07/19	11:43:03.965	1007	1	0.372000	-0.025000	-4.3570	-4.5160
01/07/19	11:43:04.136	1008	1	0.363000	-0.025000	-4.2270	-4.3770
01/07/19	11:43:04.347	1009	1	0.356000	-0.025000	-4.0680	-4.2050
01/07/19	11:43:04.558	1010	1	0.347000	-0.025000	-3.8890	-4.0200
01/07/19	11:43:04.771	1011	1	0.347000	-0.025000	-3.7170	-3.8500
01/07/19	11:43:04.937	1012	1	0.339000	-0.025000	-3.5660	-3.7140
01/07/19	11:43:05.153	1013	1	0.331000	-0.025000	-3.4110	-3.5410
01/07/19	11:43:05.363	1014	1	0.323000	-0.025000	-3.2410	-3.3860
01/07/19	11:43:05.580	1015	1	0.315000	-0.025000	-3.0680	-3.2040
01/07/19	11:43:05.732	1016	1	0.315000	-0.025000	-2.9800	-3.1020
01/07/19	11:43:05.938	1017	1	0.308000	-0.025000	-2.8040	-2.9580
01/07/19	11:43:06.165	1018	1	0.301000	-0.025000	-2.6710	-2.8100
01/07/19	11:43:06.365	1019	1	0.301000	-0.025000	-2.5190	-2.6570
01/07/19	11:43:06.570	1020	1	0.294000	-0.025000	-2.3840	-2.5160
01/07/19	11:43:06.736	1021	1	0.288000	-0.025000	-2.2610	-2.3930
01/07/19	11:43:06.947	1022	1	0.281000	-0.025000	-2.1400	-2.2560
01/07/19	11:43:07.158	1023	1	0.281000	-0.025000	-1.9840	-2.1440
01/07/19	11:43:07.369	1024	1	0.275000	-0.025000	-1.8660	-2.0010
01/07/19	11:43:07.540	1025	1	0.268000	-0.025000	-1.7480	-1.9030
01/07/19	11:43:07.753	1026	1	0.262000	-0.025000	-1.6530	-1.7770
01/07/19	11:43:07.964	1027	1	0.262000	-0.025000	-1.5180	-1.6480
01/07/19	11:43:08.174	1028	1	0.256000	-0.025000	-1.4120	-1.5190
01/07/19	11:43:08.333	1029	1	0.251000	-0.025000	-1.3190	-1.4320
01/07/19	11:43:08.546	1030	1	0.245000	-0.025000	-1.2210	-1.3260
01/07/19	11:43:08.750	1031	1	0.245000	-0.025000	-1.1090	-1.2220
01/07/19	11:43:08.959	1032	1	0.239000	-0.025000	-0.9890	-1.1130
01/07/19	11:43:09.165	1033	1	0.235000	-0.025000	-0.8960	-1.0170
01/07/19	11:43:09.332	1034	1	0.230000	-0.025000	-0.8070	-0.9450
01/07/19	11:43:09.544	1035	1	0.230000	-0.025000	-0.7340	-0.8580
01/07/19	11:43:09.752	1036	1	0.225000	-0.025000	-0.6250	-0.7540
01/07/19	11:43:09.962	1037	1	0.221000	-0.025000	-0.5400	-0.6670
01/07/19	11:43:10.169	1038	1	0.216000	-0.025000	-0.4540	-0.5550
01/07/19	11:43:10.344	1039	1	0.216000	-0.025000	-0.3860	-0.5070
01/07/19	11:43:10.553	1040	1	0.211000	-0.025000	-0.2910	-0.4260
01/07/19	11:43:10.764	1041	1	0.206000	-0.025000	-0.2350	-0.3390
01/07/19	11:43:10.973	1042	1	0.202000	-0.025000	-0.1570	-0.2690
01/07/19	11:43:11.132	1043	1	0.202000	-0.025000	-0.0920	-0.2240
01/07/19	11:43:11.340	1044	1	0.198000	-0.025000	-0.0360	-0.1630
01/07/19	11:43:11.547	1045	1	0.194000	-0.025000	0.0280	-0.0820
01/07/19	11:43:11.758	1046	1	0.190000	-0.025000	0.0840	-0.0480
01/07/19	11:43:11.964	1047	1	0.190000	-0.025000	0.1490	0.0190
01/07/19	11:43:12.131	1048	1	0.186000	-0.025000	0.1800	0.0330
01/07/19	11:43:12.345	1049	1	0.183000	-0.025000	0.2190	0.0870
01/07/19	11:43:12.557	1050	1	0.180000	-0.026000	0.2750	0.1290
01/07/19	11:43:12.767	1051	1	0.180000	-0.025000	0.3060	0.1850
01/07/19	11:43:12.974	1052	1	0.177000	-0.025000	0.3560	0.2180
01/07/19	11:43:13.139	1053	1	0.174000	-0.025000	0.3840	0.2580
01/07/19	11:43:13.348	1054	1	0.172000	-0.025000	0.4260	0.2800
01/07/19	11:43:13.558	1055	1	0.172000	-0.025000	0.4740	0.3250
01/07/19	11:43:13.768	1056	1	0.170000	-0.025000	0.4930	0.3810
01/07/19	11:43:13.934	1057	1	0.167000	-0.025000	0.5490	0.4140
01/07/19	11:43:14.141	1058	1	0.164000	-0.025000	0.5920	0.4400
01/07/19	11:43:14.347	1059	1	0.164000	-0.025000	0.6220	0.4980
01/07/19	11:43:14.554	1060	1	0.162000	-0.025000	0.6730	0.5380
01/07/19	11:43:14.761	1061	1	0.159000	-0.025000	0.7040	0.5690
01/07/19	11:43:14.970	1062	1	0.156000	-0.025000	0.7600	0.5940
01/07/19	11:43:15.137	1063	1	0.156000	-0.025000	0.7680	0.6300
01/07/19	11:43:15.347	1064	1	0.153000	-0.025000	0.8180	0.6550
01/07/19	11:43:15.551	1065	1	0.150000	-0.025000	0.8550	0.6780
01/07/19	11:43:15.760	1066	1	0.147000	-0.025000	0.8750	0.7530
01/07/19	11:43:15.975	1067	1	0.145000	-0.025000	0.9190	0.7590
01/07/19	11:43:16.141	1068	1	0.145000	-0.025000	0.9420	0.7840
01/07/19	11:43:16.352	1069	1	0.141000	-0.025000	1.0010	0.8180
01/07/19	11:43:16.563	1070	1	0.138000	-0.025000	1.0030	0.8710
01/07/19	11:43:16.775	1071	1	0.135000	-0.025000	1.0310	0.8680
01/07/19	11:43:16.934	1072	1	0.135000	-0.025000	1.0760	0.9220
01/07/19	11:43:17.142	1073	1	0.133000	-0.025000	1.0760	0.9360
01/07/19	11:43:17.348	1074	1	0.130000	-0.025000	1.1300	0.9500
01/07/19	11:43:17.558	1075	1	0.130000	-0.025000	1.1580	0.9780
01/07/19	11:43:17.765	1076	1	0.127000	-0.025000	1.1910	1.0110
