01/07/19	11:14:07.870	C:\Icing\LabView_vi\Icing_2TC_FP_v2.0.vi
Dt (s):		0.200000

Date	Time	# meas	# cycle	V	I	Temp1	Temp2

01/07/19	11:15:26.237	1	0	0.000000	0.003000	5.9570	6.0020
01/07/19	11:15:26.430	2	0	0.000000	0.003000	5.9710	5.9800
01/07/19	11:15:26.632	3	0	0.000000	0.003000	5.9850	6.0160
01/07/19	11:15:26.867	4	0	0.000000	0.003000	5.9820	6.0080
01/07/19	11:15:27.082	5	0	0.000000	0.003000	5.9460	6.0080
01/07/19	11:15:27.228	6	0	0.000000	0.003000	5.9820	5.9860
01/07/19	11:15:27.441	7	0	0.000000	0.003000	5.9910	5.9830
01/07/19	11:15:27.654	8	0	0.000000	0.003000	5.9850	5.9970
01/07/19	11:15:27.866	9	0	0.000000	0.003000	5.9710	5.9940
01/07/19	11:15:28.039	10	0	0.000000	0.003000	5.9740	5.9890
01/07/19	11:15:28.244	11	0	0.000000	0.003000	5.9850	5.9780
01/07/19	11:15:28.453	12	0	0.000000	0.003000	5.9690	5.9690
01/07/19	11:15:28.665	13	0	0.000000	0.003000	5.9740	5.9800
01/07/19	11:15:28.877	14	0	0.000000	0.002000	5.9690	5.9800
01/07/19	11:15:29.032	15	0	0.000000	0.002000	5.9990	5.9910
01/07/19	11:15:29.243	16	0	0.000000	0.003000	6.0040	5.9780
01/07/19	11:15:29.454	17	0	0.000000	0.002000	5.9460	5.9940
01/07/19	11:15:29.667	18	0	0.000000	0.003000	6.0070	5.9830
01/07/19	11:15:29.829	19	0	0.000000	0.003000	5.9960	5.9970
01/07/19	11:15:30.041	20	0	0.000000	0.003000	5.9820	6.0020
01/07/19	11:15:30.249	21	0	0.000000	0.002000	5.9850	6.0000
01/07/19	11:15:30.459	22	0	0.000000	0.003000	5.9660	6.0000
01/07/19	11:15:30.667	23	0	0.000000	0.002000	5.9990	5.9970
01/07/19	11:15:30.836	24	0	0.000000	0.002000	5.9770	6.0110
01/07/19	11:15:31.041	25	0	0.000000	0.003000	5.9910	6.0240
01/07/19	11:15:31.255	26	0	0.000000	0.003000	5.9710	6.0240
01/07/19	11:15:31.467	27	0	0.000000	0.003000	6.4160	7.5430
01/07/19	11:15:31.627	28	0	0.000000	0.003000	7.4510	9.1890
01/07/19	11:15:31.836	29	0	0.000000	0.003000	8.0640	10.1190
01/07/19	11:15:32.042	30	0	0.000000	0.003000	8.6000	10.3150
01/07/19	11:15:32.253	31	0	0.000000	0.003000	9.0140	10.4480
01/07/19	11:15:32.464	32	0	0.000000	0.003000	9.3790	10.6690
01/07/19	11:15:32.628	33	0	0.000000	0.003000	9.4610	10.6580
01/07/19	11:15:32.841	34	0	0.000000	0.003000	9.3650	10.4670
01/07/19	11:15:33.051	35	0	0.000000	0.003000	9.3180	10.3570
01/07/19	11:15:33.255	36	0	0.000000	0.003000	9.1940	10.1850
01/07/19	11:15:33.463	37	0	0.000000	0.003000	9.1240	10.0060
01/07/19	11:15:33.635	38	0	0.000000	0.003000	8.9920	9.8490
01/07/19	11:15:33.847	39	0	0.000000	0.003000	8.8460	9.6660
01/07/19	11:15:34.060	40	0	0.000000	0.003000	8.7430	9.4870
01/07/19	11:15:34.268	41	0	0.000000	0.003000	8.5860	9.3100
01/07/19	11:15:34.428	42	0	0.000000	0.003000	8.4870	9.1670
01/07/19	11:15:34.634	43	0	0.000000	0.003000	8.3650	9.0200
01/07/19	11:15:34.848	44	0	0.000000	0.003000	8.2630	8.8600
01/07/19	11:15:35.057	45	0	0.000000	0.003000	8.1170	8.6890
01/07/19	11:15:35.267	46	0	0.000000	0.003000	8.0280	8.5650
01/07/19	11:15:35.431	47	0	0.000000	0.003000	7.9260	8.4520
01/07/19	11:15:35.638	48	0	0.000000	0.003000	7.8600	8.3130
01/07/19	11:15:35.851	49	0	0.000000	0.003000	7.7550	8.2170
01/07/19	11:15:36.058	50	0	0.000000	0.003000	7.6670	8.0930
01/07/19	11:15:36.269	51	0	0.000000	0.003000	7.6000	7.9900
Cycle	Time Peltier On:	180.000000	Time Peltier Off:	200.000000	# iterations	1.000000		
01/07/19	11:15:36.435	52	1	2.043000	0.003000	7.5060	7.9130
01/07/19	11:15:36.648	53	1	2.043000	0.089000	7.4020	7.7610
01/07/19	11:15:36.852	54	1	0.314000	0.080000	7.2830	7.6040
01/07/19	11:15:37.065	55	1	0.249000	0.080000	7.1700	7.4820
01/07/19	11:15:37.231	56	1	0.215000	0.069000	7.0480	7.3660
01/07/19	11:15:37.438	57	1	0.215000	0.049000	6.9510	7.2590
01/07/19	11:15:37.652	58	1	0.179000	0.041000	6.8600	7.1700
01/07/19	11:15:37.865	59	1	0.128000	0.041000	6.7660	7.0650
01/07/19	11:15:38.062	60	1	0.101000	0.034000	6.7110	6.9960
01/07/19	11:15:38.230	61	1	0.101000	0.023000	6.6590	6.9160
01/07/19	11:15:38.439	62	1	0.088000	0.021000	6.6090	6.8440
01/07/19	11:15:38.646	63	1	0.074000	0.021000	6.5540	6.7980
01/07/19	11:15:38.859	64	1	0.063000	0.019000	6.4540	6.7260
01/07/19	11:15:39.067	65	1	0.063000	0.009000	6.4710	6.6760
01/07/19	11:15:39.236	66	1	0.036000	0.014000	6.3990	6.6070
01/07/19	11:15:39.450	67	1	0.038000	0.014000	6.3610	6.5440
01/07/19	11:15:39.662	68	1	0.033000	0.009000	6.3190	6.4990
01/07/19	11:15:39.866	69	1	0.033000	0.007000	6.3080	6.4750
01/07/19	11:15:40.029	70	1	0.028000	0.010000	6.2780	6.4440
01/07/19	11:15:40.236	71	1	0.041000	0.010000	6.2250	6.4050
01/07/19	11:15:40.462	72	1	0.030000	0.011000	6.2230	6.3720
01/07/19	11:15:40.676	73	1	0.043000	0.011000	6.1950	6.3120
01/07/19	11:15:40.828	74	1	0.043000	0.013000	6.1590	6.3090
01/07/19	11:15:41.040	75	1	0.043000	0.013000	6.1370	6.2780
01/07/19	11:15:41.248	76	1	0.050000	0.012000	6.1290	6.2540
01/07/19	11:15:41.458	77	1	0.050000	0.017000	6.0790	6.1980
01/07/19	11:15:41.666	78	1	0.061000	0.015000	6.0790	6.1900
01/07/19	11:15:41.836	79	1	0.062000	0.015000	6.0430	6.1710
01/07/19	11:15:42.049	80	1	0.067000	0.019000	6.0130	6.1430
01/07/19	11:15:42.260	81	1	0.067000	0.019000	6.0040	6.1160
01/07/19	11:15:42.467	82	1	0.068000	0.022000	6.0100	6.0930
01/07/19	11:15:42.626	83	1	0.091000	0.022000	5.9740	6.0820
01/07/19	11:15:42.837	84	1	0.096000	0.027000	5.9550	6.0410
01/07/19	11:15:43.056	85	1	0.096000	0.029000	5.9520	6.0410
01/07/19	11:15:43.254	86	1	0.103000	0.033000	5.9160	6.0020
01/07/19	11:15:43.477	87	1	0.116000	0.032000	5.8990	5.9750
01/07/19	11:15:43.632	88	1	0.123000	0.032000	5.8660	5.9660
01/07/19	11:15:43.840	89	1	0.123000	0.034000	5.8470	5.9200
01/07/19	11:15:44.046	90	1	0.123000	0.036000	5.8330	5.9170
01/07/19	11:15:44.260	91	1	0.141000	0.036000	5.8140	5.9000
01/07/19	11:15:44.466	92	1	0.145000	0.039000	5.8080	5.8500
01/07/19	11:15:44.636	93	1	0.145000	0.044000	5.7700	5.8590
01/07/19	11:15:44.845	94	1	0.160000	0.043000	5.7280	5.8040
01/07/19	11:15:45.061	95	1	0.155000	0.043000	5.7140	5.7980
01/07/19	11:15:45.227	96	1	0.165000	0.042000	5.7120	5.7840
01/07/19	11:15:45.437	97	1	0.165000	0.049000	5.6560	5.7460
01/07/19	11:15:45.645	98	1	0.182000	0.046000	5.6650	5.7370
01/07/19	11:15:45.852	99	1	0.188000	0.046000	5.6430	5.6930
01/07/19	11:15:46.059	100	1	0.197000	0.050000	5.6180	5.6790
01/07/19	11:15:46.231	101	1	0.197000	0.053000	5.6040	5.6770
01/07/19	11:15:46.441	102	1	0.202000	0.055000	5.5680	5.6270
01/07/19	11:15:46.648	103	1	0.209000	0.055000	5.5430	5.6160
01/07/19	11:15:46.859	104	1	0.214000	0.056000	5.5050	5.5740
01/07/19	11:15:47.066	105	1	0.214000	0.056000	5.4960	5.5660
01/07/19	11:15:47.233	106	1	0.213000	0.059000	5.4630	5.5550
01/07/19	11:15:47.449	107	1	0.223000	0.059000	5.4520	5.5160
01/07/19	11:15:47.652	108	1	0.236000	0.059000	5.4270	5.5110
01/07/19	11:15:47.864	109	1	0.236000	0.062000	5.3860	5.4750
01/07/19	11:15:48.028	110	1	0.240000	0.061000	5.3910	5.4530
01/07/19	11:15:48.235	111	1	0.254000	0.061000	5.3640	5.4280
01/07/19	11:15:48.456	112	1	0.260000	0.066000	5.3310	5.3810
01/07/19	11:15:48.663	113	1	0.260000	0.067000	5.3060	5.3670
01/07/19	11:15:48.860	114	1	0.262000	0.068000	5.2450	5.3230
01/07/19	11:15:49.032	115	1	0.253000	0.068000	5.2510	5.3070
01/07/19	11:15:49.242	116	1	0.272000	0.064000	5.2120	5.2870
01/07/19	11:15:49.449	117	1	0.272000	0.069000	5.2120	5.2610
01/07/19	11:15:49.663	118	1	0.274000	0.074000	5.1830	5.2250
01/07/19	11:15:49.835	119	1	0.288000	0.074000	5.1750	5.2330
01/07/19	11:15:50.049	120	1	0.304000	0.074000	5.1140	5.2090
01/07/19	11:15:50.253	121	1	0.304000	0.073000	5.1000	5.1510
01/07/19	11:15:50.465	122	1	0.292000	0.076000	5.0720	5.1450
01/07/19	11:15:50.631	123	1	0.303000	0.076000	5.0560	5.1340
01/07/19	11:15:50.837	124	1	0.310000	0.077000	5.0120	5.1060
01/07/19	11:15:51.060	125	1	0.310000	0.077000	5.0060	5.0590
01/07/19	11:15:51.258	126	1	0.310000	0.082000	4.9570	5.0430
01/07/19	11:15:51.433	127	1	0.318000	0.082000	4.9510	5.0180
01/07/19	11:15:51.639	128	1	0.330000	0.079000	4.9260	4.9740
01/07/19	11:15:51.850	129	1	0.330000	0.084000	4.8850	4.9490
01/07/19	11:15:52.058	130	1	0.335000	0.082000	4.8600	4.9300
01/07/19	11:15:52.271	131	1	0.336000	0.082000	4.8460	4.9160
01/07/19	11:15:52.436	132	1	0.349000	0.083000	4.8210	4.8850
01/07/19	11:15:52.649	133	1	0.349000	0.087000	4.7770	4.8500
01/07/19	11:15:52.859	134	1	0.353000	0.085000	4.7690	4.8360
01/07/19	11:15:53.070	135	1	0.362000	0.085000	4.7250	4.8140
01/07/19	11:15:53.230	136	1	0.357000	0.089000	4.7080	4.7690
01/07/19	11:15:53.442	137	1	0.357000	0.089000	4.6750	4.7610
01/07/19	11:15:53.643	138	1	0.364000	0.089000	4.6670	4.7250
01/07/19	11:15:53.851	139	1	0.379000	0.089000	4.6450	4.6870
01/07/19	11:15:54.058	140	1	0.385000	0.093000	4.6110	4.6840
01/07/19	11:15:54.265	141	1	0.385000	0.094000	4.5670	4.6150
01/07/19	11:15:54.432	142	1	0.387000	0.093000	4.5670	4.6150
01/07/19	11:15:54.640	143	1	0.398000	0.093000	4.5290	4.5900
01/07/19	11:15:54.847	144	1	0.398000	0.097000	4.4900	4.5790
01/07/19	11:15:55.052	145	1	0.398000	0.095000	4.4870	4.5490
01/07/19	11:15:55.261	146	1	0.394000	0.099000	4.4320	4.5020
01/07/19	11:15:55.435	147	1	0.402000	0.099000	4.4400	4.4710
01/07/19	11:15:55.644	148	1	0.421000	0.097000	4.3790	4.4570
01/07/19	11:15:55.858	149	1	0.421000	0.098000	4.3790	4.4240
01/07/19	11:15:56.065	150	1	0.410000	0.103000	4.3330	4.4000
01/07/19	11:15:56.230	151	1	0.420000	0.103000	4.3130	4.3860
01/07/19	11:15:56.437	152	1	0.429000	0.101000	4.2860	4.3610
01/07/19	11:15:56.658	153	1	0.429000	0.103000	4.2630	4.3220
01/07/19	11:15:56.861	154	1	0.430000	0.105000	4.2330	4.2810
01/07/19	11:15:57.083	155	1	0.438000	0.105000	4.2140	4.2840
01/07/19	11:15:57.233	156	1	0.447000	0.105000	4.1750	4.2500
01/07/19	11:15:57.441	157	1	0.447000	0.106000	4.1520	4.2230
01/07/19	11:15:57.651	158	1	0.446000	0.108000	4.1160	4.1980
01/07/19	11:15:57.859	159	1	0.451000	0.108000	4.0910	4.1480
01/07/19	11:15:58.067	160	1	0.456000	0.107000	4.0710	4.1450
01/07/19	11:15:58.236	161	1	0.456000	0.110000	4.0630	4.1170
01/07/19	11:15:58.450	162	1	0.464000	0.113000	4.0150	4.0830
01/07/19	11:15:58.658	163	1	0.470000	0.113000	4.0010	4.0580
01/07/19	11:15:58.870	164	1	0.481000	0.111000	3.9650	4.0410
01/07/19	11:15:59.029	165	1	0.481000	0.112000	3.9450	3.9910
01/07/19	11:15:59.239	166	1	0.481000	0.115000	3.9170	3.9770
01/07/19	11:15:59.446	167	1	0.491000	0.115000	3.8750	3.9570
01/07/19	11:15:59.663	168	1	0.489000	0.116000	3.8710	3.9220
01/07/19	11:15:59.830	169	1	0.489000	0.118000	3.8320	3.8800
01/07/19	11:16:00.038	170	1	0.500000	0.117000	3.7950	3.8800
01/07/19	11:16:00.251	171	1	0.499000	0.117000	3.7670	3.8020
01/07/19	11:16:00.457	172	1	0.503000	0.117000	3.7640	3.8240
01/07/19	11:16:00.671	173	1	0.503000	0.121000	3.7060	3.7740
01/07/19	11:16:00.836	174	1	0.517000	0.119000	3.6830	3.7570
01/07/19	11:16:01.048	175	1	0.513000	0.119000	3.6920	3.7260
01/07/19	11:16:01.260	176	1	0.532000	0.120000	3.6410	3.7010
01/07/19	11:16:01.468	177	1	0.532000	0.123000	3.5930	3.6590
01/07/19	11:16:01.629	178	1	0.528000	0.121000	3.5710	3.6390
01/07/19	11:16:01.842	179	1	0.528000	0.121000	3.5600	3.6170
01/07/19	11:16:02.053	180	1	0.537000	0.122000	3.5230	3.6030
01/07/19	11:16:02.279	181	1	0.538000	0.125000	3.4810	3.5660
01/07/19	11:16:02.428	182	1	0.538000	0.124000	3.4900	3.5380
01/07/19	11:16:02.641	183	1	0.553000	0.124000	3.4730	3.5100
01/07/19	11:16:02.849	184	1	0.561000	0.129000	3.4200	3.4790
01/07/19	11:16:03.061	185	1	0.561000	0.128000	3.4060	3.4430
01/07/19	11:16:03.234	186	1	0.556000	0.131000	3.3690	3.4290
01/07/19	11:16:03.447	187	1	0.565000	0.131000	3.3640	3.4060
01/07/19	11:16:03.653	188	1	0.576000	0.131000	3.3190	3.3670
01/07/19	11:16:03.865	189	1	0.576000	0.132000	3.2600	3.3560
01/07/19	11:16:04.032	190	1	0.575000	0.130000	3.2570	3.3080
01/07/19	11:16:04.236	191	1	0.576000	0.130000	3.2260	3.3030
01/07/19	11:16:04.443	192	1	0.581000	0.132000	3.1840	3.2520
01/07/19	11:16:04.668	193	1	0.581000	0.132000	3.1930	3.2380
01/07/19	11:16:04.869	194	1	0.579000	0.138000	3.1370	3.2100
01/07/19	11:16:05.027	195	1	0.588000	0.138000	3.1260	3.1880
01/07/19	11:16:05.241	196	1	0.600000	0.135000	3.1060	3.1630
01/07/19	11:16:05.448	197	1	0.600000	0.139000	3.0550	3.1540
01/07/19	11:16:05.656	198	1	0.607000	0.136000	3.0410	3.1040
01/07/19	11:16:05.870	199	1	0.609000	0.140000	2.9970	3.0790
01/07/19	11:16:06.038	200	1	0.608000	0.140000	3.0130	3.0620
01/07/19	11:16:06.250	201	1	0.608000	0.144000	2.9660	3.0280
01/07/19	11:16:06.462	202	1	0.629000	0.142000	2.9520	3.0000
01/07/19	11:16:06.671	203	1	0.630000	0.145000	2.8990	2.9690
01/07/19	11:16:06.829	204	1	0.626000	0.145000	2.8650	2.9530
01/07/19	11:16:07.046	205	1	0.626000	0.143000	2.8620	2.9250
01/07/19	11:16:07.251	206	1	0.627000	0.146000	2.8400	2.8850
01/07/19	11:16:07.458	207	1	0.646000	0.146000	2.7720	2.8660
01/07/19	11:16:07.633	208	1	0.634000	0.148000	2.7670	2.8380
01/07/19	11:16:07.843	209	1	0.634000	0.146000	2.7560	2.8100
01/07/19	11:16:08.050	210	1	0.645000	0.149000	2.7220	2.7760
01/07/19	11:16:08.257	211	1	0.657000	0.149000	2.6970	2.7420
01/07/19	11:16:08.472	212	1	0.662000	0.150000	2.6600	2.7280
01/07/19	11:16:08.636	213	1	0.662000	0.151000	2.6350	2.7340
01/07/19	11:16:08.852	214	1	0.664000	0.151000	2.6160	2.6980
01/07/19	11:16:09.064	215	1	0.675000	0.151000	2.5680	2.6500
01/07/19	11:16:09.229	216	1	0.672000	0.153000	2.5850	2.6130
01/07/19	11:16:09.440	217	1	0.672000	0.157000	2.5650	2.5940
01/07/19	11:16:09.650	218	1	0.691000	0.159000	2.5090	2.5710
01/07/19	11:16:09.855	219	1	0.690000	0.159000	2.5120	2.5410
01/07/19	11:16:10.076	220	1	0.709000	0.156000	2.4470	2.5130
01/07/19	11:16:10.233	221	1	0.709000	0.158000	2.4140	2.4960
01/07/19	11:16:10.440	222	1	0.698000	0.157000	2.4170	2.4430
01/07/19	11:16:10.652	223	1	0.712000	0.157000	2.3610	2.4400
01/07/19	11:16:10.859	224	1	0.704000	0.161000	2.3610	2.4060
01/07/19	11:16:11.070	225	1	0.704000	0.163000	2.2820	2.3750
01/07/19	11:16:11.236	226	1	0.722000	0.158000	2.2960	2.3610
01/07/19	11:16:11.445	227	1	0.724000	0.158000	2.2740	2.3330
01/07/19	11:16:11.655	228	1	0.728000	0.163000	2.2430	2.3090
01/07/19	11:16:11.868	229	1	0.728000	0.164000	2.1690	2.2870
01/07/19	11:16:12.028	230	1	0.731000	0.159000	2.2050	2.2530
01/07/19	11:16:12.234	231	1	0.744000	0.159000	2.1910	2.2340
01/07/19	11:16:12.441	232	1	0.756000	0.168000	2.1270	2.2090
01/07/19	11:16:12.648	233	1	0.756000	0.167000	2.1150	2.1530
01/07/19	11:16:12.857	234	1	0.745000	0.169000	2.0900	2.1470
01/07/19	11:16:13.065	235	1	0.757000	0.169000	2.0370	2.1020
01/07/19	11:16:13.233	236	1	0.750000	0.170000	2.0340	2.0910
01/07/19	11:16:13.446	237	1	0.750000	0.172000	2.0310	2.0680
01/07/19	11:16:13.658	238	1	0.766000	0.176000	1.9750	2.0180
01/07/19	11:16:13.865	239	1	0.771000	0.176000	1.9420	1.9930
01/07/19	11:16:14.037	240	1	0.772000	0.173000	1.9110	1.9650
01/07/19	11:16:14.245	241	1	0.772000	0.173000	1.9000	1.9590
01/07/19	11:16:14.458	242	1	0.774000	0.176000	1.8550	1.9140
01/07/19	11:16:14.663	243	1	0.780000	0.176000	1.8130	1.8950
01/07/19	11:16:14.832	244	1	0.777000	0.174000	1.8270	1.8640
01/07/19	11:16:15.034	245	1	0.777000	0.179000	1.7880	1.8390
01/07/19	11:16:15.244	246	1	0.798000	0.179000	1.7510	1.8140
01/07/19	11:16:15.457	247	1	0.797000	0.179000	1.7200	1.7850
01/07/19	11:16:15.668	248	1	0.798000	0.178000	1.6840	1.7600
01/07/19	11:16:15.830	249	1	0.798000	0.178000	1.6730	1.7350
01/07/19	11:16:16.043	250	1	0.801000	0.181000	1.6530	1.7180
01/07/19	11:16:16.253	251	1	0.818000	0.181000	1.6030	1.6790
01/07/19	11:16:16.460	252	1	0.810000	0.183000	1.6030	1.6570
01/07/19	11:16:16.634	253	1	0.810000	0.185000	1.5520	1.6450
01/07/19	11:16:16.847	254	1	0.828000	0.182000	1.5380	1.5890
01/07/19	11:16:17.055	255	1	0.829000	0.182000	1.4930	1.5870
01/07/19	11:16:17.263	256	1	0.825000	0.185000	1.5190	1.5590
01/07/19	11:16:17.429	257	1	0.825000	0.191000	1.4490	1.5280
01/07/19	11:16:17.636	258	1	0.852000	0.186000	1.4680	1.4880
01/07/19	11:16:17.845	259	1	0.860000	0.186000	1.3920	1.4660
01/07/19	11:16:18.053	260	1	0.846000	0.192000	1.3670	1.4440
01/07/19	11:16:18.260	261	1	0.846000	0.189000	1.3360	1.4070
01/07/19	11:16:18.432	262	1	0.852000	0.189000	1.3220	1.4040
01/07/19	11:16:18.640	263	1	0.859000	0.189000	1.3030	1.3620
01/07/19	11:16:18.853	264	1	0.867000	0.191000	1.2610	1.3430
01/07/19	11:16:19.068	265	1	0.867000	0.192000	1.2330	1.3150
01/07/19	11:16:19.235	266	1	0.865000	0.193000	1.2220	1.2870
01/07/19	11:16:19.448	267	1	0.880000	0.193000	1.2130	1.2730
01/07/19	11:16:19.660	268	1	0.892000	0.196000	1.1510	1.2450
01/07/19	11:16:19.869	269	1	0.880000	0.195000	1.1460	1.2190
01/07/19	11:16:20.028	270	1	0.880000	0.198000	1.1120	1.1770
01/07/19	11:16:20.240	271	1	0.891000	0.198000	1.0950	1.1690
01/07/19	11:16:20.449	272	1	0.903000	0.198000	1.0560	1.1270
01/07/19	11:16:20.662	273	1	0.903000	0.199000	1.0310	1.1070
01/07/19	11:16:20.868	274	1	0.901000	0.200000	0.9830	1.0570
01/07/19	11:16:21.029	275	1	0.902000	0.200000	0.9890	1.0460
01/07/19	11:16:21.243	276	1	0.917000	0.198000	0.9830	1.0010
01/07/19	11:16:21.451	277	1	0.917000	0.206000	0.9110	0.9900
01/07/19	11:16:21.666	278	1	0.930000	0.202000	0.8830	0.9560
01/07/19	11:16:21.835	279	1	0.918000	0.202000	0.8840	0.9440
01/07/19	11:16:22.053	280	1	0.935000	0.202000	0.8360	0.9040
01/07/19	11:16:22.265	281	1	0.935000	0.205000	0.8190	0.8930
01/07/19	11:16:22.472	282	1	0.931000	0.207000	0.7770	0.8430
01/07/19	11:16:22.626	283	1	0.938000	0.207000	0.7580	0.8150
01/07/19	11:16:22.841	284	1	0.944000	0.206000	0.7580	0.8090
01/07/19	11:16:23.048	285	1	0.944000	0.212000	0.7210	0.7870
01/07/19	11:16:23.258	286	1	0.958000	0.211000	0.6710	0.7310
01/07/19	11:16:23.470	287	1	0.952000	0.209000	0.6320	0.7220
01/07/19	11:16:23.635	288	1	0.948000	0.209000	0.6290	0.6890
01/07/19	11:16:23.842	289	1	0.948000	0.212000	0.6210	0.6550
01/07/19	11:16:24.057	290	1	0.963000	0.215000	0.5530	0.6350
01/07/19	11:16:24.267	291	1	0.962000	0.211000	0.5560	0.6180
01/07/19	11:16:24.433	292	1	0.980000	0.211000	0.5310	0.5990
01/07/19	11:16:24.639	293	1	0.980000	0.217000	0.4750	0.5480
01/07/19	11:16:24.851	294	1	0.984000	0.214000	0.4720	0.5430
01/07/19	11:16:25.055	295	1	0.989000	0.214000	0.4080	0.5180
01/07/19	11:16:25.265	296	1	0.978000	0.218000	0.4050	0.4640
01/07/19	11:16:25.431	297	1	0.978000	0.218000	0.3820	0.4590
01/07/19	11:16:25.643	298	1	0.993000	0.219000	0.3660	0.4420
01/07/19	11:16:25.852	299	1	1.003000	0.219000	0.3290	0.3920
01/07/19	11:16:26.060	300	1	1.007000	0.221000	0.3100	0.3800
01/07/19	11:16:26.228	301	1	1.007000	0.223000	0.2820	0.3470
01/07/19	11:16:26.445	302	1	1.015000	0.224000	0.2510	0.3050
01/07/19	11:16:26.654	303	1	1.019000	0.224000	0.2000	0.2990
01/07/19	11:16:26.868	304	1	1.011000	0.224000	0.2230	0.2600
01/07/19	11:16:27.034	305	1	1.011000	0.228000	0.1890	0.2490
01/07/19	11:16:27.248	306	1	1.035000	0.229000	0.1390	0.2320
01/07/19	11:16:27.456	307	1	1.032000	0.229000	0.1190	0.1790
01/07/19	11:16:27.664	308	1	1.039000	0.226000	0.0990	0.1670
01/07/19	11:16:27.833	309	1	1.039000	0.231000	0.0520	0.1310
01/07/19	11:16:28.038	310	1	1.048000	0.228000	0.0430	0.1000
01/07/19	11:16:28.245	311	1	1.052000	0.228000	0.0210	0.0720
01/07/19	11:16:28.452	312	1	1.057000	0.231000	-0.0130	0.0550
01/07/19	11:16:28.659	313	1	1.057000	0.232000	-0.0440	0.0270
01/07/19	11:16:28.829	314	1	1.059000	0.233000	-0.0860	0.0050
01/07/19	11:16:29.037	315	1	1.057000	0.233000	-0.1220	-0.0320
01/07/19	11:16:29.251	316	1	1.058000	0.231000	-0.0970	-0.0650
01/07/19	11:16:29.461	317	1	1.058000	0.239000	-0.1530	-0.0930
01/07/19	11:16:29.669	318	1	1.087000	0.236000	-0.1670	-0.0990
01/07/19	11:16:29.837	319	1	1.083000	0.236000	-0.2030	-0.1300
01/07/19	11:16:30.049	320	1	1.086000	0.238000	-0.2200	-0.1660
01/07/19	11:16:30.254	321	1	1.086000	0.240000	-0.2590	-0.1970
01/07/19	11:16:30.474	322	1	1.094000	0.239000	-0.2790	-0.2190
01/07/19	11:16:30.632	323	1	1.096000	0.239000	-0.3100	-0.2330
01/07/19	11:16:30.836	324	1	1.102000	0.241000	-0.3460	-0.2640
01/07/19	11:16:31.045	325	1	1.102000	0.241000	-0.3490	-0.2950
01/07/19	11:16:31.261	326	1	1.108000	0.245000	-0.3880	-0.3090
01/07/19	11:16:31.470	327	1	1.114000	0.245000	-0.4360	-0.3510
01/07/19	11:16:31.633	328	1	1.114000	0.244000	-0.4470	-0.3590
01/07/19	11:16:31.849	329	1	1.109000	0.245000	-0.4550	-0.4010
01/07/19	11:16:32.059	330	1	1.120000	0.248000	-0.4970	-0.4270
01/07/19	11:16:32.272	331	1	1.128000	0.248000	-0.5140	-0.4520
01/07/19	11:16:32.433	332	1	1.128000	0.246000	-0.5250	-0.4850
01/07/19	11:16:32.650	333	1	1.137000	0.252000	-0.5650	-0.5050
01/07/19	11:16:32.862	334	1	1.150000	0.251000	-0.6040	-0.5250
01/07/19	11:16:33.073	335	1	1.144000	0.251000	-0.6120	-0.5670
01/07/19	11:16:33.229	336	1	1.144000	0.250000	-0.6430	-0.5840
01/07/19	11:16:33.436	337	1	1.159000	0.254000	-0.6820	-0.5950
01/07/19	11:16:33.648	338	1	1.157000	0.253000	-0.6910	-0.6370
01/07/19	11:16:33.864	339	1	1.168000	0.253000	-0.7410	-0.6680
01/07/19	11:16:34.070	340	1	1.164000	0.256000	-0.7610	-0.7100
01/07/19	11:16:34.280	341	1	1.164000	0.256000	-0.7800	-0.7400
01/07/19	11:16:34.433	342	1	1.172000	0.258000	-0.8140	-0.7430
01/07/19	11:16:34.642	343	1	1.178000	0.258000	-0.8530	-0.7660
01/07/19	11:16:34.855	344	1	1.178000	0.257000	-0.8700	-0.8050
01/07/19	11:16:35.067	345	1	1.178000	0.258000	-0.8840	-0.8250
01/07/19	11:16:35.240	346	1	1.186000	0.261000	-0.9070	-0.8500
01/07/19	11:16:35.445	347	1	1.200000	0.261000	-0.9600	-0.8780
01/07/19	11:16:35.656	348	1	1.193000	0.261000	-0.9820	-0.9000
01/07/19	11:16:35.873	349	1	1.193000	0.262000	-1.0020	-0.9420
01/07/19	11:16:36.030	350	1	1.201000	0.263000	-1.0100	-0.9670
01/07/19	11:16:36.250	351	1	1.215000	0.263000	-1.0490	-0.9840
01/07/19	11:16:36.451	352	1	1.216000	0.265000	-1.0630	-1.0040
01/07/19	11:16:36.665	353	1	1.216000	0.267000	-1.1000	-1.0380
01/07/19	11:16:36.871	354	1	1.224000	0.267000	-1.1280	-1.0740
01/07/19	11:16:37.028	355	1	1.226000	0.267000	-1.1640	-1.0820
01/07/19	11:16:37.236	356	1	1.228000	0.267000	-1.2150	-1.1130
01/07/19	11:16:37.450	357	1	1.228000	0.265000	-1.2090	-1.1410
01/07/19	11:16:37.663	358	1	1.223000	0.271000	-1.2430	-1.1690
01/07/19	11:16:37.836	359	1	1.240000	0.271000	-1.2790	-1.1970
01/07/19	11:16:38.045	360	1	1.239000	0.270000	-1.2930	-1.2220
01/07/19	11:16:38.257	361	1	1.239000	0.272000	-1.3100	-1.2340
01/07/19	11:16:38.462	362	1	1.251000	0.274000	-1.3630	-1.2590
01/07/19	11:16:38.626	363	1	1.249000	0.274000	-1.3910	-1.3180
01/07/19	11:16:38.841	364	1	1.253000	0.273000	-1.4250	-1.3180
01/07/19	11:16:39.063	365	1	1.253000	0.272000	-1.4140	-1.3460
01/07/19	11:16:39.265	366	1	1.255000	0.279000	-1.4420	-1.3710
01/07/19	11:16:39.433	367	1	1.277000	0.279000	-1.4640	-1.3820
01/07/19	11:16:39.642	368	1	1.285000	0.281000	-1.5010	-1.4100
01/07/19	11:16:39.852	369	1	1.285000	0.279000	-1.5150	-1.4580
01/07/19	11:16:40.063	370	1	1.284000	0.283000	-1.5540	-1.4660
01/07/19	11:16:40.271	371	1	1.292000	0.283000	-1.5710	-1.5220
01/07/19	11:16:40.440	372	1	1.299000	0.282000	-1.5870	-1.5280
01/07/19	11:16:40.643	373	1	1.299000	0.285000	-1.6410	-1.5730
01/07/19	11:16:40.849	374	1	1.305000	0.283000	-1.6550	-1.5950
01/07/19	11:16:41.053	375	1	1.311000	0.283000	-1.6520	-1.6180
01/07/19	11:16:41.266	376	1	1.328000	0.286000	-1.7280	-1.6260
01/07/19	11:16:41.431	377	1	1.328000	0.285000	-1.7440	-1.6620
01/07/19	11:16:41.643	378	1	1.316000	0.286000	-1.8030	-1.6880
01/07/19	11:16:41.852	379	1	1.309000	0.286000	-1.7980	-1.7240
01/07/19	11:16:42.061	380	1	1.325000	0.284000	-1.8340	-1.7520
01/07/19	11:16:42.228	381	1	1.325000	0.289000	-1.8310	-1.7660
01/07/19	11:16:42.443	382	1	1.340000	0.292000	-1.8840	-1.8050
01/07/19	11:16:42.660	383	1	1.335000	0.292000	-1.9070	-1.8420
01/07/19	11:16:42.868	384	1	1.340000	0.291000	-1.9120	-1.8440
01/07/19	11:16:43.035	385	1	1.340000	0.296000	-1.9740	-1.8700
01/07/19	11:16:43.247	386	1	1.349000	0.291000	-1.9990	-1.9060
01/07/19	11:16:43.455	387	1	1.347000	0.291000	-1.9990	-1.9400
01/07/19	11:16:43.665	388	1	1.361000	0.293000	-2.0360	-1.9540
01/07/19	11:16:43.829	389	1	1.361000	0.296000	-2.0580	-1.9870
01/07/19	11:16:44.038	390	1	1.367000	0.298000	-2.0920	-2.0130
01/07/19	11:16:44.246	391	1	1.368000	0.298000	-2.1090	-2.0290
01/07/19	11:16:44.453	392	1	1.378000	0.297000	-2.1420	-2.0660
01/07/19	11:16:44.677	393	1	1.378000	0.299000	-2.1590	-2.0910
01/07/19	11:16:44.829	394	1	1.378000	0.301000	-2.1870	-2.1130
01/07/19	11:16:45.043	395	1	1.389000	0.301000	-2.2370	-2.1610
01/07/19	11:16:45.253	396	1	1.386000	0.301000	-2.2540	-2.1700
01/07/19	11:16:45.464	397	1	1.386000	0.303000	-2.2820	-2.1950
01/07/19	11:16:45.630	398	1	1.393000	0.303000	-2.2820	-2.2000
01/07/19	11:16:45.850	399	1	1.409000	0.303000	-2.3270	-2.2310
01/07/19	11:16:46.058	400	1	1.405000	0.307000	-2.3440	-2.2700
01/07/19	11:16:46.267	401	1	1.405000	0.308000	-2.3860	-2.2900
01/07/19	11:16:46.479	402	1	1.416000	0.306000	-2.3780	-2.3260
01/07/19	11:16:46.632	403	1	1.431000	0.306000	-2.4310	-2.3460
01/07/19	11:16:46.845	404	1	1.425000	0.310000	-2.4950	-2.3850
01/07/19	11:16:47.053	405	1	1.425000	0.306000	-2.4760	-2.4080
01/07/19	11:16:47.261	406	1	1.413000	0.312000	-2.5290	-2.4360
01/07/19	11:16:47.435	407	1	1.427000	0.312000	-2.5120	-2.4440
01/07/19	11:16:47.646	408	1	1.451000	0.313000	-2.5430	-2.4810
01/07/19	11:16:47.858	409	1	1.451000	0.316000	-2.5770	-2.5110
01/07/19	11:16:48.068	410	1	1.452000	0.316000	-2.6220	-2.5420
01/07/19	11:16:48.229	411	1	1.450000	0.316000	-2.6360	-2.5420
01/07/19	11:16:48.438	412	1	1.461000	0.317000	-2.6760	-2.5980
01/07/19	11:16:48.652	413	1	1.461000	0.316000	-2.7070	-2.6010
01/07/19	11:16:48.861	414	1	1.457000	0.316000	-2.7180	-2.6270
01/07/19	11:16:49.064	415	1	1.468000	0.316000	-2.7580	-2.6610
01/07/19	11:16:49.231	416	1	1.467000	0.319000	-2.7610	-2.6750
01/07/19	11:16:49.444	417	1	1.467000	0.322000	-2.7830	-2.7320
01/07/19	11:16:49.658	418	1	1.480000	0.324000	-2.8140	-2.7460
01/07/19	11:16:49.870	419	1	1.490000	0.324000	-2.8460	-2.7680
01/07/19	11:16:50.038	420	1	1.492000	0.324000	-2.8710	-2.7850
01/07/19	11:16:50.245	421	1	1.492000	0.325000	-2.8880	-2.8190
01/07/19	11:16:50.454	422	1	1.497000	0.327000	-2.9080	-2.8510
01/07/19	11:16:50.664	423	1	1.512000	0.327000	-2.9760	-2.8680
01/07/19	11:16:50.831	424	1	1.500000	0.329000	-2.9790	-2.9130
01/07/19	11:16:51.037	425	1	1.500000	0.328000	-2.9960	-2.9210
01/07/19	11:16:51.262	426	1	1.513000	0.330000	-3.0210	-2.9500
01/07/19	11:16:51.464	427	1	1.525000	0.330000	-3.1040	-2.9980
01/07/19	11:16:51.630	428	1	1.505000	0.332000	-3.0690	-3.0230
01/07/19	11:16:51.846	429	1	1.505000	0.334000	-3.1230	-3.0230
01/07/19	11:16:52.056	430	1	1.535000	0.331000	-3.1200	-3.0770
01/07/19	11:16:52.262	431	1	1.542000	0.331000	-3.1740	-3.0860
01/07/19	11:16:52.430	432	1	1.542000	0.336000	-3.1830	-3.1230
01/07/19	11:16:52.637	433	1	1.535000	0.336000	-3.2030	-3.1650
01/07/19	11:16:52.846	434	1	1.548000	0.338000	-3.2590	-3.1880
01/07/19	11:16:53.059	435	1	1.545000	0.338000	-3.2570	-3.1880
01/07/19	11:16:53.267	436	1	1.563000	0.335000	-3.3130	-3.2300
01/07/19	11:16:53.434	437	1	1.563000	0.337000	-3.3220	-3.2420
01/07/19	11:16:53.643	438	1	1.559000	0.340000	-3.3390	-3.2980
01/07/19	11:16:53.856	439	1	1.571000	0.340000	-3.3930	-3.3010
01/07/19	11:16:54.067	440	1	1.564000	0.341000	-3.4070	-3.3380
01/07/19	11:16:54.227	441	1	1.564000	0.342000	-3.4270	-3.3490
01/07/19	11:16:54.441	442	1	1.578000	0.342000	-3.4610	-3.3830
01/07/19	11:16:54.644	443	1	1.579000	0.342000	-3.4950	-3.4140
01/07/19	11:16:54.850	444	1	1.581000	0.342000	-3.5120	-3.4430
01/07/19	11:16:55.058	445	1	1.581000	0.345000	-3.5650	-3.4800
01/07/19	11:16:55.226	446	1	1.590000	0.343000	-3.5710	-3.4770
01/07/19	11:16:55.443	447	1	1.594000	0.343000	-3.5600	-3.5140
01/07/19	11:16:55.649	448	1	1.613000	0.346000	-3.6140	-3.5390
01/07/19	11:16:55.862	449	1	1.613000	0.348000	-3.6480	-3.5650
01/07/19	11:16:56.066	450	1	1.607000	0.349000	-3.6590	-3.5840
01/07/19	11:16:56.240	451	1	1.618000	0.349000	-3.6700	-3.6190
01/07/19	11:16:56.449	452	1	1.629000	0.354000	-3.6900	-3.6580
01/07/19	11:16:56.657	453	1	1.629000	0.356000	-3.7440	-3.6780
01/07/19	11:16:56.867	454	1	1.638000	0.354000	-3.7750	-3.6890
01/07/19	11:16:57.028	455	1	1.630000	0.354000	-3.7810	-3.7290
01/07/19	11:16:57.236	456	1	1.644000	0.357000	-3.8260	-3.7400
01/07/19	11:16:57.445	457	1	1.644000	0.356000	-3.8710	-3.7910
01/07/19	11:16:57.666	458	1	1.640000	0.355000	-3.8940	-3.8030
01/07/19	11:16:57.863	459	1	1.641000	0.355000	-3.9250	-3.8400
01/07/19	11:16:58.029	460	1	1.642000	0.355000	-3.9170	-3.8510
01/07/19	11:16:58.241	461	1	1.642000	0.361000	-3.9250	-3.8960
01/07/19	11:16:58.448	462	1	1.667000	0.365000	-4.0070	-3.9130
01/07/19	11:16:58.661	463	1	1.655000	0.365000	-4.0160	-3.9390
01/07/19	11:16:58.873	464	1	1.666000	0.358000	-4.0700	-3.9810
01/07/19	11:16:59.032	465	1	1.666000	0.358000	-4.0640	-3.9900
01/07/19	11:16:59.248	466	1	1.664000	0.363000	-4.0780	-4.0120
01/07/19	11:16:59.460	467	1	1.683000	0.363000	-4.1380	-4.0290
01/07/19	11:16:59.670	468	1	1.675000	0.365000	-4.1410	-4.0660
01/07/19	11:16:59.829	469	1	1.675000	0.366000	-4.1660	-4.0890
01/07/19	11:17:00.038	470	1	1.692000	0.368000	-4.1750	-4.0860
01/07/19	11:17:00.248	471	1	1.704000	0.368000	-4.2100	-4.1340
01/07/19	11:17:00.453	472	1	1.706000	0.371000	-4.2410	-4.1710
01/07/19	11:17:00.661	473	1	1.706000	0.371000	-4.2470	-4.1880
01/07/19	11:17:00.831	474	1	1.708000	0.375000	-4.2840	-4.2080
01/07/19	11:17:01.042	475	1	1.721000	0.375000	-4.3070	-4.2480
01/07/19	11:17:01.253	476	1	1.724000	0.374000	-4.3600	-4.2760
01/07/19	11:17:01.464	477	1	1.724000	0.373000	-4.3550	-4.2930
01/07/19	11:17:01.636	478	1	1.720000	0.378000	-4.4030	-4.3040
01/07/19	11:17:01.848	479	1	1.731000	0.378000	-4.4110	-4.3470
01/07/19	11:17:02.063	480	1	1.741000	0.375000	-4.4620	-4.3840
01/07/19	11:17:02.273	481	1	1.741000	0.376000	-4.4750	-4.3850
01/07/19	11:17:02.431	482	1	1.737000	0.379000	-4.4810	-4.4140
01/07/19	11:17:02.639	483	1	1.758000	0.379000	-4.5210	-4.4450
01/07/19	11:17:02.852	484	1	1.756000	0.382000	-4.5660	-4.4840
01/07/19	11:17:03.061	485	1	1.756000	0.380000	-4.5630	-4.5040
01/07/19	11:17:03.228	486	1	1.755000	0.384000	-4.6030	-4.5210
01/07/19	11:17:03.444	487	1	1.765000	0.384000	-4.6230	-4.5440
01/07/19	11:17:03.653	488	1	1.775000	0.383000	-4.6620	-4.6010
01/07/19	11:17:03.865	489	1	1.775000	0.384000	-4.6880	-4.6200
01/07/19	11:17:04.036	490	1	1.772000	0.386000	-4.7190	-4.6230
01/07/19	11:17:04.245	491	1	1.780000	0.386000	-4.7050	-4.6470
01/07/19	11:17:04.459	492	1	1.802000	0.387000	-4.7500	-4.6810
01/07/19	11:17:04.667	493	1	1.802000	0.390000	-4.7960	-4.7100
01/07/19	11:17:04.875	494	1	1.796000	0.389000	-4.7980	-4.7270
01/07/19	11:17:05.031	495	1	1.805000	0.389000	-4.8270	-4.7470
01/07/19	11:17:05.243	496	1	1.809000	0.393000	-4.8410	-4.7860
01/07/19	11:17:05.455	497	1	1.809000	0.395000	-4.9120	-4.8170
01/07/19	11:17:05.668	498	1	1.817000	0.392000	-4.8810	-4.8320
01/07/19	11:17:05.831	499	1	1.831000	0.392000	-4.9200	-4.8370
01/07/19	11:17:06.041	500	1	1.830000	0.398000	-4.9510	-4.8970
01/07/19	11:17:06.250	501	1	1.830000	0.398000	-4.9770	-4.9080
01/07/19	11:17:06.459	502	1	1.833000	0.399000	-4.9940	-4.9360
01/07/19	11:17:06.667	503	1	1.843000	0.399000	-5.0310	-4.9850
01/07/19	11:17:06.832	504	1	1.845000	0.401000	-5.0480	-5.0040
01/07/19	11:17:07.050	505	1	1.845000	0.403000	-5.0700	-5.0020
01/07/19	11:17:07.262	506	1	1.854000	0.404000	-5.1380	-5.0610
01/07/19	11:17:07.474	507	1	1.845000	0.404000	-5.1330	-5.0700
01/07/19	11:17:07.628	508	1	1.862000	0.400000	-5.1610	-5.1040
01/07/19	11:17:07.841	509	1	1.862000	0.406000	-5.1980	-5.1230
01/07/19	11:17:08.051	510	1	1.867000	0.405000	-5.2290	-5.1630
01/07/19	11:17:08.260	511	1	1.866000	0.405000	-5.2460	-5.1910
01/07/19	11:17:08.427	512	1	1.878000	0.405000	-5.2770	-5.2000
01/07/19	11:17:08.640	513	1	1.878000	0.408000	-5.3080	-5.2340
01/07/19	11:17:08.848	514	1	1.879000	0.408000	-5.3080	-5.2740
01/07/19	11:17:09.060	515	1	1.894000	0.408000	-5.3600	-5.2910
01/07/19	11:17:09.268	516	1	1.888000	0.412000	-5.3790	-5.3050
01/07/19	11:17:09.436	517	1	1.888000	0.412000	-5.4300	-5.3330
01/07/19	11:17:09.649	518	1	1.895000	0.411000	-5.4450	-5.3760
01/07/19	11:17:09.859	519	1	1.899000	0.411000	-5.4900	-5.3930
01/07/19	11:17:10.074	520	1	1.893000	0.412000	-5.4810	-5.4150
01/07/19	11:17:10.229	521	1	1.893000	0.416000	-5.5270	-5.4620
01/07/19	11:17:10.435	522	1	1.907000	0.414000	-5.5660	-5.4880
01/07/19	11:17:10.658	523	1	1.904000	0.414000	-5.5580	-5.4990
01/07/19	11:17:10.858	524	1	1.925000	0.413000	-5.5970	-5.5220
01/07/19	11:17:11.062	525	1	1.925000	0.418000	-5.6060	-5.5470
01/07/19	11:17:11.228	526	1	1.924000	0.421000	-5.6600	-5.5610
01/07/19	11:17:11.441	527	1	1.927000	0.421000	-5.6910	-5.6120
01/07/19	11:17:11.653	528	1	1.931000	0.418000	-5.6990	-5.6290
01/07/19	11:17:11.863	529	1	1.931000	0.422000	-5.7360	-5.6690
01/07/19	11:17:12.035	530	1	1.941000	0.420000	-5.7480	-5.6770
01/07/19	11:17:12.243	531	1	1.949000	0.420000	-5.8110	-5.7270
01/07/19	11:17:12.455	532	1	1.939000	0.424000	-5.8400	-5.7500
01/07/19	11:17:12.663	533	1	1.939000	0.421000	-5.8570	-5.7550
01/07/19	11:17:12.829	534	1	1.943000	0.423000	-5.8930	-5.7950
01/07/19	11:17:13.036	535	1	1.950000	0.423000	-5.8990	-5.8400
01/07/19	11:17:13.242	536	1	1.960000	0.424000	-5.9100	-5.8350
01/07/19	11:17:13.449	537	1	1.960000	0.428000	-5.9330	-5.8660
01/07/19	11:17:13.656	538	1	1.971000	0.430000	-5.9700	-5.8970
01/07/19	11:17:13.870	539	1	1.977000	0.430000	-5.9980	-5.9200
01/07/19	11:17:14.030	540	1	1.979000	0.429000	-6.0100	-5.9340
01/07/19	11:17:14.240	541	1	1.979000	0.433000	-6.0520	-5.9900
01/07/19	11:17:14.446	542	1	1.991000	0.432000	-6.0410	-5.9990
01/07/19	11:17:14.660	543	1	2.007000	0.432000	-6.0980	-6.0130
01/07/19	11:17:14.873	544	1	2.002000	0.437000	-6.1170	-6.0330
01/07/19	11:17:15.034	545	1	2.002000	0.435000	-6.1290	-6.0760
01/07/19	11:17:15.239	546	1	2.009000	0.438000	-6.1680	-6.0810
01/07/19	11:17:15.450	547	1	2.012000	0.438000	-6.2000	-6.1150
01/07/19	11:17:15.651	548	1	2.018000	0.438000	-6.2280	-6.1580
01/07/19	11:17:15.857	549	1	2.018000	0.438000	-6.2590	-6.1920
01/07/19	11:17:16.067	550	1	2.018000	0.439000	-6.2700	-6.2120
01/07/19	11:17:16.229	551	1	2.029000	0.439000	-6.3100	-6.2290
01/07/19	11:17:16.436	552	1	2.032000	0.441000	-6.3460	-6.2410
01/07/19	11:17:16.651	553	1	2.032000	0.441000	-6.3340	-6.2890
01/07/19	11:17:16.860	554	1	2.029000	0.447000	-6.3800	-6.3010
01/07/19	11:17:17.070	555	1	2.046000	0.447000	-6.3770	-6.3320
01/07/19	11:17:17.235	556	1	2.063000	0.445000	-6.4310	-6.3630
01/07/19	11:17:17.449	557	1	2.063000	0.446000	-6.4820	-6.3890
01/07/19	11:17:17.655	558	1	2.054000	0.444000	-6.4700	-6.3890
01/07/19	11:17:17.868	559	1	2.069000	0.444000	-6.5300	-6.4370
01/07/19	11:17:18.029	560	1	2.057000	0.450000	-6.5210	-6.4570
01/07/19	11:17:18.238	561	1	2.057000	0.452000	-6.5720	-6.4940
01/07/19	11:17:18.447	562	1	2.077000	0.451000	-6.5720	-6.4960
01/07/19	11:17:18.662	563	1	2.087000	0.451000	-6.6120	-6.5390
01/07/19	11:17:18.867	564	1	2.086000	0.454000	-6.6260	-6.5530
01/07/19	11:17:19.032	565	1	2.086000	0.455000	-6.6600	-6.5620
01/07/19	11:17:19.241	566	1	2.093000	0.455000	-6.7110	-6.6040
01/07/19	11:17:19.456	567	1	2.088000	0.455000	-6.7050	-6.6410
01/07/19	11:17:19.671	568	1	2.106000	0.453000	-6.7280	-6.6690
01/07/19	11:17:19.837	569	1	2.106000	0.459000	-6.7510	-6.6890
01/07/19	11:17:20.049	570	1	2.113000	0.461000	-6.8070	-6.7230
01/07/19	11:17:20.264	571	1	2.110000	0.461000	-6.7960	-6.7570
01/07/19	11:17:20.472	572	1	2.126000	0.458000	-6.8680	-6.7750
01/07/19	11:17:20.630	573	1	2.126000	0.459000	-6.8570	-6.8010
01/07/19	11:17:20.840	574	1	2.120000	0.464000	-6.8800	-6.8120
01/07/19	11:17:21.055	575	1	2.136000	0.464000	-6.9250	-6.8630
01/07/19	11:17:21.265	576	1	2.134000	0.465000	-6.9420	-6.8720
01/07/19	11:17:21.429	577	1	2.134000	0.466000	-6.9670	-6.8920
01/07/19	11:17:21.643	578	1	2.143000	0.467000	-7.0070	-6.9310
01/07/19	11:17:21.850	579	1	2.143000	0.467000	-7.0100	-6.9620
01/07/19	11:17:22.064	580	1	2.158000	0.466000	-7.0550	-6.9850
01/07/19	11:17:22.235	581	1	2.158000	0.469000	-7.0640	-7.0160
01/07/19	11:17:22.445	582	1	2.160000	0.472000	-7.1150	-7.0420
01/07/19	11:17:22.653	583	1	2.158000	0.472000	-7.1490	-7.0700
01/07/19	11:17:22.865	584	1	2.159000	0.469000	-7.1490	-7.0700
01/07/19	11:17:23.030	585	1	2.159000	0.474000	-7.1770	-7.0930
01/07/19	11:17:23.237	586	1	2.175000	0.474000	-7.2170	-7.1440
01/07/19	11:17:23.462	587	1	2.175000	0.474000	-7.2400	-7.1440
01/07/19	11:17:23.667	588	1	2.183000	0.473000	-7.2620	-7.1640
01/07/19	11:17:23.831	589	1	2.183000	0.476000	-7.2650	-7.2090
01/07/19	11:17:24.045	590	1	2.192000	0.480000	-7.2960	-7.2290
01/07/19	11:17:24.260	591	1	2.202000	0.480000	-7.3100	-7.2570
01/07/19	11:17:24.466	592	1	2.213000	0.480000	-7.3800	-7.2850
01/07/19	11:17:24.629	593	1	2.213000	0.478000	-7.3680	-7.3080
01/07/19	11:17:24.841	594	1	2.206000	0.484000	-7.4050	-7.3420
01/07/19	11:17:25.049	595	1	2.217000	0.484000	-7.4420	-7.3530
01/07/19	11:17:25.255	596	1	2.220000	0.483000	-7.4510	-7.4070
01/07/19	11:17:25.467	597	1	2.220000	0.486000	-7.4990	-7.4100
01/07/19	11:17:25.640	598	1	2.229000	0.484000	-7.5040	-7.4240
01/07/19	11:17:25.845	599	1	2.237000	0.484000	-7.5210	-7.4700
01/07/19	11:17:26.057	600	1	2.245000	0.488000	-7.5610	-7.5060
01/07/19	11:17:26.270	601	1	2.245000	0.489000	-7.6090	-7.4950
01/07/19	11:17:26.429	602	1	2.245000	0.487000	-7.6090	-7.5570
01/07/19	11:17:26.643	603	1	2.252000	0.487000	-7.6430	-7.5830
01/07/19	11:17:26.853	604	1	2.254000	0.491000	-7.6690	-7.5970
01/07/19	11:17:27.055	605	1	2.254000	0.492000	-7.6720	-7.6370
01/07/19	11:17:27.265	606	1	2.258000	0.495000	-7.7310	-7.6600
01/07/19	11:17:27.431	607	1	2.263000	0.495000	-7.7480	-7.6850
01/07/19	11:17:27.639	608	1	2.271000	0.494000	-7.7590	-7.7160
01/07/19	11:17:27.852	609	1	2.271000	0.498000	-7.8080	-7.7330
01/07/19	11:17:28.060	610	1	2.283000	0.496000	-7.8330	-7.7730
01/07/19	11:17:28.269	611	1	2.280000	0.496000	-7.8670	-7.7810
01/07/19	11:17:28.434	612	1	2.282000	0.497000	-7.8690	-7.7890
01/07/19	11:17:28.638	613	1	2.282000	0.501000	-7.8910	-7.8030
01/07/19	11:17:28.850	614	1	2.296000	0.502000	-7.9450	-7.8590
01/07/19	11:17:29.059	615	1	2.292000	0.502000	-7.9510	-7.8620
01/07/19	11:17:29.269	616	1	2.306000	0.499000	-7.9990	-7.8880
01/07/19	11:17:29.429	617	1	2.306000	0.501000	-7.9790	-7.9250
01/07/19	11:17:29.643	618	1	2.309000	0.508000	-7.9990	-7.9360
01/07/19	11:17:29.856	619	1	2.328000	0.508000	-8.0360	-7.9950
01/07/19	11:17:30.063	620	1	2.329000	0.508000	-8.0900	-8.0210
01/07/19	11:17:30.237	621	1	2.329000	0.506000	-8.0980	-8.0270
01/07/19	11:17:30.445	622	1	2.327000	0.510000	-8.1100	-8.0390
01/07/19	11:17:30.659	623	1	2.343000	0.510000	-8.1720	-8.0710
01/07/19	11:17:30.870	624	1	2.336000	0.512000	-8.1550	-8.1040
01/07/19	11:17:31.031	625	1	2.336000	0.515000	-8.1950	-8.1330
01/07/19	11:17:31.244	626	1	2.353000	0.515000	-8.2260	-8.1500
01/07/19	11:17:31.450	627	1	2.354000	0.513000	-8.2540	-8.1980
01/07/19	11:17:31.662	628	1	2.360000	0.514000	-8.2910	-8.2090
01/07/19	11:17:31.829	629	1	2.360000	0.514000	-8.2940	-8.2150
01/07/19	11:17:32.042	630	1	2.373000	0.514000	-8.2940	-8.2660
01/07/19	11:17:32.248	631	1	2.389000	0.519000	-8.3590	-8.2770
01/07/19	11:17:32.461	632	1	2.377000	0.519000	-8.3630	-8.3100
01/07/19	11:17:32.636	633	1	2.377000	0.521000	-8.4000	-8.3160
01/07/19	11:17:32.845	634	1	2.388000	0.521000	-8.4170	-8.3550
01/07/19	11:17:33.057	635	1	2.395000	0.521000	-8.4310	-8.3840
01/07/19	11:17:33.266	636	1	2.408000	0.526000	-8.4850	-8.4090
01/07/19	11:17:33.429	637	1	2.408000	0.523000	-8.4910	-8.4380
01/07/19	11:17:33.635	638	1	2.408000	0.523000	-8.5080	-8.4660
01/07/19	11:17:33.842	639	1	2.416000	0.526000	-8.5620	-8.4890
01/07/19	11:17:34.050	640	1	2.416000	0.526000	-8.5700	-8.5340
01/07/19	11:17:34.256	641	1	2.412000	0.529000	-8.6100	-8.5480
01/07/19	11:17:34.465	642	1	2.421000	0.528000	-8.6240	-8.5590
01/07/19	11:17:34.632	643	1	2.430000	0.528000	-8.6380	-8.5590
01/07/19	11:17:34.842	644	1	2.430000	0.533000	-8.6490	-8.6080
01/07/19	11:17:35.049	645	1	2.437000	0.536000	-8.7150	-8.6300
01/07/19	11:17:35.262	646	1	2.438000	0.532000	-8.7000	-8.6610
01/07/19	11:17:35.434	647	1	2.458000	0.532000	-8.7540	-8.6950
01/07/19	11:17:35.648	648	1	2.458000	0.535000	-8.7460	-8.7210
01/07/19	11:17:35.861	649	1	2.450000	0.540000	-8.8250	-8.7410
01/07/19	11:17:36.072	650	1	2.458000	0.535000	-8.8310	-8.7660
01/07/19	11:17:36.231	651	1	2.462000	0.535000	-8.8530	-8.7970
01/07/19	11:17:36.441	652	1	2.462000	0.540000	-8.8760	-8.8160
01/07/19	11:17:36.650	653	1	2.470000	0.541000	-8.9100	-8.8360
01/07/19	11:17:36.859	654	1	2.475000	0.541000	-8.9160	-8.8780
01/07/19	11:17:37.074	655	1	2.486000	0.541000	-8.7400	-8.3650
01/07/19	11:17:37.230	656	1	2.486000	0.548000	-7.1590	-6.4530
01/07/19	11:17:37.445	657	1	2.575000	0.772000	-5.9970	-5.2090
01/07/19	11:17:37.655	658	1	3.713000	0.921000	-5.5810	-4.7690
01/07/19	11:17:37.862	659	1	3.939000	0.921000	-5.4760	-4.6620
01/07/19	11:17:38.036	660	1	3.939000	0.993000	-5.4930	-4.6700
01/07/19	11:17:38.248	661	1	4.034000	0.997000	-5.5580	-4.7550
01/07/19	11:17:38.460	662	1	4.054000	0.993000	-5.7280	-4.8940
01/07/19	11:17:38.666	663	1	4.018000	0.993000	-5.8870	-5.0160
01/07/19	11:17:38.827	664	1	4.018000	0.974000	-5.9940	-5.1150
01/07/19	11:17:39.034	665	1	3.985000	0.951000	-6.1300	-5.2480
01/07/19	11:17:39.242	666	1	3.923000	0.951000	-6.2660	-5.3790
01/07/19	11:17:39.449	667	1	3.889000	0.938000	-6.4110	-5.4890
01/07/19	11:17:39.656	668	1	3.889000	0.912000	-6.5360	-5.6140
01/07/19	11:17:39.870	669	1	3.849000	0.900000	-6.6490	-5.6930
01/07/19	11:17:40.033	670	1	3.816000	0.900000	-6.7510	-5.7870
01/07/19	11:17:40.239	671	1	3.762000	0.890000	-6.8300	-5.9110
01/07/19	11:17:40.455	672	1	3.745000	0.876000	-6.9550	-5.9760
01/07/19	11:17:40.657	673	1	3.745000	0.864000	-7.0770	-6.0740
01/07/19	11:17:40.870	674	1	3.687000	0.853000	-7.1790	-6.1620
01/07/19	11:17:41.035	675	1	3.647000	0.853000	-7.2070	-6.2240
01/07/19	11:17:41.249	676	1	3.647000	0.845000	-7.3010	-6.3120
01/07/19	11:17:41.457	677	1	3.653000	0.837000	-7.4000	-6.3770
01/07/19	11:17:41.666	678	1	3.614000	0.829000	-7.4930	-6.4400
01/07/19	11:17:41.827	679	1	3.584000	0.829000	-7.5360	-6.5190
01/07/19	11:17:42.039	680	1	3.584000	0.820000	-7.6150	-6.5870
01/07/19	11:17:42.262	681	1	3.578000	0.816000	-7.6830	-6.6380
01/07/19	11:17:42.466	682	1	3.553000	0.811000	-7.7400	-6.7170
01/07/19	11:17:42.631	683	1	3.539000	0.811000	-7.8280	-6.7740
01/07/19	11:17:42.848	684	1	3.539000	0.801000	-7.8500	-6.8280
01/07/19	11:17:43.056	685	1	3.518000	0.802000	-7.9410	-6.8710
01/07/19	11:17:43.268	686	1	3.509000	0.795000	-7.9980	-6.9580
01/07/19	11:17:43.432	687	1	3.490000	0.795000	-8.0740	-6.9920
01/07/19	11:17:43.640	688	1	3.490000	0.787000	-8.1080	-7.0490
01/07/19	11:17:43.850	689	1	3.475000	0.787000	-8.1650	-7.1060
01/07/19	11:17:44.058	690	1	3.467000	0.784000	-8.2100	-7.1510
01/07/19	11:17:44.268	691	1	3.466000	0.784000	-8.2730	-7.2500
01/07/19	11:17:44.435	692	1	3.466000	0.783000	-8.3410	-7.2360
01/07/19	11:17:44.649	693	1	3.453000	0.774000	-8.3600	-7.3040
01/07/19	11:17:44.857	694	1	3.444000	0.776000	-8.4430	-7.3720
01/07/19	11:17:45.066	695	1	3.426000	0.776000	-8.4770	-7.4150
01/07/19	11:17:45.232	696	1	3.426000	0.770000	-8.5500	-7.4600
01/07/19	11:17:45.438	697	1	3.428000	0.765000	-8.5960	-7.5170
01/07/19	11:17:45.644	698	1	3.406000	0.765000	-8.6410	-7.5820
01/07/19	11:17:45.853	699	1	3.403000	0.763000	-8.6860	-7.6330
01/07/19	11:17:46.060	700	1	3.395000	0.760000	-8.7400	-7.6700
01/07/19	11:17:46.232	701	1	3.395000	0.758000	-8.8000	-7.7060
01/07/19	11:17:46.441	702	1	3.378000	0.758000	-8.8560	-7.7740
01/07/19	11:17:46.652	703	1	3.369000	0.755000	-8.8990	-7.8310
01/07/19	11:17:46.860	704	1	3.364000	0.750000	-8.9500	-7.8740
01/07/19	11:17:47.068	705	1	3.364000	0.748000	-8.9950	-7.9300
01/07/19	11:17:47.235	706	1	3.358000	0.748000	-9.0070	-7.9640
01/07/19	11:17:47.448	707	1	3.362000	0.747000	-9.0750	-8.0440
01/07/19	11:17:47.656	708	1	3.350000	0.745000	-9.1310	-8.0890
01/07/19	11:17:47.868	709	1	3.350000	0.743000	-9.1990	-8.1570
01/07/19	11:17:48.076	710	1	3.341000	0.738000	-9.2500	-8.2020
01/07/19	11:17:48.230	711	1	3.319000	0.738000	-9.2790	-8.2650
01/07/19	11:17:48.442	712	1	3.319000	0.737000	-9.3240	-8.3020
01/07/19	11:17:48.656	713	1	3.323000	0.735000	-9.4030	-8.3800
01/07/19	11:17:48.864	714	1	3.306000	0.729000	-9.4260	-8.4110
01/07/19	11:17:49.031	715	1	3.302000	0.729000	-9.4920	-8.4560
01/07/19	11:17:49.244	716	1	3.302000	0.727000	-9.5350	-8.5300
01/07/19	11:17:49.459	717	1	3.288000	0.724000	-9.5750	-8.6090
01/07/19	11:17:49.667	718	1	3.282000	0.725000	-9.6470	-8.6690
01/07/19	11:17:49.834	719	1	3.267000	0.725000	-9.6930	-8.7080
01/07/19	11:17:50.043	720	1	3.267000	0.718000	-9.7310	-8.7930
01/07/19	11:17:50.258	721	1	3.260000	0.718000	-9.8230	-8.8750
01/07/19	11:17:50.466	722	1	3.243000	0.710000	-9.8430	-8.9290
01/07/19	11:17:50.629	723	1	3.239000	0.710000	-9.9160	-8.9790
01/07/19	11:17:50.835	724	1	3.239000	0.707000	-9.9540	-9.0580
01/07/19	11:17:51.042	725	1	3.223000	0.706000	-10.0170	-9.1400
01/07/19	11:17:51.249	726	1	3.206000	0.706000	-10.0890	-9.1910
01/07/19	11:17:51.473	727	1	3.194000	0.702000	-10.1260	-9.2990
01/07/19	11:17:51.630	728	1	3.194000	0.698000	-10.1840	-9.3440
01/07/19	11:17:51.836	729	1	3.189000	0.695000	-10.2530	-9.4130
01/07/19	11:17:52.050	730	1	3.163000	0.689000	-10.3020	-9.5270
01/07/19	11:17:52.258	731	1	3.155000	0.689000	-10.3910	-9.5990
01/07/19	11:17:52.463	732	1	3.131000	0.681000	-10.4490	-9.7050
01/07/19	11:17:52.639	733	1	3.131000	0.677000	-10.5380	-9.7750
01/07/19	11:17:52.850	734	1	3.098000	0.670000	-10.5930	-9.8720
01/07/19	11:17:53.057	735	1	3.089000	0.670000	-10.6900	-9.9760
01/07/19	11:17:53.275	736	1	3.057000	0.661000	-10.7510	-10.0910
01/07/19	11:17:53.430	737	1	3.057000	0.657000	-10.7970	-10.1540
01/07/19	11:17:53.638	738	1	3.040000	0.657000	-10.8920	-10.2780
01/07/19	11:17:53.865	739	1	3.016000	0.654000	-10.9840	-10.3850
01/07/19	11:17:54.066	740	1	2.988000	0.646000	-11.0560	-10.5110
01/07/19	11:17:54.231	741	1	2.988000	0.635000	-11.1510	-10.6210
01/07/19	11:17:54.446	742	1	2.943000	0.635000	-11.2540	-10.7360
01/07/19	11:17:54.655	743	1	2.915000	0.627000	-11.3700	-10.8930
01/07/19	11:17:54.870	744	1	2.877000	0.610000	-11.4440	-11.0160
01/07/19	11:17:55.036	745	1	2.877000	0.603000	-11.5600	-11.1660
01/07/19	11:17:55.244	746	1	2.825000	0.603000	-11.6920	-11.3500
01/07/19	11:17:55.453	747	1	2.779000	0.594000	-11.8010	-11.5230
01/07/19	11:17:55.663	748	1	2.745000	0.573000	-11.9570	-11.7070
01/07/19	11:17:55.829	749	1	2.745000	0.556000	-12.0340	-11.8080
01/07/19	11:17:56.037	750	1	2.670000	0.556000	-12.1290	-11.9170
01/07/19	11:17:56.246	751	1	2.642000	0.550000	-12.1930	-12.0030
01/07/19	11:17:56.457	752	1	2.622000	0.539000	-12.2760	-12.0870
01/07/19	11:17:56.667	753	1	2.622000	0.532000	-12.2930	-12.1600
01/07/19	11:17:56.833	754	1	2.596000	0.532000	-12.3510	-12.2000
01/07/19	11:17:57.039	755	1	2.588000	0.535000	-12.3710	-12.2260
01/07/19	11:17:57.252	756	1	2.590000	0.533000	-12.3540	-12.2720
01/07/19	11:17:57.460	757	1	2.590000	0.539000	-12.3970	-12.2720
01/07/19	11:17:57.669	758	1	2.603000	0.538000	-12.3590	-12.2950
01/07/19	11:17:57.836	759	1	2.627000	0.538000	-12.3820	-12.2870
01/07/19	11:17:58.049	760	1	2.627000	0.549000	-12.3680	-12.3070
01/07/19	11:17:58.262	761	1	2.631000	0.555000	-12.3340	-12.3040
01/07/19	11:17:58.468	762	1	2.651000	0.563000	-12.3310	-12.3010
01/07/19	11:17:58.630	763	1	2.691000	0.563000	-12.3480	-12.3010
01/07/19	11:17:58.838	764	1	2.691000	0.570000	-12.3640	-12.2910
01/07/19	11:17:59.046	765	1	2.697000	0.572000	-12.3090	-12.2620
01/07/19	11:17:59.256	766	1	2.736000	0.583000	-12.3180	-12.2880
01/07/19	11:17:59.463	767	1	2.747000	0.583000	-12.3060	-12.2850
01/07/19	11:17:59.631	768	1	2.747000	0.586000	-12.3060	-12.2540
01/07/19	11:17:59.837	769	1	2.768000	0.595000	-12.3060	-12.2450
01/07/19	11:18:00.053	770	1	2.793000	0.600000	-12.2630	-12.2560
01/07/19	11:18:00.267	771	1	2.827000	0.600000	-12.2660	-12.2390
01/07/19	11:18:00.435	772	1	2.827000	0.610000	-12.2890	-12.2310
01/07/19	11:18:00.650	773	1	2.841000	0.614000	-12.3090	-12.2420
01/07/19	11:18:00.857	774	1	2.851000	0.616000	-12.2600	-12.2560
01/07/19	11:18:01.072	775	1	2.884000	0.616000	-12.2690	-12.2390
01/07/19	11:18:01.227	776	1	2.884000	0.626000	-12.2770	-12.2390
01/07/19	11:18:01.442	777	1	2.896000	0.633000	-12.2920	-12.2590
01/07/19	11:18:01.647	778	1	2.917000	0.635000	-12.2720	-12.2620
01/07/19	11:18:01.855	779	1	2.941000	0.635000	-12.3000	-12.2710
01/07/19	11:18:02.079	780	1	2.941000	0.642000	-12.3060	-12.2650
01/07/19	11:18:02.228	781	1	2.941000	0.645000	-12.3260	-12.2790
01/07/19	11:18:02.442	782	1	2.960000	0.645000	-12.3460	-12.3020
01/07/19	11:18:02.650	783	1	2.968000	0.647000	-12.3490	-12.3050
01/07/19	11:18:02.863	784	1	2.983000	0.653000	-12.3750	-12.3280
01/07/19	11:18:03.037	785	1	2.983000	0.654000	-12.3670	-12.3260
01/07/19	11:18:03.249	786	1	3.003000	0.658000	-12.4160	-12.3400
01/07/19	11:18:03.459	787	1	3.000000	0.658000	-12.4160	-12.3510
01/07/19	11:18:03.672	788	1	3.014000	0.660000	-12.4180	-12.3860
01/07/19	11:18:03.832	789	1	3.014000	0.665000	-12.4620	-12.3860
01/07/19	11:18:04.033	790	1	3.025000	0.665000	-12.4700	-12.4060
01/07/19	11:18:04.243	791	1	3.036000	0.664000	-12.4700	-12.4410
01/07/19	11:18:04.450	792	1	3.049000	0.670000	-12.4930	-12.4460
01/07/19	11:18:04.662	793	1	3.049000	0.672000	-12.5420	-12.4580
01/07/19	11:18:04.866	794	1	3.059000	0.670000	-12.5620	-12.5130
01/07/19	11:18:05.031	795	1	3.057000	0.670000	-12.5740	-12.5040
01/07/19	11:18:05.242	796	1	3.057000	0.674000	-12.6030	-12.5210
01/07/19	11:18:05.449	797	1	3.068000	0.675000	-12.5880	-12.5500
01/07/19	11:18:05.662	798	1	3.091000	0.681000	-12.6460	-12.5640
01/07/19	11:18:05.835	799	1	3.084000	0.681000	-12.6460	-12.5930
01/07/19	11:18:06.048	800	1	3.084000	0.682000	-12.6830	-12.6220
01/07/19	11:18:06.253	801	1	3.099000	0.681000	-12.7030	-12.6510
01/07/19	11:18:06.472	802	1	3.101000	0.683000	-12.7180	-12.6680
01/07/19	11:18:06.631	803	1	3.111000	0.683000	-12.7580	-12.6820
01/07/19	11:18:06.838	804	1	3.111000	0.685000	-12.7680	-12.7100
01/07/19	11:18:07.051	805	1	3.113000	0.688000	-12.7940	-12.7150
01/07/19	11:18:07.261	806	1	3.125000	0.690000	-12.8000	-12.7380
01/07/19	11:18:07.469	807	1	3.138000	0.690000	-12.8340	-12.7590
01/07/19	11:18:07.635	808	1	3.138000	0.692000	-12.8400	-12.7870
01/07/19	11:18:07.843	809	1	3.140000	0.695000	-12.8830	-12.8190
01/07/19	11:18:08.053	810	1	3.148000	0.694000	-12.9000	-12.8330
01/07/19	11:18:08.262	811	1	3.156000	0.694000	-12.9440	-12.8740
01/07/19	11:18:08.429	812	1	3.156000	0.696000	-12.9490	-12.8910
01/07/19	11:18:08.635	813	1	3.154000	0.698000	-12.9700	-12.9340
01/07/19	11:18:08.842	814	1	3.170000	0.698000	-12.9870	-12.9180
01/07/19	11:18:09.056	815	1	3.177000	0.700000	-13.0010	-12.9410
01/07/19	11:18:09.262	816	1	3.186000	0.704000	-13.0530	-12.9930
01/07/19	11:18:09.437	817	1	3.186000	0.702000	-13.0330	-13.0080
01/07/19	11:18:09.645	818	1	3.203000	0.702000	-13.1020	-13.0250
01/07/19	11:18:09.856	819	1	3.190000	0.709000	-13.1160	-13.0390
01/07/19	11:18:10.062	820	1	3.200000	0.707000	-13.1480	-13.0820
01/07/19	11:18:10.235	821	1	3.200000	0.707000	-13.1450	-13.0940
01/07/19	11:18:10.448	822	1	3.217000	0.712000	-13.1830	-13.1140
01/07/19	11:18:10.659	823	1	3.217000	0.712000	-13.2060	-13.1660
01/07/19	11:18:10.867	824	1	3.220000	0.712000	-13.2300	-13.1670
01/07/19	11:18:11.028	825	1	3.220000	0.713000	-13.2470	-13.1850
01/07/19	11:18:11.236	826	1	3.235000	0.713000	-13.2500	-13.2100
01/07/19	11:18:11.444	827	1	3.245000	0.716000	-13.3190	-13.2340
01/07/19	11:18:11.652	828	1	3.235000	0.715000	-13.3280	-13.2420
01/07/19	11:18:11.859	829	1	3.235000	0.718000	-13.3480	-13.2850
01/07/19	11:18:12.032	830	1	3.249000	0.718000	-13.3800	-13.3280
01/07/19	11:18:12.242	831	1	3.253000	0.720000	-13.3740	-13.3460
01/07/19	11:18:12.451	832	1	3.272000	0.724000	-13.4290	-13.3770
01/07/19	11:18:12.663	833	1	3.272000	0.722000	-13.4460	-13.4000
01/07/19	11:18:12.836	834	1	3.264000	0.722000	-13.4800	-13.4120
01/07/19	11:18:13.049	835	1	3.271000	0.724000	-13.5030	-13.4230
01/07/19	11:18:13.256	836	1	3.274000	0.724000	-13.5010	-13.4690
01/07/19	11:18:13.467	837	1	3.274000	0.730000	-13.5210	-13.4900
01/07/19	11:18:13.633	838	1	3.293000	0.730000	-13.5580	-13.5070
01/07/19	11:18:13.837	839	1	3.297000	0.730000	-13.5950	-13.5300
01/07/19	11:18:14.044	840	1	3.297000	0.731000	-13.6440	-13.5360
01/07/19	11:18:14.265	841	1	3.299000	0.728000	-13.6440	-13.5760
01/07/19	11:18:14.477	842	1	3.295000	0.733000	-13.6850	-13.5960
01/07/19	11:18:14.629	843	1	3.305000	0.733000	-13.6820	-13.6280
01/07/19	11:18:14.839	844	1	3.305000	0.735000	-13.7000	-13.6460
01/07/19	11:18:15.054	845	1	3.319000	0.738000	-13.7470	-13.6780
01/07/19	11:18:15.260	846	1	3.325000	0.737000	-13.7750	-13.7070
01/07/19	11:18:15.434	847	1	3.325000	0.737000	-13.7720	-13.7380
01/07/19	11:18:15.650	848	1	3.344000	0.741000	-13.8210	-13.7620
01/07/19	11:18:15.862	849	1	3.344000	0.740000	-13.8240	-13.7850
01/07/19	11:18:16.074	850	1	3.339000	0.743000	-13.9020	-13.7990
01/07/19	11:18:16.231	851	1	3.334000	0.743000	-13.8620	-13.8220
01/07/19	11:18:16.443	852	1	3.334000	0.747000	-13.9020	-13.8590
01/07/19	11:18:16.652	853	1	3.363000	0.746000	-13.9250	-13.8790
01/07/19	11:18:16.861	854	1	3.368000	0.748000	-13.9480	-13.9000
01/07/19	11:18:17.029	855	1	3.374000	0.748000	-13.9800	-13.9340
01/07/19	11:18:17.239	856	1	3.374000	0.749000	-14.0110	-13.9630
01/07/19	11:18:17.446	857	1	3.375000	0.750000	-14.0540	-13.9740
01/07/19	11:18:17.663	858	1	3.374000	0.747000	-14.0520	-14.0180
01/07/19	11:18:17.835	859	1	3.390000	0.747000	-14.0770	-14.0180
01/07/19	11:18:18.047	860	1	3.390000	0.753000	-14.0950	-14.0490
01/07/19	11:18:18.253	861	1	3.395000	0.756000	-14.1180	-14.0720
01/07/19	11:18:18.464	862	1	3.404000	0.757000	-14.1900	-14.1010
01/07/19	11:18:18.630	863	1	3.391000	0.757000	-14.1840	-14.1240
01/07/19	11:18:18.843	864	1	3.391000	0.756000	-14.1870	-14.1590
01/07/19	11:18:19.048	865	1	3.408000	0.760000	-14.2180	-14.1610
01/07/19	11:18:19.259	866	1	3.424000	0.760000	-14.2500	-14.1930
01/07/19	11:18:19.431	867	1	3.427000	0.760000	-14.2730	-14.2050
01/07/19	11:18:19.639	868	1	3.427000	0.762000	-14.2880	-14.2420
01/07/19	11:18:19.847	869	1	3.433000	0.765000	-14.3110	-14.2620
01/07/19	11:18:20.060	870	1	3.444000	0.765000	-14.3390	-14.2790
01/07/19	11:18:20.229	871	1	3.449000	0.765000	-14.3650	-14.3200
01/07/19	11:18:20.442	872	1	3.449000	0.767000	-14.3880	-14.3460
01/07/19	11:18:20.649	873	1	3.453000	0.768000	-14.4260	-14.3570
01/07/19	11:18:20.858	874	1	3.457000	0.768000	-14.4140	-14.3950
01/07/19	11:18:21.070	875	1	3.478000	0.768000	-14.4770	-14.4260
01/07/19	11:18:21.236	876	1	3.478000	0.774000	-14.4720	-14.4260
01/07/19	11:18:21.449	877	1	3.468000	0.775000	-14.5290	-14.4750
01/07/19	11:18:21.661	878	1	3.480000	0.772000	-14.5380	-14.4920
01/07/19	11:18:21.873	879	1	3.488000	0.772000	-14.5840	-14.5210
01/07/19	11:18:22.031	880	1	3.488000	0.775000	-14.6070	-14.5330
01/07/19	11:18:22.243	881	1	3.482000	0.774000	-14.6040	-14.5610
01/07/19	11:18:22.458	882	1	3.500000	0.779000	-14.6470	-14.5990
01/07/19	11:18:22.632	883	1	3.499000	0.779000	-14.6820	-14.6080
01/07/19	11:18:22.845	884	1	3.499000	0.778000	-14.6760	-14.6330
01/07/19	11:18:23.052	885	1	3.502000	0.783000	-14.7250	-14.6420
01/07/19	11:18:23.258	886	1	3.514000	0.781000	-14.7160	-14.6740
01/07/19	11:18:23.473	887	1	3.530000	0.781000	-14.7800	-14.7080
01/07/19	11:18:23.637	888	1	3.530000	0.786000	-14.7710	-14.7170
01/07/19	11:18:23.843	889	1	3.519000	0.787000	-14.8200	-14.7400
01/07/19	11:18:24.052	890	1	3.530000	0.785000	-14.8630	-14.7740
01/07/19	11:18:24.261	891	1	3.528000	0.785000	-14.8490	-14.7890
01/07/19	11:18:24.471	892	1	3.548000	0.785000	-14.8890	-14.8150
01/07/19	11:18:24.631	893	1	3.548000	0.789000	-14.9030	-14.8350
01/07/19	11:18:24.842	894	1	3.556000	0.792000	-14.9150	-14.8440
01/07/19	11:18:25.053	895	1	3.566000	0.792000	-14.9650	-14.8910
01/07/19	11:18:25.259	896	1	3.558000	0.793000	-14.9590	-14.9200
01/07/19	11:18:25.465	897	1	3.558000	0.797000	-15.0170	-14.9540
01/07/19	11:18:25.635	898	1	3.576000	0.797000	-15.0170	-14.9510
01/07/19	11:18:25.846	899	1	3.581000	0.794000	-15.0370	-14.9770
01/07/19	11:18:26.058	900	1	3.589000	0.800000	-15.0750	-15.0120
01/07/19	11:18:26.269	901	1	3.589000	0.800000	-15.0860	-15.0380
01/07/19	11:18:26.429	902	1	3.591000	0.800000	-15.1090	-15.0550
01/07/19	11:18:26.642	903	1	3.605000	0.802000	-15.1260	-15.0670
01/07/19	11:18:26.851	904	1	3.614000	0.806000	-15.1950	-15.1240
01/07/19	11:18:27.061	905	1	3.614000	0.801000	-15.1610	-15.1410
01/07/19	11:18:27.265	906	1	3.600000	0.810000	-15.2360	-15.1530
01/07/19	11:18:27.431	907	1	3.613000	0.810000	-15.2440	-15.1760
01/07/19	11:18:27.640	908	1	3.613000	0.808000	-15.2410	-15.1960
01/07/19	11:18:27.849	909	1	3.623000	0.812000	-15.3130	-15.2330
01/07/19	11:18:28.061	910	1	3.629000	0.807000	-15.3280	-15.2710
01/07/19	11:18:28.235	911	1	3.632000	0.807000	-15.3390	-15.2590
01/07/19	11:18:28.443	912	1	3.632000	0.813000	-15.3450	-15.3000
01/07/19	11:18:28.656	913	1	3.643000	0.816000	-15.3850	-15.3280
01/07/19	11:18:28.871	914	1	3.653000	0.815000	-15.4260	-15.3720
01/07/19	11:18:29.033	915	1	3.650000	0.815000	-15.4300	-15.3590
01/07/19	11:18:29.239	916	1	3.650000	0.818000	-15.4410	-15.3960
01/07/19	11:18:29.445	917	1	3.665000	0.821000	-15.4900	-15.4250
01/07/19	11:18:29.658	918	1	3.669000	0.819000	-15.5190	-15.4420
01/07/19	11:18:29.863	919	1	3.670000	0.819000	-15.5250	-15.4880
01/07/19	11:18:30.033	920	1	3.670000	0.819000	-15.5590	-15.4820
01/07/19	11:18:30.244	921	1	3.686000	0.822000	-15.5620	-15.5570
01/07/19	11:18:30.452	922	1	3.698000	0.827000	-15.6200	-15.5370
01/07/19	11:18:30.660	923	1	3.689000	0.827000	-15.6200	-15.5600
01/07/19	11:18:30.873	924	1	3.705000	0.823000	-15.6770	-15.6090
01/07/19	11:18:31.041	925	1	3.705000	0.823000	-15.6690	-15.6330
01/07/19	11:18:31.252	926	1	3.712000	0.825000	-15.6890	-15.6560
01/07/19	11:18:31.460	927	1	3.720000	0.831000	-15.7440	-15.6650
01/07/19	11:18:31.670	928	1	3.720000	0.829000	-15.7490	-15.6940
01/07/19	11:18:31.832	929	1	3.713000	0.829000	-15.7870	-15.7250
01/07/19	11:18:32.039	930	1	3.723000	0.832000	-15.7750	-15.7460
01/07/19	11:18:32.251	931	1	3.743000	0.837000	-15.8560	-15.7740
01/07/19	11:18:32.467	932	1	3.743000	0.831000	-15.8500	-15.7860
01/07/19	11:18:32.628	933	1	3.726000	0.831000	-15.8760	-15.8060
01/07/19	11:18:32.843	934	1	3.743000	0.835000	-15.8820	-15.8260
01/07/19	11:18:33.054	935	1	3.757000	0.840000	-15.9420	-15.8650
01/07/19	11:18:33.267	936	1	3.757000	0.836000	-15.9660	-15.8820
01/07/19	11:18:33.436	937	1	3.746000	0.836000	-15.9810	-15.9250
01/07/19	11:18:33.650	938	1	3.760000	0.839000	-15.9950	-15.9570
01/07/19	11:18:33.857	939	1	3.768000	0.842000	-16.0210	-15.9690
01/07/19	11:18:34.070	940	1	3.768000	0.844000	-16.0500	-15.9800
01/07/19	11:18:34.229	941	1	3.772000	0.844000	-16.0990	-16.0120
01/07/19	11:18:34.442	942	1	3.771000	0.844000	-16.1160	-16.0520
01/07/19	11:18:34.644	943	1	3.778000	0.844000	-16.1160	-16.0380
01/07/19	11:18:34.860	944	1	3.778000	0.848000	-16.1390	-16.0750
01/07/19	11:18:35.069	945	1	3.793000	0.850000	-16.1480	-16.1140
01/07/19	11:18:35.231	946	1	3.809000	0.850000	-16.2170	-16.1510
01/07/19	11:18:35.439	947	1	3.809000	0.848000	-16.2250	-16.1680
01/07/19	11:18:35.657	948	1	3.795000	0.851000	-16.2680	-16.1860
01/07/19	11:18:35.865	949	1	3.805000	0.850000	-16.2920	-16.2090
01/07/19	11:18:36.036	950	1	3.807000	0.850000	-16.3090	-16.2370
01/07/19	11:18:36.249	951	1	3.813000	0.853000	-16.3320	-16.2490
01/07/19	11:18:36.454	952	1	3.813000	0.855000	-16.3490	-16.2610
01/07/19	11:18:36.666	953	1	1.082000	-0.021000	-16.3170	-16.2520
01/07/19	11:18:36.826	954	1	0.988000	-0.021000	-16.2200	-16.1430
01/07/19	11:18:37.038	955	1	0.988000	-0.022000	-15.9630	-15.9090
01/07/19	11:18:37.244	956	1	0.922000	-0.022000	-15.6630	-15.6520
01/07/19	11:18:37.450	957	1	0.871000	-0.022000	-15.3630	-15.3790
01/07/19	11:18:37.664	958	1	0.830000	-0.022000	-15.0150	-15.0710
01/07/19	11:18:37.835	959	1	0.830000	-0.022000	-14.7510	-14.8000
01/07/19	11:18:38.047	960	1	0.797000	-0.021000	-14.3850	-14.4720
01/07/19	11:18:38.262	961	1	0.767000	-0.022000	-14.0370	-14.1040
01/07/19	11:18:38.435	962	1	0.742000	-0.022000	-13.7400	-13.8160
01/07/19	11:18:38.646	963	1	0.728000	-0.021000	-13.4070	-13.4940
01/07/19	11:18:38.859	964	1	0.728000	-0.025000	-13.0100	-13.1400
01/07/19	11:18:39.074	965	1	0.707000	-0.025000	-12.6560	-12.7940
01/07/19	11:18:39.234	966	1	0.686000	-0.025000	-12.3920	-12.5170
01/07/19	11:18:39.448	967	1	0.667000	-0.025000	-12.0180	-12.1800
01/07/19	11:18:39.656	968	1	0.667000	-0.025000	-11.7020	-11.8580
01/07/19	11:18:39.868	969	1	0.649000	-0.025000	-11.3450	-11.5150
01/07/19	11:18:40.027	970	1	0.632000	-0.025000	-11.1120	-11.2680
01/07/19	11:18:40.236	971	1	0.632000	-0.025000	-10.7870	-10.9460
01/07/19	11:18:40.449	972	1	0.615000	-0.025000	-10.4530	-10.6060
01/07/19	11:18:40.660	973	1	0.600000	-0.025000	-10.1540	-10.3010
01/07/19	11:18:40.870	974	1	0.584000	-0.025000	-9.8110	-10.0100
01/07/19	11:18:41.036	975	1	0.584000	-0.025000	-9.6070	-9.7630
01/07/19	11:18:41.245	976	1	0.570000	-0.025000	-9.3130	-9.4690
01/07/19	11:18:41.456	977	1	0.555000	-0.025000	-9.0150	-9.1660
01/07/19	11:18:41.664	978	1	0.542000	-0.025000	-8.7370	-8.8770
01/07/19	11:18:41.829	979	1	0.542000	-0.025000	-8.5220	-8.6730
01/07/19	11:18:42.037	980	1	0.528000	-0.025000	-8.2440	-8.4010
01/07/19	11:18:42.244	981	1	0.515000	-0.025000	-7.9780	-8.1260
01/07/19	11:18:42.452	982	1	0.503000	-0.025000	-7.7540	-7.8590
01/07/19	11:18:42.676	983	1	0.490000	-0.025000	-7.4620	-7.6100
01/07/19	11:18:42.831	984	1	0.490000	-0.025000	-7.2720	-7.4060
01/07/19	11:18:43.042	985	1	0.479000	-0.025000	-7.0260	-7.1760
01/07/19	11:18:43.252	986	1	0.467000	-0.025000	-6.7890	-6.9170
01/07/19	11:18:43.457	987	1	0.456000	-0.025000	-6.5480	-6.6990
01/07/19	11:18:43.666	988	1	0.456000	-0.025000	-6.3040	-6.4610
01/07/19	11:18:43.836	989	1	0.445000	-0.025000	-6.1510	-6.2910
01/07/19	11:18:44.044	990	1	0.435000	-0.025000	-5.9470	-6.0610
01/07/19	11:18:44.255	991	1	0.425000	-0.025000	-5.7210	-5.8290
01/07/19	11:18:44.464	992	1	0.425000	-0.025000	-5.4880	-5.6480
01/07/19	11:18:44.633	993	1	0.414000	-0.025000	-5.3380	-5.4630
01/07/19	11:18:44.838	994	1	0.404000	-0.025000	-5.1400	-5.2620
01/07/19	11:18:45.044	995	1	0.395000	-0.025000	-4.9500	-5.0380
01/07/19	11:18:45.264	996	1	0.395000	-0.025000	-4.7270	-4.8560
01/07/19	11:18:45.461	997	1	0.385000	-0.025000	-4.5430	-4.6770
01/07/19	11:18:45.627	998	1	0.377000	-0.025000	-4.4210	-4.5010
01/07/19	11:18:45.841	999	1	0.377000	-0.025000	-4.2370	-4.3340
01/07/19	11:18:46.052	1000	1	0.368000	-0.025000	-4.0130	-4.1300
01/07/19	11:18:46.260	1001	1	0.359000	-0.025000	-3.8580	-3.9660
01/07/19	11:18:46.432	1002	1	0.351000	-0.025000	-3.7380	-3.8210
01/07/19	11:18:46.642	1003	1	0.342000	-0.025000	-3.5400	-3.6460
01/07/19	11:18:46.856	1004	1	0.342000	-0.025000	-3.3900	-3.4950
01/07/19	11:18:47.067	1005	1	0.335000	-0.025000	-3.1920	-3.3230
01/07/19	11:18:47.235	1006	1	0.327000	-0.025000	-3.1120	-3.1950
01/07/19	11:18:47.448	1007	1	0.319000	-0.025000	-2.9420	-3.0420
01/07/19	11:18:47.659	1008	1	0.319000	-0.025000	-2.7690	-2.8610
