01/07/19	11:08:24.486	C:\Icing\LabView_vi\Icing_2TC_FP_v2.0.vi
Dt (s):		0.200000

Date	Time	# meas	# cycle	V	I	Temp1	Temp2

01/07/19	11:08:57.054	1	0	0.000000	0.003000	6.1650	6.0180
01/07/19	11:08:57.250	2	0	0.000000	0.003000	6.0650	6.0070
01/07/19	11:08:57.461	3	0	0.000000	0.003000	6.0040	5.9900
01/07/19	11:08:57.677	4	0	0.000000	0.003000	6.0130	6.0090
01/07/19	11:08:57.892	5	0	0.000000	0.003000	5.9990	6.0150
01/07/19	11:08:58.054	6	0	0.000000	0.003000	5.9770	6.0150
01/07/19	11:08:58.266	7	0	0.000000	0.003000	5.9740	6.0070
01/07/19	11:08:58.467	8	0	0.000000	0.003000	5.9850	6.0150
01/07/19	11:08:58.673	9	0	0.000000	0.003000	6.0040	6.0150
01/07/19	11:08:58.879	10	0	0.000000	0.003000	5.9850	6.0150
01/07/19	11:08:59.047	11	0	0.000000	0.003000	6.0180	6.0090
01/07/19	11:08:59.261	12	0	0.000000	0.003000	6.0240	6.0310
01/07/19	11:08:59.468	13	0	0.000000	0.003000	6.0100	6.0340
01/07/19	11:08:59.681	14	0	0.000000	0.003000	6.0270	6.0480
01/07/19	11:08:59.887	15	0	0.000000	0.003000	6.0290	6.0230
01/07/19	11:09:00.057	16	0	0.000000	0.003000	6.0210	6.0260
01/07/19	11:09:00.269	17	0	0.000000	0.003000	5.9850	6.0070
01/07/19	11:09:00.481	18	0	0.000000	0.003000	6.0180	6.0200
01/07/19	11:09:00.686	19	0	0.000000	0.003000	6.0040	6.0430
01/07/19	11:09:00.850	20	0	0.000000	0.003000	5.9990	6.0290
01/07/19	11:09:01.061	21	0	0.000000	0.003000	5.9960	6.0310
01/07/19	11:09:01.268	22	0	0.000000	0.003000	6.0240	6.0200
01/07/19	11:09:01.476	23	0	0.000000	0.003000	6.0240	6.0200
01/07/19	11:09:01.683	24	0	0.000000	0.003000	6.0570	6.0920
01/07/19	11:09:01.849	25	0	0.000000	0.003000	6.1650	6.4320
01/07/19	11:09:02.057	26	0	0.000000	0.003000	7.4150	8.4140
01/07/19	11:09:02.270	27	0	0.000000	0.003000	8.2050	9.3170
01/07/19	11:09:02.481	28	0	0.000000	0.003000	8.5810	9.7180
01/07/19	11:09:02.689	29	0	0.000000	0.003000	8.8430	10.0850
01/07/19	11:09:02.857	30	0	0.000000	0.003000	9.0000	10.1460
01/07/19	11:09:03.068	31	0	0.000000	0.003000	9.1220	10.2200
01/07/19	11:09:03.278	32	0	0.000000	0.003000	9.1250	10.1580
01/07/19	11:09:03.486	33	0	0.000000	0.003000	9.0530	10.0030
01/07/19	11:09:03.651	34	0	0.000000	0.003000	8.9560	9.8540
01/07/19	11:09:03.856	35	0	0.000000	0.003000	8.8480	9.7050
01/07/19	11:09:04.063	36	0	0.000000	0.003000	8.7520	9.4980
01/07/19	11:09:04.273	37	0	0.000000	0.003000	8.6360	9.3520
01/07/19	11:09:04.494	38	0	0.000000	0.003000	8.5250	9.1970
01/07/19	11:09:04.649	39	0	0.000000	0.003000	8.4510	9.0810
01/07/19	11:09:04.863	40	0	0.000000	0.004000	8.3270	8.9070
01/07/19	11:09:05.074	41	0	0.000000	0.004000	8.2380	8.8050
01/07/19	11:09:05.280	42	0	0.000000	0.004000	8.1080	8.6570
01/07/19	11:09:05.451	43	0	0.000000	0.003000	8.0500	8.5690
01/07/19	11:09:05.662	44	0	0.000000	0.003000	7.9430	8.4200
01/07/19	11:09:05.869	45	0	0.000000	0.003000	7.8630	8.3430
01/07/19	11:09:06.081	46	0	0.000000	0.003000	7.7720	8.2130
01/07/19	11:09:06.284	47	0	0.000000	0.004000	7.6920	8.1020
01/07/19	11:09:06.457	48	0	0.000000	0.004000	7.6340	8.0280
Cycle	Time Peltier On:	75.000000	Time Peltier Off:	200.000000	# iterations	1.000000		
01/07/19	11:09:06.672	49	1	0.048000	0.004000	7.5510	7.9230
01/07/19	11:09:06.886	50	1	0.336000	0.098000	7.4070	7.7680
01/07/19	11:09:07.100	51	1	0.336000	0.086000	7.3020	7.6270
01/07/19	11:09:07.254	52	1	0.305000	0.081000	7.1970	7.5320
01/07/19	11:09:07.462	53	1	0.274000	0.081000	7.0920	7.3940
01/07/19	11:09:07.668	54	1	0.256000	0.076000	7.0100	7.2950
01/07/19	11:09:07.882	55	1	0.256000	0.069000	6.8940	7.1730
01/07/19	11:09:08.095	56	1	0.252000	0.063000	6.8360	7.0680
01/07/19	11:09:08.257	57	1	0.236000	0.063000	6.7580	7.0130
01/07/19	11:09:08.462	58	1	0.233000	0.064000	6.6510	6.9030
01/07/19	11:09:08.671	59	1	0.233000	0.058000	6.5760	6.8360
01/07/19	11:09:08.881	60	1	0.217000	0.057000	6.5040	6.7260
01/07/19	11:09:09.084	61	1	0.210000	0.057000	6.4430	6.6490
01/07/19	11:09:09.253	62	1	0.216000	0.056000	6.3940	6.6220
01/07/19	11:09:09.461	63	1	0.216000	0.059000	6.3080	6.5480
01/07/19	11:09:09.674	64	1	0.219000	0.056000	6.2720	6.4590
01/07/19	11:09:09.881	65	1	0.226000	0.056000	6.2120	6.3900
01/07/19	11:09:10.088	66	1	0.230000	0.060000	6.1430	6.3270
01/07/19	11:09:10.256	67	1	0.230000	0.061000	6.0960	6.2990
01/07/19	11:09:10.468	68	1	0.234000	0.063000	6.0400	6.2160
01/07/19	11:09:10.679	69	1	0.247000	0.063000	6.0210	6.1670
01/07/19	11:09:10.887	70	1	0.268000	0.065000	5.9440	6.1060
01/07/19	11:09:11.050	71	1	0.268000	0.069000	5.8940	6.0650
01/07/19	11:09:11.263	72	1	0.273000	0.072000	5.8470	6.0040
01/07/19	11:09:11.472	73	1	0.282000	0.072000	5.7860	5.9510
01/07/19	11:09:11.683	74	1	0.288000	0.074000	5.7390	5.8800
01/07/19	11:09:11.855	75	1	0.288000	0.077000	5.6920	5.8580
01/07/19	11:09:12.060	76	1	0.300000	0.080000	5.6370	5.7880
01/07/19	11:09:12.273	77	1	0.312000	0.080000	5.6010	5.7420
01/07/19	11:09:12.485	78	1	0.327000	0.081000	5.5710	5.6920
01/07/19	11:09:12.691	79	1	0.327000	0.090000	5.5160	5.6170
01/07/19	11:09:12.856	80	1	0.347000	0.091000	5.4800	5.6010
01/07/19	11:09:13.070	81	1	0.366000	0.091000	5.4050	5.5430
01/07/19	11:09:13.281	82	1	0.364000	0.095000	5.3610	5.4790
01/07/19	11:09:13.485	83	1	0.364000	0.097000	5.3110	5.4320
01/07/19	11:09:13.652	84	1	0.377000	0.099000	5.2810	5.3990
01/07/19	11:09:13.867	85	1	0.404000	0.099000	5.2340	5.3470
01/07/19	11:09:14.068	86	1	0.412000	0.104000	5.1710	5.2920
01/07/19	11:09:14.293	87	1	0.412000	0.107000	5.1210	5.2200
01/07/19	11:09:14.452	88	1	0.419000	0.109000	5.0880	5.1840
01/07/19	11:09:14.661	89	1	0.442000	0.109000	5.0240	5.1310
01/07/19	11:09:14.873	90	1	0.444000	0.112000	4.9720	5.1010
01/07/19	11:09:15.080	91	1	0.444000	0.114000	4.9330	5.0290
01/07/19	11:09:15.294	92	1	0.454000	0.118000	4.8920	4.9820
01/07/19	11:09:15.456	93	1	0.479000	0.118000	4.8560	4.9380
01/07/19	11:09:15.668	94	1	0.495000	0.124000	4.7870	4.8970
01/07/19	11:09:15.880	95	1	0.495000	0.125000	4.7290	4.8330
01/07/19	11:09:16.090	96	1	0.500000	0.126000	4.7100	4.7830
01/07/19	11:09:16.298	97	1	0.526000	0.126000	4.6460	4.7370
01/07/19	11:09:16.453	98	1	0.529000	0.132000	4.5990	4.6920
01/07/19	11:09:16.665	99	1	0.529000	0.134000	4.5550	4.6320
01/07/19	11:09:16.875	100	1	0.537000	0.137000	4.4890	4.5930
01/07/19	11:09:17.088	101	1	0.550000	0.137000	4.4500	4.5210
01/07/19	11:09:17.251	102	1	0.567000	0.137000	4.4090	4.4920
01/07/19	11:09:17.464	103	1	0.567000	0.144000	4.3400	4.4340
01/07/19	11:09:17.672	104	1	0.579000	0.144000	4.3040	4.3930
01/07/19	11:09:17.881	105	1	0.597000	0.144000	4.2480	4.3400
01/07/19	11:09:18.092	106	1	0.603000	0.148000	4.1790	4.2710
01/07/19	11:09:18.257	107	1	0.603000	0.149000	4.1340	4.2520
01/07/19	11:09:18.469	108	1	0.610000	0.152000	4.0980	4.1740
01/07/19	11:09:18.681	109	1	0.629000	0.152000	4.0360	4.1210
01/07/19	11:09:18.889	110	1	0.637000	0.155000	3.9890	4.0400
01/07/19	11:09:19.102	111	1	0.637000	0.159000	3.9300	4.0230
01/07/19	11:09:19.249	112	1	0.649000	0.159000	3.9070	3.9920
01/07/19	11:09:19.463	113	1	0.672000	0.159000	3.8470	3.9320
01/07/19	11:09:19.674	114	1	0.679000	0.164000	3.7550	3.8620
01/07/19	11:09:19.887	115	1	0.679000	0.163000	3.7350	3.7840
01/07/19	11:09:20.061	116	1	0.673000	0.169000	3.6730	3.7580
01/07/19	11:09:20.270	117	1	0.695000	0.169000	3.6310	3.7300
01/07/19	11:09:20.476	118	1	0.709000	0.169000	3.5700	3.6460
01/07/19	11:09:20.688	119	1	0.709000	0.173000	3.5360	3.5680
01/07/19	11:09:20.853	120	1	0.715000	0.177000	3.4830	3.5620
01/07/19	11:09:21.062	121	1	0.737000	0.177000	3.4270	3.4920
01/07/19	11:09:21.264	122	1	0.744000	0.179000	3.3480	3.4470
01/07/19	11:09:21.471	123	1	0.744000	0.179000	3.3200	3.3970
01/07/19	11:09:21.681	124	1	0.744000	0.183000	3.2480	3.3520
01/07/19	11:09:21.851	125	1	0.760000	0.183000	3.1890	3.2960
01/07/19	11:09:22.058	126	1	0.768000	0.183000	3.1660	3.2200
01/07/19	11:09:22.271	127	1	0.768000	0.189000	3.0910	3.1810
01/07/19	11:09:22.483	128	1	0.788000	0.187000	3.0260	3.1000
01/07/19	11:09:22.689	129	1	0.789000	0.187000	2.9670	3.0860
01/07/19	11:09:22.855	130	1	0.793000	0.189000	2.9510	3.0270
01/07/19	11:09:23.065	131	1	0.793000	0.195000	2.8970	2.9650
01/07/19	11:09:23.279	132	1	0.820000	0.197000	2.8190	2.9180
01/07/19	11:09:23.485	133	1	0.822000	0.197000	2.7920	2.8630
01/07/19	11:09:23.651	134	1	0.841000	0.195000	2.7080	2.8630
01/07/19	11:09:23.858	135	1	0.841000	0.198000	2.6910	2.7620
01/07/19	11:09:24.064	136	1	0.846000	0.204000	2.6180	2.7290
01/07/19	11:09:24.274	137	1	0.858000	0.204000	2.5740	2.6610
01/07/19	11:09:24.498	138	1	0.872000	0.203000	2.5090	2.6050
01/07/19	11:09:24.654	139	1	0.872000	0.206000	2.4700	2.5690
01/07/19	11:09:24.861	140	1	0.880000	0.210000	2.4220	2.5130
01/07/19	11:09:25.072	141	1	0.897000	0.210000	2.3660	2.4600
01/07/19	11:09:25.286	142	1	0.908000	0.212000	2.3050	2.4010
01/07/19	11:09:25.492	143	1	0.908000	0.214000	2.2490	2.3350
01/07/19	11:09:25.657	144	1	0.912000	0.216000	2.2090	2.3100
01/07/19	11:09:25.867	145	1	0.930000	0.216000	2.1560	2.2420
01/07/19	11:09:26.081	146	1	0.940000	0.219000	2.1000	2.1780
01/07/19	11:09:26.291	147	1	0.940000	0.222000	2.0580	2.1390
01/07/19	11:09:26.450	148	1	0.947000	0.225000	1.9990	2.1050
01/07/19	11:09:26.656	149	1	0.964000	0.225000	1.9660	2.0430
01/07/19	11:09:26.868	150	1	0.984000	0.230000	1.8790	1.9760
01/07/19	11:09:27.075	151	1	0.984000	0.228000	1.8250	1.9290
01/07/19	11:09:27.285	152	1	0.978000	0.230000	1.7830	1.8890
01/07/19	11:09:27.451	153	1	0.998000	0.230000	1.7220	1.8300
01/07/19	11:09:27.658	154	1	1.000000	0.233000	1.6740	1.7770
01/07/19	11:09:27.874	155	1	1.000000	0.236000	1.6270	1.7100
01/07/19	11:09:28.087	156	1	1.013000	0.238000	1.5850	1.6740
01/07/19	11:09:28.258	157	1	1.033000	0.238000	1.5200	1.6400
01/07/19	11:09:28.471	158	1	1.039000	0.241000	1.4840	1.5700
01/07/19	11:09:28.682	159	1	1.039000	0.245000	1.4110	1.5080
01/07/19	11:09:28.890	160	1	1.053000	0.245000	1.3600	1.4520
01/07/19	11:09:29.052	161	1	1.062000	0.245000	1.3020	1.4130
01/07/19	11:09:29.259	162	1	1.069000	0.248000	1.2790	1.3460
01/07/19	11:09:29.469	163	1	1.069000	0.252000	1.2050	1.2940
01/07/19	11:09:29.676	164	1	1.088000	0.252000	1.1600	1.2630
01/07/19	11:09:29.884	165	1	1.098000	0.252000	1.0930	1.1760
01/07/19	11:09:30.050	166	1	1.101000	0.255000	1.0510	1.1260
01/07/19	11:09:30.265	167	1	1.101000	0.257000	1.0090	1.0840
01/07/19	11:09:30.471	168	1	1.114000	0.260000	0.9610	1.0330
01/07/19	11:09:30.685	169	1	1.137000	0.260000	0.8800	0.9880
01/07/19	11:09:30.857	170	1	1.137000	0.261000	0.8460	0.9350
01/07/19	11:09:31.064	171	1	1.134000	0.265000	0.7710	0.8680
01/07/19	11:09:31.277	172	1	1.148000	0.264000	0.7170	0.8060
01/07/19	11:09:31.485	173	1	1.157000	0.264000	0.6640	0.7590
01/07/19	11:09:31.650	174	1	1.157000	0.267000	0.6110	0.7140
01/07/19	11:09:31.856	175	1	1.163000	0.269000	0.5490	0.6610
01/07/19	11:09:32.064	176	1	1.177000	0.269000	0.5040	0.5960
01/07/19	11:09:32.284	177	1	1.186000	0.271000	0.4450	0.5490
01/07/19	11:09:32.484	178	1	1.192000	0.273000	0.3980	0.4950
01/07/19	11:09:32.651	179	1	1.192000	0.276000	0.3330	0.4480
01/07/19	11:09:32.862	180	1	1.205000	0.276000	0.3000	0.3970
01/07/19	11:09:33.073	181	1	1.221000	0.276000	0.2380	0.3470
01/07/19	11:09:33.288	182	1	1.228000	0.281000	0.1900	0.2740
01/07/19	11:09:33.453	183	1	1.228000	0.283000	0.1250	0.2330
01/07/19	11:09:33.658	184	1	1.238000	0.283000	0.0880	0.1910
01/07/19	11:09:33.869	185	1	1.254000	0.283000	0.0380	0.0930
01/07/19	11:09:34.081	186	1	1.263000	0.289000	-0.0180	0.0650
01/07/19	11:09:34.292	187	1	1.263000	0.291000	-0.0880	0.0230
01/07/19	11:09:34.457	188	1	1.273000	0.291000	-0.1160	-0.0410
01/07/19	11:09:34.669	189	1	1.290000	0.290000	-0.1980	-0.0890
01/07/19	11:09:34.880	190	1	1.286000	0.293000	-0.2480	-0.1450
01/07/19	11:09:35.087	191	1	1.286000	0.295000	-0.3120	-0.1930
01/07/19	11:09:35.253	192	1	1.298000	0.295000	-0.3430	-0.2350
01/07/19	11:09:35.460	193	1	1.315000	0.296000	-0.3850	-0.2880
01/07/19	11:09:35.667	194	1	1.315000	0.303000	-0.4440	-0.3490
01/07/19	11:09:35.874	195	1	1.328000	0.304000	-0.4810	-0.3970
01/07/19	11:09:36.081	196	1	1.348000	0.308000	-0.5620	-0.4480
01/07/19	11:09:36.253	197	1	1.346000	0.308000	-0.5760	-0.5010
01/07/19	11:09:36.461	198	1	1.346000	0.313000	-0.6350	-0.5820
01/07/19	11:09:36.669	199	1	1.370000	0.314000	-0.7020	-0.6100
01/07/19	11:09:36.879	200	1	1.378000	0.313000	-0.7580	-0.6630
01/07/19	11:09:37.087	201	1	1.385000	0.313000	-0.8140	-0.7450
01/07/19	11:09:37.257	202	1	1.385000	0.315000	-0.8700	-0.7500
01/07/19	11:09:37.466	203	1	1.391000	0.318000	-0.9370	-0.8060
01/07/19	11:09:37.676	204	1	1.401000	0.317000	-0.9710	-0.8570
01/07/19	11:09:37.890	205	1	1.417000	0.317000	-1.0270	-0.9300
01/07/19	11:09:38.054	206	1	1.417000	0.322000	-1.0610	-0.9740
01/07/19	11:09:38.259	207	1	1.422000	0.326000	-1.1250	-1.0190
01/07/19	11:09:38.483	208	1	1.443000	0.328000	-1.2010	-1.0610
01/07/19	11:09:38.688	209	1	1.442000	0.328000	-1.2400	-1.1510
01/07/19	11:09:38.852	210	1	1.442000	0.327000	-1.2790	-1.1930
01/07/19	11:09:39.068	211	1	1.455000	0.333000	-1.3490	-1.2270
01/07/19	11:09:39.277	212	1	1.468000	0.332000	-1.3800	-1.2910
01/07/19	11:09:39.492	213	1	1.487000	0.332000	-1.4670	-1.3540
01/07/19	11:09:39.653	214	1	1.487000	0.337000	-1.5060	-1.3990
01/07/19	11:09:39.863	215	1	1.480000	0.338000	-1.5170	-1.4460
01/07/19	11:09:40.072	216	1	1.519000	0.338000	-1.5960	-1.5080
01/07/19	11:09:40.283	217	1	1.516000	0.345000	-1.6410	-1.5670
01/07/19	11:09:40.495	218	1	1.530000	0.346000	-1.7050	-1.6060
01/07/19	11:09:40.655	219	1	1.530000	0.346000	-1.7500	-1.6450
01/07/19	11:09:40.858	220	1	1.543000	0.346000	-1.8140	-1.7040
01/07/19	11:09:41.063	221	1	1.547000	0.349000	-1.8650	-1.7600
01/07/19	11:09:41.270	222	1	1.547000	0.350000	-1.9240	-1.8190
01/07/19	11:09:41.481	223	1	1.555000	0.352000	-1.9880	-1.8770
01/07/19	11:09:41.686	224	1	1.562000	0.352000	-2.0470	-1.9440
01/07/19	11:09:41.849	225	1	1.568000	0.352000	-2.0750	-1.9750
01/07/19	11:09:42.063	226	1	1.568000	0.357000	-2.1280	-2.0310
01/07/19	11:09:42.270	227	1	1.587000	0.360000	-2.1840	-2.0780
01/07/19	11:09:42.481	228	1	1.600000	0.361000	-2.2290	-2.1570
01/07/19	11:09:42.688	229	1	1.614000	0.361000	-2.2850	-2.1990
01/07/19	11:09:42.855	230	1	1.614000	0.364000	-2.3270	-2.2300
01/07/19	11:09:43.068	231	1	1.624000	0.369000	-2.4110	-2.2860
01/07/19	11:09:43.276	232	1	1.627000	0.366000	-2.4530	-2.3530
01/07/19	11:09:43.491	233	1	1.643000	0.366000	-2.4700	-2.3980
01/07/19	11:09:43.651	234	1	1.643000	0.371000	-2.5540	-2.4500
01/07/19	11:09:43.858	235	1	1.667000	0.374000	-2.5850	-2.5000
01/07/19	11:09:44.074	236	1	1.676000	0.378000	-2.6500	-2.5530
01/07/19	11:09:44.284	237	1	1.679000	0.378000	-2.7100	-2.6240
01/07/19	11:09:44.492	238	1	1.686000	0.378000	-2.7550	-2.6630
01/07/19	11:09:44.653	239	1	1.686000	0.382000	-2.7950	-2.7030
01/07/19	11:09:44.861	240	1	1.708000	0.382000	-2.8650	-2.7740
01/07/19	11:09:45.073	241	1	1.711000	0.385000	-2.9190	-2.8250
01/07/19	11:09:45.281	242	1	1.721000	0.387000	-2.9790	-2.9010
01/07/19	11:09:45.493	243	1	1.721000	0.387000	-3.0350	-2.9330
01/07/19	11:09:45.655	244	1	1.725000	0.387000	-3.0810	-2.9620
01/07/19	11:09:45.871	245	1	1.740000	0.389000	-3.1350	-3.0300
01/07/19	11:09:46.079	246	1	1.751000	0.393000	-3.2000	-3.0840
01/07/19	11:09:46.292	247	1	1.751000	0.392000	-3.2540	-3.1490
01/07/19	11:09:46.451	248	1	1.754000	0.392000	-3.2790	-3.1890
01/07/19	11:09:46.658	249	1	1.779000	0.394000	-3.3300	-3.2630
01/07/19	11:09:46.867	250	1	1.779000	0.401000	-3.3950	-3.3000
01/07/19	11:09:47.083	251	1	1.788000	0.401000	-3.4550	-3.3450
01/07/19	11:09:47.285	252	1	1.793000	0.402000	-3.5060	-3.3900
01/07/19	11:09:47.453	253	1	1.805000	0.402000	-3.5430	-3.4500
01/07/19	11:09:47.665	254	1	1.805000	0.408000	-3.6080	-3.4980
01/07/19	11:09:47.872	255	1	1.821000	0.408000	-3.6700	-3.5570
01/07/19	11:09:48.077	256	1	1.827000	0.409000	-3.7240	-3.6140
01/07/19	11:09:48.290	257	1	1.832000	0.409000	-3.7580	-3.6570
01/07/19	11:09:48.457	258	1	1.832000	0.411000	-3.8230	-3.7130
01/07/19	11:09:48.665	259	1	1.848000	0.415000	-3.8600	-3.7700
01/07/19	11:09:48.878	260	1	1.864000	0.418000	-3.9080	-3.8270
01/07/19	11:09:49.089	261	1	1.877000	0.418000	-3.9760	-3.9000
01/07/19	11:09:49.254	262	1	1.877000	0.420000	-4.0500	-3.9230
01/07/19	11:09:49.459	263	1	1.878000	0.420000	-4.0870	-3.9680
01/07/19	11:09:49.668	264	1	1.890000	0.420000	-4.1240	-4.0140
01/07/19	11:09:49.877	265	1	1.905000	0.423000	-4.1800	-4.0790
01/07/19	11:09:50.085	266	1	1.913000	0.428000	-4.2450	-4.1190
01/07/19	11:09:50.252	267	1	1.913000	0.429000	-4.2770	-4.1780
01/07/19	11:09:50.460	268	1	1.932000	0.429000	-4.3330	-4.2210
01/07/19	11:09:50.676	269	1	1.939000	0.433000	-4.3840	-4.2800
01/07/19	11:09:50.888	270	1	1.949000	0.436000	-4.4440	-4.3370
01/07/19	11:09:51.058	271	1	1.949000	0.436000	-4.5030	-4.3960
01/07/19	11:09:51.267	272	1	1.957000	0.436000	-4.5430	-4.4360
01/07/19	11:09:51.477	273	1	1.973000	0.437000	-4.5880	-4.5010
01/07/19	11:09:51.693	274	1	1.983000	0.443000	-4.6420	-4.5660
01/07/19	11:09:51.852	275	1	1.983000	0.445000	-4.7070	-4.6030
01/07/19	11:09:52.058	276	1	1.994000	0.445000	-4.7610	-4.6540
01/07/19	11:09:52.265	277	1	2.003000	0.446000	-4.8010	-4.6990
01/07/19	11:09:52.492	278	1	2.015000	0.451000	-4.8630	-4.7310
01/07/19	11:09:52.654	279	1	2.015000	0.452000	-4.8940	-4.7960
01/07/19	11:09:52.863	280	1	2.036000	0.452000	-4.9650	-4.8580
01/07/19	11:09:53.072	281	1	2.039000	0.456000	-5.0050	-4.8920
01/07/19	11:09:53.284	282	1	2.051000	0.459000	-5.0640	-4.9740
01/07/19	11:09:53.452	283	1	2.051000	0.460000	-5.1210	-4.9940
01/07/19	11:09:53.662	284	1	2.061000	0.460000	-5.1830	-5.0650
01/07/19	11:09:53.869	285	1	2.068000	0.460000	-5.2230	-5.1130
01/07/19	11:09:54.083	286	1	2.080000	0.464000	-5.2910	-5.1840
01/07/19	11:09:54.257	287	1	2.080000	0.464000	-5.3190	-5.2180
01/07/19	11:09:54.469	288	1	2.099000	0.464000	-5.3900	-5.2720
01/07/19	11:09:54.674	289	1	2.099000	0.469000	-5.4210	-5.3200
01/07/19	11:09:54.886	290	1	2.118000	0.473000	-5.4870	-5.3910
01/07/19	11:09:55.051	291	1	2.118000	0.473000	-5.5180	-5.4310
01/07/19	11:09:55.257	292	1	2.134000	0.473000	-5.5690	-5.4700
01/07/19	11:09:55.465	293	1	2.144000	0.477000	-5.6370	-5.5350
01/07/19	11:09:55.673	294	1	2.144000	0.479000	-5.6850	-5.5670
01/07/19	11:09:55.881	295	1	2.147000	0.482000	-5.7420	-5.6370
01/07/19	11:09:56.052	296	1	2.163000	0.482000	-5.7870	-5.6940
01/07/19	11:09:56.259	297	1	2.175000	0.483000	-5.8410	-5.7420
01/07/19	11:09:56.474	298	1	2.182000	0.487000	-5.8950	-5.8050
01/07/19	11:09:56.689	299	1	2.182000	0.488000	-5.9290	-5.8440
01/07/19	11:09:56.856	300	1	2.193000	0.488000	-6.0000	-5.8930
01/07/19	11:09:57.065	301	1	2.204000	0.493000	-6.0700	-5.9460
01/07/19	11:09:57.274	302	1	2.206000	0.492000	-6.1160	-5.9970
01/07/19	11:09:57.486	303	1	2.206000	0.495000	-6.1580	-6.0650
01/07/19	11:09:57.653	304	1	2.222000	0.495000	-6.2060	-6.1020
01/07/19	11:09:57.859	305	1	2.240000	0.498000	-6.2520	-6.1360
01/07/19	11:09:58.067	306	1	2.240000	0.503000	-6.3030	-6.2040
01/07/19	11:09:58.273	307	1	2.251000	0.505000	-6.3740	-6.2640
01/07/19	11:09:58.480	308	1	2.261000	0.504000	-6.4220	-6.3090
01/07/19	11:09:58.653	309	1	2.268000	0.504000	-6.4610	-6.3710
01/07/19	11:09:58.861	310	1	2.268000	0.510000	-6.5180	-6.4050
01/07/19	11:09:59.067	311	1	2.285000	0.511000	-6.5640	-6.4680
01/07/19	11:09:59.281	312	1	2.300000	0.514000	-6.6000	-6.5050
01/07/19	11:09:59.488	313	1	2.317000	0.514000	-6.6800	-6.5500
01/07/19	11:09:59.656	314	1	2.317000	0.518000	-6.7050	-6.5870
01/07/19	11:09:59.869	315	1	2.313000	0.521000	-6.7750	-6.6850
01/07/19	11:10:00.079	316	1	2.331000	0.521000	-6.8170	-6.7070
01/07/19	11:10:00.286	317	1	2.344000	0.521000	-6.8600	-6.7640
01/07/19	11:10:00.448	318	1	2.344000	0.524000	-6.9220	-6.8150
01/07/19	11:10:00.656	319	1	2.357000	0.528000	-6.9560	-6.8690
01/07/19	11:10:00.865	320	1	2.377000	0.528000	-7.0270	-6.9250
01/07/19	11:10:01.072	321	1	2.377000	0.531000	-7.0720	-6.9590
01/07/19	11:10:01.279	322	1	2.389000	0.533000	-7.1260	-7.0190
01/07/19	11:10:01.450	323	1	2.389000	0.535000	-7.1770	-7.0620
01/07/19	11:10:01.666	324	1	2.402000	0.535000	-7.1910	-7.1070
01/07/19	11:10:01.873	325	1	2.428000	0.536000	-7.2540	-7.1850
01/07/19	11:10:02.079	326	1	2.434000	0.544000	-7.3440	-7.2220
01/07/19	11:10:02.293	327	1	2.434000	0.541000	-7.3870	-7.2780
01/07/19	11:10:02.458	328	1	2.428000	0.541000	-7.4010	-7.3120
01/07/19	11:10:02.672	329	1	2.461000	0.544000	-7.4770	-7.3630
01/07/19	11:10:02.882	330	1	2.460000	0.550000	-7.5480	-7.4200
01/07/19	11:10:03.098	331	1	2.460000	0.549000	-7.5820	-7.4850
01/07/19	11:10:03.250	332	1	2.462000	0.549000	-7.6590	-7.5250
01/07/19	11:10:03.460	333	1	2.473000	0.553000	-7.6900	-7.5760
01/07/19	11:10:03.674	334	1	2.490000	0.556000	-7.7490	-7.6180
01/07/19	11:10:03.893	335	1	2.490000	0.557000	-7.7880	-7.6620
01/07/19	11:10:04.094	336	1	2.498000	0.560000	-7.8420	-7.7250
01/07/19	11:10:04.254	337	1	2.517000	0.560000	-7.8930	-7.7870
01/07/19	11:10:04.465	338	1	2.517000	0.564000	-7.9290	-7.8130
01/07/19	11:10:04.676	339	1	2.525000	0.568000	-8.0090	-7.8720
01/07/19	11:10:04.887	340	1	2.538000	0.566000	-8.0490	-7.9230
01/07/19	11:10:05.058	341	1	2.551000	0.566000	-8.0740	-7.9880
01/07/19	11:10:05.271	342	1	2.551000	0.575000	-8.1360	-8.0280
01/07/19	11:10:05.483	343	1	2.571000	0.575000	-8.2040	-8.0820
01/07/19	11:10:05.697	344	1	2.574000	0.575000	-8.2440	-8.1530
01/07/19	11:10:05.852	345	1	2.590000	0.575000	-8.2910	-8.1870
01/07/19	11:10:06.068	346	1	2.590000	0.581000	-8.3560	-8.2260
01/07/19	11:10:06.277	347	1	2.599000	0.581000	-8.4100	-8.2800
01/07/19	11:10:06.493	348	1	2.607000	0.583000	-8.4830	-8.3510
01/07/19	11:10:06.654	349	1	2.610000	0.583000	-8.5000	-8.4130
01/07/19	11:10:06.861	350	1	2.610000	0.588000	-8.5460	-8.4390
01/07/19	11:10:07.069	351	1	2.631000	0.591000	-8.5940	-8.5010
01/07/19	11:10:07.279	352	1	2.650000	0.592000	-8.6560	-8.5410
01/07/19	11:10:07.490	353	1	2.657000	0.592000	-8.7070	-8.6030
01/07/19	11:10:07.656	354	1	2.657000	0.594000	-8.7410	-8.6370
01/07/19	11:10:07.866	355	1	2.667000	0.600000	-8.8260	-8.7020
01/07/19	11:10:08.078	356	1	2.677000	0.598000	-8.8430	-8.7590
01/07/19	11:10:08.290	357	1	2.697000	0.598000	-8.9060	-8.8240
01/07/19	11:10:08.451	358	1	2.697000	0.604000	-8.9480	-8.8330
01/07/19	11:10:08.662	359	1	2.705000	0.608000	-8.9990	-8.9180
01/07/19	11:10:08.888	360	1	2.723000	0.610000	-9.0590	-8.9540
01/07/19	11:10:09.099	361	1	2.726000	0.610000	-9.1040	-9.0310
01/07/19	11:10:09.250	362	1	2.726000	0.610000	-8.2510	-7.5060
01/07/19	11:10:09.463	363	1	2.739000	0.728000	-6.8090	-5.9820
01/07/19	11:10:09.676	364	1	3.711000	0.916000	-6.2280	-5.4090
01/07/19	11:10:09.887	365	1	4.017000	0.916000	-6.0560	-5.1980
01/07/19	11:10:10.057	366	1	4.017000	1.003000	-6.0650	-5.2150
01/07/19	11:10:10.269	367	1	4.157000	1.034000	-6.1360	-5.2660
01/07/19	11:10:10.477	368	1	4.206000	1.033000	-6.2720	-5.3940
01/07/19	11:10:10.686	369	1	4.205000	1.033000	-6.3850	-5.5470
01/07/19	11:10:10.850	370	1	4.205000	1.024000	-6.5180	-5.6710
01/07/19	11:10:11.057	371	1	4.203000	1.010000	-6.6910	-5.8070
01/07/19	11:10:11.279	372	1	4.145000	0.997000	-6.8550	-5.9460
01/07/19	11:10:11.477	373	1	4.115000	0.997000	-7.0110	-6.0800
01/07/19	11:10:11.685	374	1	4.084000	0.975000	-7.1530	-6.2100
01/07/19	11:10:11.854	375	1	4.084000	0.965000	-7.2660	-6.3180
01/07/19	11:10:12.064	376	1	4.043000	0.965000	-7.3970	-6.4590
01/07/19	11:10:12.275	377	1	4.022000	0.959000	-7.5190	-6.5640
01/07/19	11:10:12.482	378	1	4.005000	0.945000	-7.6490	-6.6660
01/07/19	11:10:12.689	379	1	4.005000	0.936000	-7.7590	-6.7850
01/07/19	11:10:12.856	380	1	3.982000	0.936000	-7.8330	-6.8330
01/07/19	11:10:13.064	381	1	3.963000	0.930000	-7.9580	-6.9500
01/07/19	11:10:13.277	382	1	3.945000	0.922000	-8.0460	-7.0460
01/07/19	11:10:13.492	383	1	3.945000	0.919000	-8.1670	-7.1370
01/07/19	11:10:13.655	384	1	3.937000	0.919000	-8.2380	-7.2130
01/07/19	11:10:13.862	385	1	3.919000	0.912000	-8.3370	-7.3070
01/07/19	11:10:14.068	386	1	3.919000	0.908000	-8.4050	-7.3750
01/07/19	11:10:14.288	387	1	3.908000	0.908000	-8.4910	-7.4680
01/07/19	11:10:14.489	388	1	3.910000	0.905000	-8.5900	-7.5330
01/07/19	11:10:14.653	389	1	3.892000	0.905000	-8.6460	-7.5960
01/07/19	11:10:14.859	390	1	3.892000	0.902000	-8.7570	-7.7060
01/07/19	11:10:15.066	391	1	3.898000	0.898000	-8.8220	-7.7690
01/07/19	11:10:15.279	392	1	3.886000	0.897000	-8.8960	-7.8310
01/07/19	11:10:15.486	393	1	3.885000	0.897000	-8.9860	-7.9240
01/07/19	11:10:15.657	394	1	3.885000	0.896000	-9.0490	-7.9580
01/07/19	11:10:15.866	395	1	3.880000	0.895000	-9.1370	-8.0590
01/07/19	11:10:16.077	396	1	3.876000	0.892000	-9.1920	-8.1330
01/07/19	11:10:16.285	397	1	3.881000	0.892000	-9.2800	-8.2090
01/07/19	11:10:16.498	398	1	3.878000	0.892000	-9.3480	-8.2720
01/07/19	11:10:16.651	399	1	3.878000	0.890000	-9.4130	-8.3400
01/07/19	11:10:16.863	400	1	3.880000	0.890000	-9.4760	-8.3960
01/07/19	11:10:17.081	401	1	3.883000	0.890000	-9.5510	-8.4760
01/07/19	11:10:17.287	402	1	3.883000	0.890000	-9.6310	-8.5410
01/07/19	11:10:17.450	403	1	3.883000	0.888000	-9.6740	-8.5890
01/07/19	11:10:17.667	404	1	3.888000	0.890000	-9.7550	-8.6710
01/07/19	11:10:17.871	405	1	3.887000	0.890000	-9.8410	-8.7290
01/07/19	11:10:18.077	406	1	3.882000	0.887000	-9.9190	-8.8260
01/07/19	11:10:18.291	407	1	3.882000	0.886000	-9.9850	-8.9160
01/07/19	11:10:18.456	408	1	3.880000	0.886000	-10.0310	-8.9470
01/07/19	11:10:18.668	409	1	3.887000	0.886000	-10.0970	-9.0210
01/07/19	11:10:18.878	410	1	3.892000	0.889000	-10.1950	-9.0920
01/07/19	11:10:19.089	411	1	3.892000	0.885000	-10.2610	-9.1740
01/07/19	11:10:19.250	412	1	3.884000	0.885000	-10.3220	-9.2420
01/07/19	11:10:19.458	413	1	3.884000	0.885000	-10.4020	-9.3050
01/07/19	11:10:19.683	414	1	3.883000	0.884000	-10.4540	-9.3810
01/07/19	11:10:19.887	415	1	3.883000	0.886000	-10.5320	-9.4490
01/07/19	11:10:20.055	416	1	3.892000	0.886000	-10.5810	-9.5090
01/07/19	11:10:20.263	417	1	3.894000	0.884000	-10.6580	-9.5700
01/07/19	11:10:20.474	418	1	3.893000	0.885000	-10.7020	-9.6710
01/07/19	11:10:20.687	419	1	3.893000	0.887000	-10.7990	-9.7310
01/07/19	11:10:20.853	420	1	3.902000	0.887000	-10.8630	-9.8090
01/07/19	11:10:21.063	421	1	3.893000	0.884000	-10.9320	-9.8810
01/07/19	11:10:21.271	422	1	3.895000	0.884000	-11.0070	-9.9610
01/07/19	11:10:21.478	423	1	3.895000	0.883000	-11.0810	-10.0480
01/07/19	11:10:21.692	424	1	3.605000	-0.022000	-11.1330	-10.1140
01/07/19	11:10:21.861	425	1	0.997000	-0.022000	-11.1420	-10.0990
01/07/19	11:10:22.072	426	1	0.917000	-0.022000	-10.9690	-9.9730
01/07/19	11:10:22.278	427	1	0.917000	-0.022000	-10.7330	-9.7680
01/07/19	11:10:22.494	428	1	0.859000	-0.022000	-10.4770	-9.5240
01/07/19	11:10:22.653	429	1	0.814000	-0.022000	-10.2610	-9.3920
01/07/19	11:10:22.864	430	1	0.814000	-0.022000	-9.9620	-9.1000
01/07/19	11:10:23.068	431	1	0.777000	-0.022000	-9.6740	-8.8710
01/07/19	11:10:23.277	432	1	0.745000	-0.022000	-9.4070	-8.6330
01/07/19	11:10:23.483	433	1	0.718000	-0.022000	-9.1210	-8.3920
01/07/19	11:10:23.650	434	1	0.718000	-0.021000	-8.8970	-8.1850
01/07/19	11:10:23.866	435	1	0.693000	-0.025000	-8.6560	-7.9750
01/07/19	11:10:24.078	436	1	0.681000	-0.025000	-8.4030	-7.7700
01/07/19	11:10:24.285	437	1	0.660000	-0.025000	-8.1340	-7.5490
01/07/19	11:10:24.457	438	1	0.660000	-0.025000	-7.9520	-7.3590
01/07/19	11:10:24.670	439	1	0.641000	-0.025000	-7.7140	-7.1780
01/07/19	11:10:24.880	440	1	0.622000	-0.025000	-7.4790	-6.9650
01/07/19	11:10:25.094	441	1	0.604000	-0.025000	-7.2750	-6.7810
01/07/19	11:10:25.248	442	1	0.604000	-0.025000	-7.1020	-6.6250
01/07/19	11:10:25.456	443	1	0.588000	-0.025000	-6.8810	-6.4580
01/07/19	11:10:25.677	444	1	0.572000	-0.025000	-6.6830	-6.2620
01/07/19	11:10:25.880	445	1	0.557000	-0.025000	-6.4760	-6.0810
01/07/19	11:10:26.085	446	1	0.542000	-0.025000	-6.2890	-5.9050
01/07/19	11:10:26.251	447	1	0.542000	-0.025000	-6.1560	-5.7980
01/07/19	11:10:26.465	448	1	0.528000	-0.025000	-5.9600	-5.6160
01/07/19	11:10:26.675	449	1	0.514000	-0.025000	-5.7560	-5.4580
01/07/19	11:10:26.881	450	1	0.501000	-0.025000	-5.5890	-5.2880
01/07/19	11:10:27.058	451	1	0.501000	-0.025000	-5.4470	-5.1770
01/07/19	11:10:27.267	452	1	0.488000	-0.025000	-5.2710	-5.0270
01/07/19	11:10:27.477	453	1	0.475000	-0.025000	-5.0840	-4.8740
01/07/19	11:10:27.695	454	1	0.464000	-0.025000	-4.9370	-4.7320
01/07/19	11:10:27.851	455	1	0.464000	-0.025000	-4.8150	-4.6070
01/07/19	11:10:28.057	456	1	0.453000	-0.025000	-4.6730	-4.4460
01/07/19	11:10:28.284	457	1	0.441000	-0.025000	-4.4890	-4.3160
