01/07/19	11:43:34.264	C:\Icing\LabView_vi\Icing_2TC_FP_v2.0.vi
Dt (s):		0.200000

Date	Time	# meas	# cycle	V	I	Temp1	Temp2

01/07/19	11:44:07.184	1	0	0.000000	0.004000	6.2330	6.0970
01/07/19	11:44:07.385	2	0	0.000000	0.003000	6.1170	6.0720
01/07/19	11:44:07.587	3	0	-0.001000	0.003000	6.0920	6.0660
01/07/19	11:44:07.815	4	0	-0.001000	0.004000	6.0810	6.0770
01/07/19	11:44:08.021	5	0	0.000000	0.003000	6.0610	6.0720
01/07/19	11:44:08.193	6	0	0.000000	0.003000	6.0640	6.0690
01/07/19	11:44:08.406	7	0	0.000000	0.003000	6.0780	6.0610
01/07/19	11:44:08.618	8	0	0.000000	0.003000	6.0700	6.0640
01/07/19	11:44:08.828	9	0	-0.001000	0.003000	6.0280	6.0800
01/07/19	11:44:08.989	10	0	-0.001000	0.003000	6.0370	6.0690
01/07/19	11:44:09.195	11	0	-0.001000	0.003000	6.0610	6.0550
01/07/19	11:44:09.407	12	0	0.000000	0.003000	6.0480	6.0550
01/07/19	11:44:09.614	13	0	0.000000	0.003000	6.0530	6.0580
01/07/19	11:44:09.828	14	0	0.000000	0.003000	6.0560	6.0640
01/07/19	11:44:09.985	15	0	-0.001000	0.003000	6.0670	6.0530
01/07/19	11:44:10.200	16	0	-0.001000	0.003000	6.0780	6.0550
01/07/19	11:44:10.415	17	0	0.000000	0.003000	6.0610	6.0280
01/07/19	11:44:10.627	18	0	0.000000	0.003000	6.0450	6.0550
01/07/19	11:44:10.792	19	0	-0.001000	0.003000	6.0500	6.0580
01/07/19	11:44:11.002	20	0	0.000000	0.003000	6.0560	6.0390
01/07/19	11:44:11.215	21	0	-0.001000	0.003000	6.0420	6.0390
01/07/19	11:44:11.383	22	0	-0.001000	0.003000	6.0370	6.0500
01/07/19	11:44:11.591	23	0	-0.001000	0.003000	6.0480	6.0280
01/07/19	11:44:11.800	24	0	0.000000	0.003000	6.0060	6.0360
01/07/19	11:44:12.014	25	0	-0.001000	0.003000	6.0310	6.0330
01/07/19	11:44:12.224	26	0	-0.001000	0.003000	6.0530	6.0390
01/07/19	11:44:12.389	27	0	0.000000	0.003000	6.0390	6.0110
01/07/19	11:44:12.596	28	0	-0.001000	0.003000	6.0120	6.0220
01/07/19	11:44:12.803	29	0	-0.001000	0.003000	6.0170	6.0190
01/07/19	11:44:13.016	30	0	-0.001000	0.003000	6.0390	6.0220
01/07/19	11:44:13.225	31	0	-0.001000	0.003000	6.0010	6.0110
01/07/19	11:44:13.391	32	0	0.000000	0.003000	6.0200	6.0390
01/07/19	11:44:13.603	33	0	0.000000	0.003000	6.0170	6.0300
01/07/19	11:44:13.813	34	0	0.000000	0.003000	6.0120	6.0170
01/07/19	11:44:14.020	35	0	0.000000	0.003000	5.9950	6.0300
01/07/19	11:44:14.186	36	0	0.000000	0.003000	5.9870	6.0140
01/07/19	11:44:14.392	37	0	-0.001000	0.003000	6.0230	6.0220
01/07/19	11:44:14.598	38	0	-0.001000	0.003000	6.0030	6.0190
01/07/19	11:44:14.805	39	0	-0.001000	0.003000	6.0170	6.0110
01/07/19	11:44:15.024	40	0	0.000000	0.003000	6.0250	5.9970
01/07/19	11:44:15.233	41	0	-0.001000	0.003000	6.0120	6.0140
01/07/19	11:44:15.385	42	0	-0.001000	0.002000	6.0340	6.0170
01/07/19	11:44:15.598	43	0	-0.001000	0.003000	6.0230	6.0030
01/07/19	11:44:15.808	44	0	0.000000	0.003000	6.0030	6.0140
01/07/19	11:44:16.016	45	0	0.000000	0.003000	6.0060	6.0030
01/07/19	11:44:16.226	46	0	0.000000	0.002000	5.9900	5.9890
01/07/19	11:44:16.392	47	0	0.000000	0.003000	6.0060	6.0080
01/07/19	11:44:16.603	48	0	-0.001000	0.003000	6.0200	5.9970
01/07/19	11:44:16.816	49	0	-0.001000	0.003000	5.9920	6.0080
01/07/19	11:44:17.024	50	0	-0.001000	0.003000	6.0200	6.0030
01/07/19	11:44:17.186	51	0	-0.001000	0.003000	6.0140	6.0060
01/07/19	11:44:17.395	52	0	0.000000	0.003000	6.0090	5.9970
01/07/19	11:44:17.604	53	0	0.000000	0.003000	5.9920	6.0030
01/07/19	11:44:17.817	54	0	0.000000	0.003000	6.0030	6.0220
01/07/19	11:44:18.026	55	0	0.000000	0.003000	6.0060	6.0000
01/07/19	11:44:18.187	56	0	0.000000	0.003000	6.0060	6.0060
01/07/19	11:44:18.400	57	0	0.000000	0.003000	6.0310	6.0170
01/07/19	11:44:18.608	58	0	0.000000	0.002000	6.0140	6.0190
01/07/19	11:44:18.815	59	0	0.000000	0.002000	6.0390	6.0470
01/07/19	11:44:19.028	60	0	-0.001000	0.002000	6.0590	6.1300
01/07/19	11:44:19.192	61	0	0.000000	0.003000	6.3980	6.6820
01/07/19	11:44:19.398	62	0	0.000000	0.003000	7.0190	7.1980
01/07/19	11:44:19.614	63	0	0.000000	0.002000	7.7210	8.4050
01/07/19	11:44:19.826	64	0	-0.001000	0.002000	8.2100	9.1950
01/07/19	11:44:19.985	65	0	-0.001000	0.003000	8.4640	9.5180
01/07/19	11:44:20.198	66	0	0.000000	0.003000	8.6260	9.7770
01/07/19	11:44:20.405	67	0	0.000000	0.003000	8.8810	10.1940
01/07/19	11:44:20.616	68	0	-0.001000	0.003000	8.9630	10.3600
01/07/19	11:44:20.814	69	0	-0.001000	0.003000	9.0850	10.4840
01/07/19	11:44:21.020	70	0	-0.001000	0.003000	9.3030	10.7220
01/07/19	11:44:21.184	71	0	-0.001000	0.003000	9.4630	10.7800
01/07/19	11:44:21.392	72	0	0.000000	0.003000	9.5650	10.8180
01/07/19	11:44:21.607	73	0	0.000000	0.003000	9.5490	10.7270
01/07/19	11:44:21.814	74	0	0.000000	0.003000	9.5270	10.5780
01/07/19	11:44:22.018	75	0	0.000000	0.003000	9.4360	10.4150
01/07/19	11:44:22.196	76	0	-0.001000	0.003000	9.3530	10.2940
01/07/19	11:44:22.404	77	0	0.000000	0.003000	9.2730	10.1170
01/07/19	11:44:22.613	78	0	0.000000	0.003000	9.1370	9.9370
01/07/19	11:44:22.823	79	0	-0.001000	0.003000	9.0600	9.8240
01/07/19	11:44:22.984	80	0	0.000000	0.003000	8.9630	9.6860
01/07/19	11:44:23.191	81	0	-0.001000	0.003000	8.8640	9.5700
01/07/19	11:44:23.407	82	0	-0.001000	0.003000	8.7950	9.4350
01/07/19	11:44:23.610	83	0	-0.001000	0.003000	8.7180	9.3300
01/07/19	11:44:23.824	84	0	-0.001000	0.003000	8.6150	9.2140
01/07/19	11:44:23.987	85	0	-0.001000	0.003000	8.5660	9.1120
01/07/19	11:44:24.194	86	0	0.000000	0.003000	8.4800	9.0260
01/07/19	11:44:24.406	87	0	0.000000	0.003000	8.3810	8.9050
01/07/19	11:44:24.615	88	0	-0.001000	0.003000	8.3030	8.8220
01/07/19	11:44:24.791	89	0	0.000000	0.003000	8.2340	8.7230
Cycle	Time Peltier On:	90.000000	Time Peltier Off:	200.000000	# iterations	1.000000		
01/07/19	11:44:25.004	90	1	0.000000	-0.016000	8.1850	8.6590
01/07/19	11:44:25.211	91	1	-0.003000	-0.003000	8.0660	8.5040
01/07/19	11:44:25.422	92	1	-0.005000	-0.003000	7.9780	8.3940
01/07/19	11:44:25.585	93	1	-0.005000	-0.001000	7.8980	8.3220
01/07/19	11:44:25.793	94	1	-0.004000	0.000000	7.8340	8.2340
01/07/19	11:44:26.001	95	1	-0.004000	0.000000	7.7820	8.1700
01/07/19	11:44:26.214	96	1	-0.005000	0.000000	7.6930	8.0930
01/07/19	11:44:26.417	97	1	-0.005000	0.000000	7.6600	8.0130
01/07/19	11:44:26.628	98	1	-0.005000	0.001000	7.6240	7.9610
01/07/19	11:44:26.782	99	1	-0.005000	0.001000	7.5550	7.9000
01/07/19	11:44:26.996	100	1	-0.005000	0.001000	7.5080	7.8340
01/07/19	11:44:27.208	101	1	-0.005000	0.001000	7.4720	7.7840
01/07/19	11:44:27.419	102	1	-0.005000	0.001000	7.4250	7.7260
01/07/19	11:44:27.593	103	1	-0.004000	0.001000	7.3780	7.6570
01/07/19	11:44:27.801	104	1	-0.004000	0.001000	7.3230	7.6290
01/07/19	11:44:28.013	105	1	-0.004000	0.001000	7.2820	7.5800
01/07/19	11:44:28.222	106	1	-0.004000	0.001000	7.2630	7.5160
01/07/19	11:44:28.387	107	1	-0.004000	0.001000	7.2130	7.4640
01/07/19	11:44:28.593	108	1	-0.005000	0.001000	7.1880	7.4390
01/07/19	11:44:28.800	109	1	-0.004000	0.001000	7.1470	7.4000
01/07/19	11:44:29.007	110	1	-0.004000	0.001000	7.0830	7.3390
01/07/19	11:44:29.222	111	1	-0.005000	0.001000	7.0610	7.2920
01/07/19	11:44:29.423	112	1	-0.004000	0.001000	7.0250	7.2510
01/07/19	11:44:29.589	113	1	-0.004000	0.001000	7.0060	7.2290
01/07/19	11:44:29.795	114	1	-0.004000	0.001000	6.9450	7.1960
01/07/19	11:44:30.009	115	1	-0.004000	0.001000	6.9500	7.1380
01/07/19	11:44:30.215	116	1	-0.005000	0.001000	6.9120	7.1130
01/07/19	11:44:30.429	117	1	-0.005000	0.002000	6.8840	7.0770
01/07/19	11:44:30.593	118	1	-0.005000	0.002000	6.8700	7.0550
01/07/19	11:44:30.805	119	1	-0.004000	0.001000	6.8350	7.0300
01/07/19	11:44:31.017	120	1	-0.004000	0.001000	6.8120	6.9800
01/07/19	11:44:31.227	121	1	-0.005000	0.002000	6.7850	6.9500
01/07/19	11:44:31.389	122	1	-0.005000	0.002000	6.7770	6.9220
01/07/19	11:44:31.607	123	1	-0.005000	0.002000	6.7300	6.9060
01/07/19	11:44:31.832	124	1	-0.004000	0.002000	6.7160	6.8780
01/07/19	11:44:31.988	125	1	-0.004000	0.001000	6.6800	6.8370
01/07/19	11:44:32.200	126	1	-0.004000	0.002000	6.6800	6.8010
01/07/19	11:44:32.414	127	1	-0.005000	0.002000	6.6440	6.7930
01/07/19	11:44:32.621	128	1	-0.005000	0.001000	6.6380	6.7620
01/07/19	11:44:32.793	129	1	-0.005000	0.002000	6.6220	6.7430
01/07/19	11:44:33.000	130	1	-0.005000	0.002000	6.5860	6.7290
01/07/19	11:44:33.214	131	1	-0.005000	0.002000	6.5750	6.6960
01/07/19	11:44:33.424	132	1	-0.005000	0.002000	6.5640	6.6790
01/07/19	11:44:33.630	133	1	-0.005000	0.002000	6.5470	6.6630
01/07/19	11:44:33.787	134	1	-0.005000	0.001000	6.5220	6.6520
01/07/19	11:44:34.002	135	1	-0.005000	0.001000	6.5340	6.6100
01/07/19	11:44:34.210	136	1	-0.004000	0.002000	6.4870	6.6080
01/07/19	11:44:34.421	137	1	-0.004000	0.002000	6.4840	6.5830
01/07/19	11:44:34.587	138	1	-0.005000	0.002000	6.4650	6.5770
01/07/19	11:44:34.802	139	1	-0.005000	0.002000	6.4530	6.5550
01/07/19	11:44:35.013	140	1	-0.005000	0.002000	6.4590	6.5410
01/07/19	11:44:35.225	141	1	-0.005000	0.002000	6.4260	6.5190
01/07/19	11:44:35.394	142	1	-0.004000	0.002000	6.4180	6.5050
01/07/19	11:44:35.604	143	1	-0.005000	0.002000	6.4200	6.4920
01/07/19	11:44:35.809	144	1	-0.004000	0.002000	6.3900	6.4890
01/07/19	11:44:36.024	145	1	-0.004000	0.002000	6.3870	6.4530
01/07/19	11:44:36.184	146	1	-0.005000	0.002000	6.3820	6.4390
01/07/19	11:44:36.392	147	1	-0.004000	0.002000	6.3540	6.4420
01/07/19	11:44:36.601	148	1	-0.004000	0.002000	6.3460	6.4060
01/07/19	11:44:36.826	149	1	-0.004000	0.002000	6.3600	6.4030
01/07/19	11:44:37.029	150	1	-0.005000	0.001000	6.3320	6.3920
01/07/19	11:44:37.186	151	1	-0.004000	0.001000	6.3150	6.3780
01/07/19	11:44:37.402	152	1	-0.005000	0.001000	6.3260	6.3670
01/07/19	11:44:37.608	153	1	-0.005000	0.001000	6.3100	6.3760
01/07/19	11:44:37.821	154	1	-0.005000	0.002000	6.2910	6.3540
01/07/19	11:44:37.992	155	1	-0.004000	0.002000	6.2710	6.3340
01/07/19	11:44:38.206	156	1	-0.004000	0.001000	6.2740	6.3370
01/07/19	11:44:38.413	157	1	-0.004000	0.001000	6.2680	6.3200
01/07/19	11:44:38.622	158	1	-0.004000	0.002000	6.2460	6.3120
01/07/19	11:44:38.835	159	1	-0.004000	0.002000	6.2570	6.3180
01/07/19	11:44:38.989	160	1	-0.005000	0.001000	6.2300	6.3070
01/07/19	11:44:39.198	161	1	-0.005000	0.001000	6.2520	6.2900
01/07/19	11:44:39.409	162	1	-0.004000	0.001000	6.2300	6.2650
01/07/19	11:44:39.620	163	1	-0.004000	0.001000	6.2270	6.2650
01/07/19	11:44:39.786	164	1	-0.004000	0.002000	6.2130	6.2710
01/07/19	11:44:39.999	165	1	-0.004000	0.001000	6.2050	6.2620
01/07/19	11:44:40.207	166	1	-0.005000	0.001000	6.1990	6.2490
01/07/19	11:44:40.419	167	1	-0.005000	0.001000	6.2020	6.2540
01/07/19	11:44:40.591	168	1	-0.005000	0.001000	6.1800	6.2490
01/07/19	11:44:40.798	169	1	-0.005000	0.001000	6.1940	6.2290
01/07/19	11:44:41.012	170	1	-0.005000	0.002000	6.1990	6.2380
01/07/19	11:44:41.224	171	1	-0.004000	0.002000	6.1750	6.2150
01/07/19	11:44:41.389	172	1	-0.005000	0.001000	6.1750	6.2240
01/07/19	11:44:41.591	173	1	-0.005000	0.001000	6.1660	6.2150
01/07/19	11:44:41.803	174	1	-0.004000	0.002000	6.1800	6.2020
01/07/19	11:44:42.014	175	1	-0.005000	0.002000	6.1610	6.1880
01/07/19	11:44:42.222	176	1	-0.004000	0.001000	6.1640	6.1850
01/07/19	11:44:42.385	177	1	-0.004000	0.001000	6.1860	6.1770
01/07/19	11:44:42.600	178	1	-0.004000	0.001000	6.1500	6.1850
01/07/19	11:44:42.808	179	1	-0.004000	0.001000	6.1440	6.1660
01/07/19	11:44:43.021	180	1	-0.005000	0.002000	6.1410	6.1690
01/07/19	11:44:43.194	181	1	-0.005000	0.002000	6.1360	6.1770
01/07/19	11:44:43.406	182	1	-0.004000	0.001000	6.1220	6.1770
01/07/19	11:44:43.614	183	1	-0.004000	0.001000	6.1170	6.1570
01/07/19	11:44:43.825	184	1	-0.005000	0.001000	6.1280	6.1520
01/07/19	11:44:43.986	185	1	-0.005000	0.001000	6.1390	6.1410
01/07/19	11:44:44.197	186	1	-0.005000	0.002000	6.1140	6.1550
01/07/19	11:44:44.407	187	1	-0.005000	0.002000	6.1280	6.1350
01/07/19	11:44:44.632	188	1	-0.005000	0.002000	6.1080	6.1380
01/07/19	11:44:44.786	189	1	-0.005000	0.001000	6.1440	6.1330
01/07/19	11:44:44.999	190	1	-0.004000	0.001000	6.1080	6.1520
01/07/19	11:44:45.207	191	1	-0.004000	0.001000	6.1030	6.1240
01/07/19	11:44:45.415	192	1	-0.004000	0.001000	6.0920	6.1440
01/07/19	11:44:45.626	193	1	-0.004000	0.001000	6.1110	6.1220
01/07/19	11:44:45.792	194	1	-0.005000	0.002000	6.1170	6.1130
01/07/19	11:44:46.005	195	1	-0.004000	0.002000	6.1000	6.1300
01/07/19	11:44:46.215	196	1	-0.004000	0.002000	6.0970	6.1050
