01/07/19	11:52:29.902	C:\Icing\LabView_vi\Icing_2TC_FP_v2.0.vi
Dt (s):		0.200000

Date	Time	# meas	# cycle	V	I	Temp1	Temp2

01/07/19	11:53:23.383	1	0	0.000000	0.002000	5.9700	5.9690
01/07/19	11:53:23.579	2	0	0.000000	0.002000	5.9590	5.9500
01/07/19	11:53:23.778	3	0	0.000000	0.002000	5.9670	5.9720
01/07/19	11:53:24.000	4	0	0.000000	0.002000	5.9640	5.9610
01/07/19	11:53:24.207	5	0	0.000000	0.002000	5.9670	5.9660
01/07/19	11:53:24.380	6	0	0.000000	0.002000	5.9640	5.9800
01/07/19	11:53:24.589	7	0	0.000000	0.002000	5.9780	5.9690
01/07/19	11:53:24.796	8	0	0.000000	0.002000	5.9610	5.9440
01/07/19	11:53:25.004	9	0	0.000000	0.002000	5.9720	5.9690
01/07/19	11:53:25.215	10	0	0.000000	0.002000	5.9310	5.9750
01/07/19	11:53:25.383	11	0	0.000000	0.002000	5.9610	5.9550
01/07/19	11:53:25.590	12	0	0.000000	0.002000	5.9700	5.9640
01/07/19	11:53:25.804	13	0	0.000000	0.002000	5.9670	5.9880
01/07/19	11:53:26.012	14	0	0.000000	0.002000	5.9840	5.9770
01/07/19	11:53:26.223	15	0	0.000000	0.002000	5.9560	5.9580
01/07/19	11:53:26.377	16	0	0.000000	0.002000	5.9700	5.9660
01/07/19	11:53:26.588	17	0	0.000000	0.002000	5.9840	5.9660
01/07/19	11:53:26.806	18	0	0.000000	0.002000	5.9720	5.9660
01/07/19	11:53:27.020	19	0	0.000000	0.002000	5.9450	5.9640
01/07/19	11:53:27.178	20	0	0.000000	0.002000	5.9560	5.9750
01/07/19	11:53:27.391	21	0	0.000000	0.002000	5.9720	5.9770
01/07/19	11:53:27.598	22	0	0.000000	0.002000	5.9720	5.9720
01/07/19	11:53:27.806	23	0	0.000000	0.002000	5.9860	5.9800
01/07/19	11:53:28.016	24	0	0.000000	0.002000	5.9920	5.9910
01/07/19	11:53:28.184	25	0	0.000000	0.002000	5.9860	5.9690
01/07/19	11:53:28.396	26	0	0.000000	0.002000	6.0140	6.0020
01/07/19	11:53:28.607	27	0	0.000000	0.002000	6.0080	5.9880
01/07/19	11:53:28.815	28	0	0.000000	0.002000	6.0080	5.9910
01/07/19	11:53:28.980	29	0	0.000000	0.002000	6.0140	6.0220
01/07/19	11:53:29.187	30	0	0.000000	0.002000	6.0170	6.0350
01/07/19	11:53:29.402	31	0	0.000000	0.002000	6.0640	6.0770
01/07/19	11:53:29.606	32	0	0.000000	0.002000	6.0770	6.1130
01/07/19	11:53:29.820	33	0	0.000000	0.002000	6.1020	6.1350
01/07/19	11:53:29.978	34	0	0.000000	0.002000	6.1160	6.2010
01/07/19	11:53:30.190	35	0	0.000000	0.002000	6.7930	7.8030
01/07/19	11:53:30.398	36	0	0.000000	0.002000	7.5600	8.7940
01/07/19	11:53:30.610	37	0	0.000000	0.002000	7.9610	9.1940
01/07/19	11:53:30.782	38	0	0.000000	0.002000	8.2810	9.8490
01/07/19	11:53:30.994	39	0	0.000000	0.002000	8.7810	10.6050
01/07/19	11:53:31.206	40	0	0.000000	0.002000	9.1780	10.9890
01/07/19	11:53:31.418	41	0	0.000000	0.002000	9.2060	10.9270
01/07/19	11:53:31.579	42	0	0.000000	0.002000	9.2670	10.9050
01/07/19	11:53:31.797	43	0	0.000000	0.002000	9.2000	10.7490
01/07/19	11:53:32.005	44	0	0.000000	0.003000	9.3800	11.1570
01/07/19	11:53:32.212	45	0	-0.001000	0.002000	9.5620	11.1510
01/07/19	11:53:32.379	46	0	-0.001000	0.003000	9.5180	10.9680
01/07/19	11:53:32.587	47	0	0.000000	0.003000	9.3960	10.7380
01/07/19	11:53:32.793	48	0	0.000000	0.003000	9.2500	10.5200
01/07/19	11:53:33.007	49	0	0.000000	0.003000	9.1170	10.2960
01/07/19	11:53:33.214	50	0	0.000000	0.003000	8.9960	10.0920
01/07/19	11:53:33.384	51	0	0.000000	0.003000	8.9080	9.9530
01/07/19	11:53:33.595	52	0	0.000000	0.003000	8.8160	9.7850
01/07/19	11:53:33.806	53	0	0.000000	0.003000	8.6980	9.6410
01/07/19	11:53:34.012	54	0	0.000000	0.003000	8.5730	9.4870
01/07/19	11:53:34.177	55	0	0.000000	0.003000	8.5240	9.3930
01/07/19	11:53:34.383	56	0	0.000000	0.003000	8.4330	9.2520
01/07/19	11:53:34.595	57	0	0.000000	0.003000	8.3360	9.1440
01/07/19	11:53:34.802	58	0	0.000000	0.003000	8.2700	9.0310
01/07/19	11:53:35.009	59	0	0.000000	0.003000	8.2200	8.9350
Cycle	Time Peltier On:	110.000000	Time Peltier Off:	200.000000	# iterations	1.000000		
01/07/19	11:53:35.176	60	1	0.050000	0.003000	8.1510	8.8410
01/07/19	11:53:35.390	61	1	0.050000	0.097000	8.0020	8.6810
01/07/19	11:53:35.603	62	1	0.339000	0.087000	7.8890	8.5480
01/07/19	11:53:35.817	63	1	0.301000	0.080000	7.7560	8.3880
01/07/19	11:53:35.987	64	1	0.264000	0.080000	7.6710	8.3000
01/07/19	11:53:36.198	65	1	0.264000	0.069000	7.5570	8.1700
01/07/19	11:53:36.407	66	1	0.254000	0.064000	7.4830	8.0620
01/07/19	11:53:36.615	67	1	0.234000	0.064000	7.4080	7.9520
01/07/19	11:53:36.825	68	1	0.228000	0.064000	7.3140	7.8360
01/07/19	11:53:36.980	69	1	0.228000	0.062000	7.2510	7.7670
01/07/19	11:53:37.186	70	1	0.219000	0.059000	7.1570	7.6560
01/07/19	11:53:37.396	71	1	0.209000	0.059000	7.0880	7.5820
01/07/19	11:53:37.606	72	1	0.209000	0.056000	7.0020	7.4880
01/07/19	11:53:37.814	73	1	0.209000	0.053000	6.9500	7.4190
01/07/19	11:53:37.982	74	1	0.200000	0.055000	6.9030	7.3440
01/07/19	11:53:38.189	75	1	0.217000	0.055000	6.8370	7.2670
01/07/19	11:53:38.400	76	1	0.218000	0.058000	6.7700	7.1920
01/07/19	11:53:38.606	77	1	0.218000	0.058000	6.6960	7.1210
01/07/19	11:53:38.813	78	1	0.218000	0.057000	6.6270	7.0400
01/07/19	11:53:38.983	79	1	0.214000	0.057000	6.6080	6.9960
01/07/19	11:53:39.196	80	1	0.235000	0.056000	6.5330	6.8970
01/07/19	11:53:39.404	81	1	0.235000	0.061000	6.4830	6.8470
01/07/19	11:53:39.614	82	1	0.232000	0.064000	6.4140	6.7840
01/07/19	11:53:39.777	83	1	0.241000	0.064000	6.3780	6.7310
01/07/19	11:53:39.987	84	1	0.255000	0.064000	6.3150	6.6620
01/07/19	11:53:40.208	85	1	0.255000	0.067000	6.2870	6.6040
01/07/19	11:53:40.405	86	1	0.262000	0.072000	6.2180	6.5300
01/07/19	11:53:40.610	87	1	0.276000	0.072000	6.1740	6.4630
01/07/19	11:53:40.775	88	1	0.288000	0.072000	6.1050	6.4440
01/07/19	11:53:40.983	89	1	0.288000	0.074000	6.0750	6.3720
01/07/19	11:53:41.197	90	1	0.289000	0.078000	6.0140	6.3030
01/07/19	11:53:41.407	91	1	0.308000	0.078000	5.9670	6.2650
01/07/19	11:53:41.618	92	1	0.320000	0.079000	5.9200	6.1790
01/07/19	11:53:41.783	93	1	0.320000	0.085000	5.8730	6.1510
01/07/19	11:53:41.996	94	1	0.328000	0.087000	5.8180	6.0930
01/07/19	11:53:42.206	95	1	0.344000	0.087000	5.7760	6.0240
01/07/19	11:53:42.421	96	1	0.356000	0.088000	5.7100	5.9610
01/07/19	11:53:42.576	97	1	0.356000	0.092000	5.6800	5.9190
01/07/19	11:53:42.800	98	1	0.361000	0.096000	5.6440	5.8670
01/07/19	11:53:43.004	99	1	0.391000	0.096000	5.5640	5.8170
01/07/19	11:53:43.211	100	1	0.388000	0.100000	5.5250	5.7400
01/07/19	11:53:43.375	101	1	0.388000	0.102000	5.4920	5.7010
01/07/19	11:53:43.589	102	1	0.406000	0.106000	5.4200	5.6650
01/07/19	11:53:43.801	103	1	0.416000	0.106000	5.3840	5.6020
01/07/19	11:53:44.014	104	1	0.431000	0.105000	5.3480	5.5330
01/07/19	11:53:44.183	105	1	0.431000	0.113000	5.2740	5.5050
01/07/19	11:53:44.392	106	1	0.448000	0.113000	5.2210	5.4450
01/07/19	11:53:44.603	107	1	0.455000	0.113000	5.1880	5.3890
01/07/19	11:53:44.818	108	1	0.470000	0.114000	5.1080	5.3290
01/07/19	11:53:44.978	109	1	0.470000	0.116000	5.0780	5.2820
01/07/19	11:53:45.183	110	1	0.469000	0.121000	5.0250	5.2370
01/07/19	11:53:45.403	111	1	0.491000	0.121000	4.9730	5.1880
01/07/19	11:53:45.600	112	1	0.502000	0.123000	4.9260	5.1350
01/07/19	11:53:45.820	113	1	0.502000	0.127000	4.8790	5.0770
01/07/19	11:53:45.977	114	1	0.511000	0.130000	4.8430	5.0330
01/07/19	11:53:46.185	115	1	0.534000	0.130000	4.7820	4.9810
01/07/19	11:53:46.394	116	1	0.540000	0.133000	4.7490	4.9170
01/07/19	11:53:46.609	117	1	0.540000	0.138000	4.6970	4.8620
01/07/19	11:53:46.816	118	1	0.556000	0.140000	4.6280	4.7980
01/07/19	11:53:46.989	119	1	0.567000	0.140000	4.6000	4.7790
01/07/19	11:53:47.198	120	1	0.585000	0.140000	4.5480	4.7130
01/07/19	11:53:47.403	121	1	0.585000	0.147000	4.4790	4.6770
01/07/19	11:53:47.616	122	1	0.596000	0.146000	4.4290	4.5970
01/07/19	11:53:47.777	123	1	0.602000	0.146000	4.3990	4.5690
01/07/19	11:53:47.984	124	1	0.621000	0.149000	4.3350	4.5030
01/07/19	11:53:48.193	125	1	0.621000	0.153000	4.2660	4.4530
01/07/19	11:53:48.399	126	1	0.625000	0.152000	4.2250	4.4120
01/07/19	11:53:48.605	127	1	0.638000	0.152000	4.1640	4.3480
01/07/19	11:53:48.820	128	1	0.644000	0.155000	4.1070	4.2900
01/07/19	11:53:48.977	129	1	0.644000	0.157000	4.0710	4.2520
01/07/19	11:53:49.192	130	1	0.653000	0.161000	4.0210	4.1830
01/07/19	11:53:49.406	131	1	0.673000	0.161000	3.9670	4.1270
01/07/19	11:53:49.619	132	1	0.682000	0.163000	3.9250	4.0730
01/07/19	11:53:49.784	133	1	0.682000	0.169000	3.8830	4.0200
01/07/19	11:53:49.997	134	1	0.696000	0.171000	3.7990	3.9810
01/07/19	11:53:50.206	135	1	0.702000	0.171000	3.7180	3.9140
01/07/19	11:53:50.415	136	1	0.700000	0.169000	3.6960	3.8520
01/07/19	11:53:50.580	137	1	0.700000	0.173000	3.6560	3.8130
01/07/19	11:53:50.783	138	1	0.723000	0.177000	3.5920	3.7540
01/07/19	11:53:50.992	139	1	0.738000	0.177000	3.5500	3.7120
01/07/19	11:53:51.217	140	1	0.753000	0.177000	3.4990	3.6640
01/07/19	11:53:51.419	141	1	0.753000	0.182000	3.4460	3.5910
01/07/19	11:53:51.579	142	1	0.760000	0.183000	3.4010	3.5380
01/07/19	11:53:51.787	143	1	0.776000	0.183000	3.3340	3.4930
01/07/19	11:53:51.998	144	1	0.779000	0.186000	3.2980	3.4340
01/07/19	11:53:52.206	145	1	0.779000	0.190000	3.2250	3.3950
01/07/19	11:53:52.420	146	1	0.797000	0.189000	3.1550	3.3450
01/07/19	11:53:52.581	147	1	0.797000	0.189000	3.1300	3.2920
01/07/19	11:53:52.789	148	1	0.817000	0.189000	3.0710	3.2210
01/07/19	11:53:52.988	149	1	0.817000	0.195000	3.0090	3.1770
01/07/19	11:53:53.209	150	1	0.822000	0.196000	2.9700	3.1290
01/07/19	11:53:53.408	151	1	0.839000	0.196000	2.8970	3.0670
01/07/19	11:53:53.627	152	1	0.839000	0.199000	2.8550	3.0060
01/07/19	11:53:53.779	153	1	0.839000	0.200000	2.8160	2.9660
01/07/19	11:53:53.990	154	1	0.854000	0.205000	2.7430	2.9190
01/07/19	11:53:54.197	155	1	0.865000	0.205000	2.6900	2.8520
01/07/19	11:53:54.410	156	1	0.875000	0.204000	2.6560	2.7960
01/07/19	11:53:54.583	157	1	0.875000	0.209000	2.6170	2.7680
01/07/19	11:53:54.796	158	1	0.891000	0.213000	2.5380	2.7030
01/07/19	11:53:55.000	159	1	0.899000	0.213000	2.4880	2.6550
01/07/19	11:53:55.218	160	1	0.910000	0.211000	2.4370	2.5970
01/07/19	11:53:55.377	161	1	0.910000	0.216000	2.3980	2.5460
01/07/19	11:53:55.584	162	1	0.923000	0.219000	2.3390	2.4930
01/07/19	11:53:55.791	163	1	0.936000	0.219000	2.2690	2.4620
01/07/19	11:53:56.003	164	1	0.940000	0.220000	2.2190	2.4000
01/07/19	11:53:56.212	165	1	0.940000	0.221000	2.1940	2.3280
01/07/19	11:53:56.377	166	1	0.950000	0.227000	2.1240	2.2880
01/07/19	11:53:56.589	167	1	0.969000	0.227000	2.0680	2.2100
01/07/19	11:53:56.798	168	1	0.976000	0.226000	2.0450	2.1760
01/07/19	11:53:57.006	169	1	0.976000	0.233000	1.9560	2.1400
01/07/19	11:53:57.213	170	1	0.999000	0.230000	1.9050	2.0640
01/07/19	11:53:57.383	171	1	0.999000	0.230000	1.8740	2.0330
01/07/19	11:53:57.598	172	1	1.018000	0.233000	1.8010	1.9610
01/07/19	11:53:57.809	173	1	1.018000	0.236000	1.7370	1.9050
01/07/19	11:53:58.021	174	1	1.018000	0.236000	1.6810	1.8400
01/07/19	11:53:58.181	175	1	1.024000	0.236000	1.6610	1.8230
01/07/19	11:53:58.396	176	1	1.047000	0.237000	1.5830	1.7390
01/07/19	11:53:58.611	177	1	1.047000	0.242000	1.5350	1.6800
01/07/19	11:53:58.776	178	1	1.048000	0.244000	1.4880	1.6500
01/07/19	11:53:58.984	179	1	1.068000	0.244000	1.4430	1.6050
01/07/19	11:53:59.198	180	1	1.082000	0.247000	1.4060	1.5290
01/07/19	11:53:59.404	181	1	1.082000	0.253000	1.3500	1.4840
01/07/19	11:53:59.617	182	1	1.095000	0.255000	1.2690	1.4390
01/07/19	11:53:59.782	183	1	1.098000	0.255000	1.2270	1.3810
01/07/19	11:53:59.995	184	1	1.111000	0.253000	1.1850	1.3330
01/07/19	11:54:00.205	185	1	1.111000	0.259000	1.1260	1.2770
01/07/19	11:54:00.415	186	1	1.122000	0.260000	1.0450	1.2210
01/07/19	11:54:00.575	187	1	1.123000	0.260000	0.9920	1.1620
01/07/19	11:54:00.783	188	1	1.133000	0.259000	0.9520	1.1140
01/07/19	11:54:00.994	189	1	1.133000	0.263000	0.8820	1.0780
01/07/19	11:54:01.200	190	1	1.146000	0.263000	0.8570	1.0020
01/07/19	11:54:01.406	191	1	1.166000	0.263000	0.8100	0.9410
01/07/19	11:54:01.578	192	1	1.179000	0.268000	0.7370	0.8930
01/07/19	11:54:01.790	193	1	1.179000	0.270000	0.6920	0.8450
01/07/19	11:54:02.001	194	1	1.179000	0.273000	0.6270	0.7950
01/07/19	11:54:02.209	195	1	1.190000	0.273000	0.5830	0.7470
01/07/19	11:54:02.419	196	1	1.205000	0.273000	0.5350	0.6860
01/07/19	11:54:02.589	197	1	1.205000	0.278000	0.4930	0.6350
01/07/19	11:54:02.799	198	1	1.214000	0.281000	0.4340	0.5760
01/07/19	11:54:03.006	199	1	1.232000	0.281000	0.3860	0.5320
01/07/19	11:54:03.220	200	1	1.240000	0.282000	0.3110	0.4700
01/07/19	11:54:03.378	201	1	1.240000	0.283000	0.2520	0.4480
01/07/19	11:54:03.585	202	1	1.242000	0.283000	0.2070	0.3860
01/07/19	11:54:03.800	203	1	1.257000	0.283000	0.1540	0.3020
01/07/19	11:54:04.007	204	1	1.267000	0.286000	0.1060	0.2650
01/07/19	11:54:04.180	205	1	1.267000	0.291000	0.0530	0.2040
01/07/19	11:54:04.387	206	1	1.276000	0.292000	0.0310	0.1670
01/07/19	11:54:04.600	207	1	1.305000	0.292000	-0.0560	0.1060
01/07/19	11:54:04.812	208	1	1.300000	0.298000	-0.1150	0.0500
01/07/19	11:54:04.983	209	1	1.300000	0.297000	-0.1520	0.0220
01/07/19	11:54:05.192	210	1	1.306000	0.300000	-0.2190	-0.0540
01/07/19	11:54:05.403	211	1	1.323000	0.300000	-0.2640	-0.1160
01/07/19	11:54:05.618	212	1	1.332000	0.301000	-0.3310	-0.1750
01/07/19	11:54:05.781	213	1	1.332000	0.302000	-0.3760	-0.2050
01/07/19	11:54:05.985	214	1	1.335000	0.305000	-0.4180	-0.2590
01/07/19	11:54:06.193	215	1	1.356000	0.305000	-0.4650	-0.3170
01/07/19	11:54:06.404	216	1	1.371000	0.308000	-0.5490	-0.3590
01/07/19	11:54:06.624	217	1	1.371000	0.309000	-0.5770	-0.4210
01/07/19	11:54:06.776	218	1	1.369000	0.313000	-0.6190	-0.4800
01/07/19	11:54:06.990	219	1	1.398000	0.313000	-0.6670	-0.5080
01/07/19	11:54:07.205	220	1	1.407000	0.318000	-0.7540	-0.5700
01/07/19	11:54:07.415	221	1	1.407000	0.316000	-0.7760	-0.6280
01/07/19	11:54:07.584	222	1	1.401000	0.322000	-0.8410	-0.6590
01/07/19	11:54:07.796	223	1	1.422000	0.322000	-0.8740	-0.7240
01/07/19	11:54:08.008	224	1	1.442000	0.323000	-0.9360	-0.7880
01/07/19	11:54:08.219	225	1	1.442000	0.327000	-0.9980	-0.8220
01/07/19	11:54:08.378	226	1	1.445000	0.328000	-1.0480	-0.8830
01/07/19	11:54:08.589	227	1	1.458000	0.328000	-1.0960	-0.9310
01/07/19	11:54:08.798	228	1	1.469000	0.330000	-1.1660	-0.9960
01/07/19	11:54:09.012	229	1	1.469000	0.332000	-1.2020	-1.0430
01/07/19	11:54:09.181	230	1	1.472000	0.336000	-1.2810	-1.1050
01/07/19	11:54:09.387	231	1	1.480000	0.336000	-1.3000	-1.1380
01/07/19	11:54:09.600	232	1	1.504000	0.334000	-1.3760	-1.2080
01/07/19	11:54:09.807	233	1	1.504000	0.339000	-1.4210	-1.2510
01/07/19	11:54:10.016	234	1	1.504000	0.342000	-1.5050	-1.3260
01/07/19	11:54:10.182	235	1	1.508000	0.342000	-1.5190	-1.3430
01/07/19	11:54:10.398	236	1	1.533000	0.339000	-1.5810	-1.4100
01/07/19	11:54:10.603	237	1	1.533000	0.347000	-1.6310	-1.4550
01/07/19	11:54:10.813	238	1	1.539000	0.348000	-1.6950	-1.5220
01/07/19	11:54:10.977	239	1	1.548000	0.348000	-1.7150	-1.5730
01/07/19	11:54:11.184	240	1	1.572000	0.349000	-1.7880	-1.6200
01/07/19	11:54:11.392	241	1	1.572000	0.354000	-1.8100	-1.6710
01/07/19	11:54:11.617	242	1	1.572000	0.360000	-1.8920	-1.7350
01/07/19	11:54:11.817	243	1	1.588000	0.360000	-1.9560	-1.7830
01/07/19	11:54:11.979	244	1	1.591000	0.358000	-2.0060	-1.8250
01/07/19	11:54:12.194	245	1	1.591000	0.360000	-2.0370	-1.9010
01/07/19	11:54:12.404	246	1	1.601000	0.364000	-2.0930	-1.9290
01/07/19	11:54:12.618	247	1	1.623000	0.364000	-2.1610	-2.0040
01/07/19	11:54:12.783	248	1	1.627000	0.366000	-2.2140	-2.0520
01/07/19	11:54:12.996	249	1	1.627000	0.368000	-2.2390	-2.0970
01/07/19	11:54:13.204	250	1	1.636000	0.373000	-2.3010	-2.1470
01/07/19	11:54:13.415	251	1	1.660000	0.373000	-2.3740	-2.2090
01/07/19	11:54:13.577	252	1	1.660000	0.374000	-2.4040	-2.2400
01/07/19	11:54:13.786	253	1	1.660000	0.378000	-2.4630	-2.2900
01/07/19	11:54:13.993	254	1	1.678000	0.378000	-2.5220	-2.3800
01/07/19	11:54:14.202	255	1	1.685000	0.378000	-2.5670	-2.4110
01/07/19	11:54:14.412	256	1	1.699000	0.379000	-2.6570	-2.4610
01/07/19	11:54:14.578	257	1	1.699000	0.379000	-2.6880	-2.5200
01/07/19	11:54:14.785	258	1	1.692000	0.383000	-2.7250	-2.5450
01/07/19	11:54:14.999	259	1	1.724000	0.383000	-2.7960	-2.6040
01/07/19	11:54:15.210	260	1	1.724000	0.388000	-2.8470	-2.6780
01/07/19	11:54:15.382	261	1	1.724000	0.388000	-2.8780	-2.7170
01/07/19	11:54:15.589	262	1	1.734000	0.392000	-2.9440	-2.7880
01/07/19	11:54:15.803	263	1	1.752000	0.392000	-3.0060	-2.8340
01/07/19	11:54:16.010	264	1	1.755000	0.393000	-3.0710	-2.8790
01/07/19	11:54:16.176	265	1	1.755000	0.393000	-3.0820	-2.9530
01/07/19	11:54:16.386	266	1	1.763000	0.400000	-3.1530	-2.9720
01/07/19	11:54:16.593	267	1	1.785000	0.400000	-3.2130	-3.0380
01/07/19	11:54:16.800	268	1	1.791000	0.400000	-3.2720	-3.0970
01/07/19	11:54:17.006	269	1	1.791000	0.403000	-3.3260	-3.1280
01/07/19	11:54:17.178	270	1	1.796000	0.403000	-3.3600	-3.2080
01/07/19	11:54:17.389	271	1	1.816000	0.403000	-3.4000	-3.2470
01/07/19	11:54:17.597	272	1	1.832000	0.407000	-3.4730	-3.3210
01/07/19	11:54:17.808	273	1	1.832000	0.410000	-3.5130	-3.3550
01/07/19	11:54:18.017	274	1	1.833000	0.413000	-3.6010	-3.4090
01/07/19	11:54:18.182	275	1	1.839000	0.413000	-3.6260	-3.4540
01/07/19	11:54:18.395	276	1	1.858000	0.411000	-3.6580	-3.5020
01/07/19	11:54:18.601	277	1	1.858000	0.420000	-3.7400	-3.5530
01/07/19	11:54:18.815	278	1	1.874000	0.418000	-3.7940	-3.6210
01/07/19	11:54:18.976	279	1	1.877000	0.418000	-3.8330	-3.6780
01/07/19	11:54:19.185	280	1	1.891000	0.420000	-3.8790	-3.7230
01/07/19	11:54:19.410	281	1	1.891000	0.426000	-3.9550	-3.7690
01/07/19	11:54:19.612	282	1	1.903000	0.425000	-3.9980	-3.8080
01/07/19	11:54:19.778	283	1	1.911000	0.425000	-4.0570	-3.8850
01/07/19	11:54:19.992	284	1	1.920000	0.428000	-4.0860	-3.9190
01/07/19	11:54:20.201	285	1	1.920000	0.434000	-4.1390	-3.9730
01/07/19	11:54:20.410	286	1	1.937000	0.434000	-4.1960	-4.0460
01/07/19	11:54:20.577	287	1	1.951000	0.434000	-4.2530	-4.0920
01/07/19	11:54:20.791	288	1	1.957000	0.437000	-4.2980	-4.1430
01/07/19	11:54:21.001	289	1	1.957000	0.440000	-4.3630	-4.1880
01/07/19	11:54:21.212	290	1	1.970000	0.440000	-4.4060	-4.2450
01/07/19	11:54:21.383	291	1	1.982000	0.440000	-4.4740	-4.3040
01/07/19	11:54:21.596	292	1	1.985000	0.443000	-4.4960	-4.3440
01/07/19	11:54:21.808	293	1	1.985000	0.448000	-4.5640	-4.4090
01/07/19	11:54:22.015	294	1	2.005000	0.449000	-4.6270	-4.4520
01/07/19	11:54:22.227	295	1	2.011000	0.449000	-4.6920	-4.5310
01/07/19	11:54:22.383	296	1	2.015000	0.449000	-4.7030	-4.5510
01/07/19	11:54:22.590	297	1	2.015000	0.456000	-4.7740	-4.5930
01/07/19	11:54:22.805	298	1	2.041000	0.455000	-4.8200	-4.6470
01/07/19	11:54:23.011	299	1	2.050000	0.455000	-4.8680	-4.7010
01/07/19	11:54:23.177	300	1	2.060000	0.458000	-4.9220	-4.7410
01/07/19	11:54:23.386	301	1	2.060000	0.463000	-4.9560	-4.8120
01/07/19	11:54:23.595	302	1	2.069000	0.466000	-5.0320	-4.8680
01/07/19	11:54:23.803	303	1	2.081000	0.466000	-5.0770	-4.8940
01/07/19	11:54:24.017	304	1	2.096000	0.465000	-5.1430	-4.9620
01/07/19	11:54:24.183	305	1	2.096000	0.468000	-5.1650	-4.9930
01/07/19	11:54:24.395	306	1	2.098000	0.473000	-5.2280	-5.0580
01/07/19	11:54:24.600	307	1	2.119000	0.473000	-5.2730	-5.0950
01/07/19	11:54:24.812	308	1	2.130000	0.474000	-5.3440	-5.1890
01/07/19	11:54:24.977	309	1	2.130000	0.476000	-5.3780	-5.2060
01/07/19	11:54:25.182	310	1	2.133000	0.480000	-5.4170	-5.2930
01/07/19	11:54:25.390	311	1	2.163000	0.480000	-5.5020	-5.3100
01/07/19	11:54:25.598	312	1	2.156000	0.484000	-5.5530	-5.3810
01/07/19	11:54:25.818	313	1	2.156000	0.483000	-5.6040	-5.4460
01/07/19	11:54:26.013	314	1	2.165000	0.485000	-5.6670	-5.4800
01/07/19	11:54:26.178	315	1	2.178000	0.485000	-5.7010	-5.5260
01/07/19	11:54:26.390	316	1	2.194000	0.486000	-5.7460	-5.5850
01/07/19	11:54:26.606	317	1	2.194000	0.493000	-5.8110	-5.6330
01/07/19	11:54:26.814	318	1	2.206000	0.493000	-5.8510	-5.6960
01/07/19	11:54:26.984	319	1	2.219000	0.493000	-5.8960	-5.7210
01/07/19	11:54:27.193	320	1	2.231000	0.496000	-5.9560	-5.7780
01/07/19	11:54:27.405	321	1	2.231000	0.500000	-5.9980	-5.8430
01/07/19	11:54:27.617	322	1	2.239000	0.503000	-6.0470	-5.8830
01/07/19	11:54:27.776	323	1	2.258000	0.503000	-6.1090	-5.9220
01/07/19	11:54:27.984	324	1	2.264000	0.505000	-6.1540	-5.9850
01/07/19	11:54:28.193	325	1	2.264000	0.508000	-6.2110	-6.0410
01/07/19	11:54:28.402	326	1	2.274000	0.510000	-6.2510	-6.0920
01/07/19	11:54:28.618	327	1	2.294000	0.510000	-6.3100	-6.1520
01/07/19	11:54:28.779	328	1	2.300000	0.513000	-6.3470	-6.1860
01/07/19	11:54:28.992	329	1	2.300000	0.518000	-6.4230	-6.2430
01/07/19	11:54:29.204	330	1	2.316000	0.516000	-6.4690	-6.2990
01/07/19	11:54:29.417	331	1	2.321000	0.516000	-6.5230	-6.3560
01/07/19	11:54:29.585	332	1	2.331000	0.519000	-6.5590	-6.3900
01/07/19	11:54:29.798	333	1	2.331000	0.524000	-6.6280	-6.4670
01/07/19	11:54:30.005	334	1	2.347000	0.523000	-6.6760	-6.5120
01/07/19	11:54:30.215	335	1	2.358000	0.523000	-6.7210	-6.5520
01/07/19	11:54:30.426	336	1	2.366000	0.527000	-6.7980	-6.6080
01/07/19	11:54:30.579	337	1	2.366000	0.528000	-6.8150	-6.6510
01/07/19	11:54:30.787	338	1	2.367000	0.533000	-6.8680	-6.6930
01/07/19	11:54:31.012	339	1	2.394000	0.533000	-6.9310	-6.7530
01/07/19	11:54:31.211	340	1	2.401000	0.535000	-6.9790	-6.8070
01/07/19	11:54:31.377	341	1	2.401000	0.538000	-7.0380	-6.8490
01/07/19	11:54:31.591	342	1	2.412000	0.539000	-7.0870	-6.9170
01/07/19	11:54:31.804	343	1	2.423000	0.539000	-7.1350	-6.9680
01/07/19	11:54:32.015	344	1	2.436000	0.541000	-7.1800	-7.0220
01/07/19	11:54:32.182	345	1	2.436000	0.546000	-7.2400	-7.0500
01/07/19	11:54:32.396	346	1	2.445000	0.547000	-7.2790	-7.0960
01/07/19	11:54:32.610	347	1	2.464000	0.547000	-7.3560	-7.1750
01/07/19	11:54:32.821	348	1	2.461000	0.551000	-7.4100	-7.2350
01/07/19	11:54:32.979	349	1	2.461000	0.551000	-7.4290	-7.2690
01/07/19	11:54:33.187	350	1	2.469000	0.557000	-7.4750	-7.3310
01/07/19	11:54:33.396	351	1	2.502000	0.557000	-7.5340	-7.3680
01/07/19	11:54:33.611	352	1	2.508000	0.560000	-7.5660	-7.4360
01/07/19	11:54:33.780	353	1	2.508000	0.565000	-7.6390	-7.4610
01/07/19	11:54:33.986	354	1	2.524000	0.564000	-7.6760	-7.5210
01/07/19	11:54:34.194	355	1	2.537000	0.564000	-7.7550	-7.5630
01/07/19	11:54:34.402	356	1	2.535000	0.568000	-7.7950	-7.6430
01/07/19	11:54:34.610	357	1	2.535000	0.570000	-7.8350	-7.6770
01/07/19	11:54:34.782	358	1	2.549000	0.573000	-7.9030	-7.7160
01/07/19	11:54:34.991	359	1	2.562000	0.573000	-7.9540	-7.7790
01/07/19	11:54:35.203	360	1	2.572000	0.572000	-7.9960	-7.8210
01/07/19	11:54:35.415	361	1	2.572000	0.578000	-8.0500	-7.8890
01/07/19	11:54:35.582	362	1	2.586000	0.580000	-8.0930	-7.9030
01/07/19	11:54:35.792	363	1	2.604000	0.580000	-8.1750	-7.9740
01/07/19	11:54:36.002	364	1	2.602000	0.583000	-8.2000	-8.0360
01/07/19	11:54:36.203	365	1	2.602000	0.586000	-8.2480	-8.0850
01/07/19	11:54:36.409	366	1	2.621000	0.588000	-8.3020	-8.1410
01/07/19	11:54:36.576	367	1	2.635000	0.588000	-8.3390	-8.1580
01/07/19	11:54:36.789	368	1	2.652000	0.590000	-8.3990	-8.2490
01/07/19	11:54:36.997	369	1	2.652000	0.595000	-8.4580	-8.2720
01/07/19	11:54:37.204	370	1	2.658000	0.595000	-8.5060	-8.3400
01/07/19	11:54:37.417	371	1	2.671000	0.595000	-8.5600	-8.3940
01/07/19	11:54:37.586	372	1	2.677000	0.598000	-8.6280	-8.4280
01/07/19	11:54:37.799	373	1	2.677000	0.598000	-8.6540	-8.4870
01/07/19	11:54:38.006	374	1	2.696000	0.598000	-8.7100	-8.5470
01/07/19	11:54:38.218	375	1	2.705000	0.603000	-8.7730	-8.6000
01/07/19	11:54:38.377	376	1	2.705000	0.605000	-8.8150	-8.6320
01/07/19	11:54:38.588	377	1	2.709000	0.608000	-8.8460	-8.6910
01/07/19	11:54:38.798	378	1	2.737000	0.608000	-8.9230	-8.7280
01/07/19	11:54:39.010	379	1	2.738000	0.613000	-8.9680	-8.7700
01/07/19	11:54:39.175	380	1	2.738000	0.614000	-7.9740	-6.6110
01/07/19	11:54:39.386	381	1	2.747000	0.748000	-6.4400	-5.2540
01/07/19	11:54:39.593	382	1	3.824000	0.748000	-5.8540	-4.7180
01/07/19	11:54:39.801	383	1	4.133000	0.947000	-5.6410	-4.5340
01/07/19	11:54:40.016	384	1	4.133000	1.064000	-5.6210	-4.5250
01/07/19	11:54:40.182	385	1	4.286000	1.074000	-5.6810	-4.6050
01/07/19	11:54:40.388	386	1	4.355000	1.074000	-5.7860	-4.6980
01/07/19	11:54:40.588	387	1	4.364000	1.075000	-5.9360	-4.7970
01/07/19	11:54:40.797	388	1	4.364000	1.061000	-6.0750	-4.9500
01/07/19	11:54:41.004	389	1	4.351000	1.050000	-6.2190	-5.0550
01/07/19	11:54:41.211	390	1	4.304000	1.050000	-6.3890	-5.2060
01/07/19	11:54:41.377	391	1	4.272000	1.042000	-6.4860	-5.2930
01/07/19	11:54:41.590	392	1	4.272000	1.025000	-6.6280	-5.4210
01/07/19	11:54:41.801	393	1	4.267000	1.015000	-6.7490	-5.5260
01/07/19	11:54:42.007	394	1	4.220000	1.015000	-6.8680	-5.6360
01/07/19	11:54:42.181	395	1	4.207000	1.008000	-6.9960	-5.7040
01/07/19	11:54:42.398	396	1	4.207000	0.994000	-7.1090	-5.8200
01/07/19	11:54:42.609	397	1	4.186000	0.989000	-7.2280	-5.9220
01/07/19	11:54:42.817	398	1	4.150000	0.989000	-7.3130	-6.0100
01/07/19	11:54:42.978	399	1	4.148000	0.982000	-7.3900	-6.0640
01/07/19	11:54:43.192	400	1	4.148000	0.978000	-7.4890	-6.1440
01/07/19	11:54:43.401	401	1	4.148000	0.974000	-7.5800	-6.2310
01/07/19	11:54:43.610	402	1	4.131000	0.974000	-7.6960	-6.2940
01/07/19	11:54:43.776	403	1	4.113000	0.971000	-7.7670	-6.3820
01/07/19	11:54:43.990	404	1	4.113000	0.965000	-7.8550	-6.4500
01/07/19	11:54:44.197	405	1	4.116000	0.962000	-7.9480	-6.5290
01/07/19	11:54:44.411	406	1	4.101000	0.962000	-7.9930	-6.5770
01/07/19	11:54:44.582	407	1	4.114000	0.959000	-8.0760	-6.6560
01/07/19	11:54:44.797	408	1	4.114000	0.959000	-8.1460	-6.7160
01/07/19	11:54:45.000	409	1	4.109000	0.959000	-8.2230	-6.8040
01/07/19	11:54:45.211	410	1	4.110000	0.959000	-8.3220	-6.8600
01/07/19	11:54:45.376	411	1	4.101000	0.958000	-8.3930	-6.9230
01/07/19	11:54:45.599	412	1	4.101000	0.953000	-8.4500	-6.9960
01/07/19	11:54:45.803	413	1	4.101000	0.954000	-8.5490	-7.0500
01/07/19	11:54:46.005	414	1	4.095000	0.954000	-8.6170	-7.1130
01/07/19	11:54:46.176	415	1	4.097000	0.950000	-8.6680	-7.1670
01/07/19	11:54:46.389	416	1	4.097000	0.952000	-8.7270	-7.2320
01/07/19	11:54:46.600	417	1	4.107000	0.953000	-8.8210	-7.3030
01/07/19	11:54:46.809	418	1	4.104000	0.953000	-8.8460	-7.3450
01/07/19	11:54:47.019	419	1	4.123000	0.950000	-8.9650	-7.4360
01/07/19	11:54:47.184	420	1	4.123000	0.948000	-9.0310	-7.4730
01/07/19	11:54:47.397	421	1	4.103000	0.948000	-9.0500	-7.5520
01/07/19	11:54:47.609	422	1	4.126000	0.948000	-9.1270	-7.6170
01/07/19	11:54:47.821	423	1	4.127000	0.954000	-9.2010	-7.6710
01/07/19	11:54:47.979	424	1	4.127000	0.952000	-9.2830	-7.7220
01/07/19	11:54:48.192	425	1	4.125000	0.950000	-9.3560	-7.7840
01/07/19	11:54:48.401	426	1	4.118000	0.950000	-9.4100	-7.8380
01/07/19	11:54:48.603	427	1	4.127000	0.949000	-9.4590	-7.8950
01/07/19	11:54:48.815	428	1	4.127000	0.953000	-9.5590	-7.9680
01/07/19	11:54:48.977	429	1	4.137000	0.949000	-9.6050	-8.0190
01/07/19	11:54:49.189	430	1	4.136000	0.949000	-9.6570	-8.0680
01/07/19	11:54:49.396	431	1	4.142000	0.952000	-9.7260	-8.1070
01/07/19	11:54:49.606	432	1	4.142000	0.953000	-9.7900	-8.1870
01/07/19	11:54:49.817	433	1	4.143000	0.953000	-9.8640	-8.2600
01/07/19	11:54:49.982	434	1	4.147000	0.953000	-9.9280	-8.2970
01/07/19	11:54:50.195	435	1	4.150000	0.953000	-9.9710	-8.3510
01/07/19	11:54:50.400	436	1	4.150000	0.956000	-10.0280	-8.4220
01/07/19	11:54:50.610	437	1	4.162000	0.957000	-10.1120	-8.4790
01/07/19	11:54:50.778	438	1	4.161000	0.957000	-10.1610	-8.5350
01/07/19	11:54:50.982	439	1	4.170000	0.955000	-10.2240	-8.5810
01/07/19	11:54:51.190	440	1	4.170000	0.958000	-10.2700	-8.6570
01/07/19	11:54:51.397	441	1	4.176000	0.960000	-10.3450	-8.7140
01/07/19	11:54:51.604	442	1	4.181000	0.960000	-10.4000	-8.7730
01/07/19	11:54:51.818	443	1	4.191000	0.959000	-10.4920	-8.8470
01/07/19	11:54:51.980	444	1	4.191000	0.957000	-10.5230	-8.9150
01/07/19	11:54:52.188	445	1	4.180000	0.962000	-10.5980	-8.9570
01/07/19	11:54:52.394	446	1	4.195000	0.962000	-10.6850	-9.0340
01/07/19	11:54:52.609	447	1	4.188000	0.961000	-10.7450	-9.0910
01/07/19	11:54:52.819	448	1	4.188000	0.959000	-10.8050	-9.1530
01/07/19	11:54:52.983	449	1	4.193000	0.960000	-10.8430	-9.2240
01/07/19	11:54:53.196	450	1	4.211000	0.960000	-10.9150	-9.2780
01/07/19	11:54:53.408	451	1	4.210000	0.964000	-10.9720	-9.3490
01/07/19	11:54:53.621	452	1	4.216000	0.964000	-11.0560	-9.4170
01/07/19	11:54:53.779	453	1	4.216000	0.962000	-11.1050	-9.4650
01/07/19	11:54:53.990	454	1	4.218000	0.962000	-11.1650	-9.5340
01/07/19	11:54:54.205	455	1	4.223000	0.964000	-11.2400	-9.6150
01/07/19	11:54:54.378	456	1	4.223000	0.964000	-11.3180	-9.6690
01/07/19	11:54:54.593	457	1	4.222000	0.963000	-11.3690	-9.7410
01/07/19	11:54:54.805	458	1	4.226000	0.963000	-11.4180	-9.8220
01/07/19	11:54:55.016	459	1	4.234000	0.965000	-11.5190	-9.9000
01/07/19	11:54:55.183	460	1	4.234000	0.962000	-11.5680	-9.9540
01/07/19	11:54:55.389	461	1	4.220000	0.965000	-11.6200	-10.0460
01/07/19	11:54:55.599	462	1	4.237000	0.965000	-11.7150	-10.1240
01/07/19	11:54:55.811	463	1	4.226000	0.966000	-11.7900	-10.1790
01/07/19	11:54:55.980	464	1	4.226000	0.962000	-11.8240	-10.2590
01/07/19	11:54:56.203	465	1	4.225000	0.966000	-11.9080	-10.3540
01/07/19	11:54:56.401	466	1	4.232000	0.966000	-11.9710	-10.4380
01/07/19	11:54:56.607	467	1	4.236000	0.964000	-12.0630	-10.5040
01/07/19	11:54:56.781	468	1	4.236000	0.961000	-12.1180	-10.5440
01/07/19	11:54:56.987	469	1	4.226000	0.962000	-12.1900	-10.6650
01/07/19	11:54:57.202	470	1	4.230000	0.962000	-12.2840	-10.7540
01/07/19	11:54:57.417	471	1	4.219000	0.962000	-12.3480	-10.8410
01/07/19	11:54:57.583	472	1	4.219000	0.958000	-12.4140	-10.9040
01/07/19	11:54:57.796	473	1	4.223000	0.959000	-12.4860	-10.9990
01/07/19	11:54:58.007	474	1	4.220000	0.959000	-12.5660	-11.0680
01/07/19	11:54:58.216	475	1	4.216000	0.957000	-12.6410	-11.1940
01/07/19	11:54:58.376	476	1	4.216000	0.955000	-12.7070	-11.2260
01/07/19	11:54:58.583	477	1	4.213000	0.956000	-12.7820	-11.3440
01/07/19	11:54:58.795	478	1	4.211000	0.956000	-12.8660	-11.4620
01/07/19	11:54:59.000	479	1	4.205000	0.954000	-12.9460	-11.5540
01/07/19	11:54:59.207	480	1	4.205000	0.951000	-13.0610	-11.6520
01/07/19	11:54:59.380	481	1	4.203000	0.944000	-13.0960	-11.7100
01/07/19	11:54:59.590	482	1	4.193000	0.944000	-13.1850	-11.8390
01/07/19	11:54:59.802	483	1	4.187000	0.948000	-13.2570	-11.9280
01/07/19	11:55:00.013	484	1	4.187000	0.945000	-13.3690	-12.0380
01/07/19	11:55:00.184	485	1	4.185000	0.939000	-13.4380	-12.1440
01/07/19	11:55:00.397	486	1	4.166000	0.939000	-13.5390	-12.2530
01/07/19	11:55:00.610	487	1	4.154000	0.939000	-13.6250	-12.3740
01/07/19	11:55:00.821	488	1	4.144000	0.932000	-13.7150	-12.4810
01/07/19	11:55:00.979	489	1	4.144000	0.929000	-13.7890	-12.6020
01/07/19	11:55:01.186	490	1	4.132000	0.929000	-13.8760	-12.6940
01/07/19	11:55:01.396	491	1	4.123000	0.928000	-13.9590	-12.8350
01/07/19	11:55:01.605	492	1	4.123000	0.924000	-14.0830	-12.9700
01/07/19	11:55:01.778	493	1	4.118000	0.916000	-14.1660	-13.0740
01/07/19	11:55:01.988	494	1	4.085000	0.916000	-14.2840	-13.2120
01/07/19	11:55:02.202	495	1	4.065000	0.914000	-14.3790	-13.3670
01/07/19	11:55:02.417	496	1	4.065000	0.905000	-14.5030	-13.4970
01/07/19	11:55:02.584	497	1	4.051000	0.898000	-14.5690	-13.6150
01/07/19	11:55:02.797	498	1	4.027000	0.898000	-14.7050	-13.7870
01/07/19	11:55:03.009	499	1	3.999000	0.898000	-14.8510	-13.9740
01/07/19	11:55:03.215	500	1	3.999000	0.879000	-14.9720	-14.1470
01/07/19	11:55:03.375	501	1	3.964000	0.872000	-15.0670	-14.2730
01/07/19	11:55:03.583	502	1	3.930000	0.872000	-15.2230	-14.4860
01/07/19	11:55:03.793	503	1	3.890000	0.869000	-15.3660	-14.7200
01/07/19	11:55:04.018	504	1	3.890000	0.848000	-15.5480	-14.9270
01/07/19	11:55:04.217	505	1	3.858000	0.834000	-15.6710	-15.1370
01/07/19	11:55:04.376	506	1	3.786000	0.834000	-15.7950	-15.2580
01/07/19	11:55:04.589	507	1	3.760000	0.827000	-15.9330	-15.4730
01/07/19	11:55:04.799	508	1	3.760000	0.811000	-16.0400	-15.6140
01/07/19	11:55:05.009	509	1	3.727000	0.806000	-16.1380	-15.7320
01/07/19	11:55:05.216	510	1	3.694000	0.802000	-16.2410	-15.8790
01/07/19	11:55:05.389	511	1	3.673000	0.802000	-16.2900	-15.9450
01/07/19	11:55:05.598	512	1	3.673000	0.799000	-16.3820	-16.0490
01/07/19	11:55:05.809	513	1	3.676000	0.796000	-16.4550	-16.1210
01/07/19	11:55:06.014	514	1	3.660000	0.796000	-16.5050	-16.2160
01/07/19	11:55:06.174	515	1	3.663000	0.795000	-16.5400	-16.2680
01/07/19	11:55:06.386	516	1	3.663000	0.801000	-16.5750	-16.3450
01/07/19	11:55:06.595	517	1	3.674000	0.805000	-16.6220	-16.4170
01/07/19	11:55:06.820	518	1	3.695000	0.808000	-16.6570	-16.4410
01/07/19	11:55:06.977	519	1	3.709000	0.808000	-16.6950	-16.4880
01/07/19	11:55:07.188	520	1	3.709000	0.816000	-16.7190	-16.5440
01/07/19	11:55:07.395	521	1	3.719000	0.821000	-16.7510	-16.5820
01/07/19	11:55:07.609	522	1	3.747000	0.821000	-16.7950	-16.6110
01/07/19	11:55:07.820	523	1	3.757000	0.825000	-16.7950	-16.6460
01/07/19	11:55:07.984	524	1	3.757000	0.836000	-16.8270	-16.6580
01/07/19	11:55:08.198	525	1	3.786000	0.840000	-16.8630	-16.7140
01/07/19	11:55:08.403	526	1	3.813000	0.840000	-16.8740	-16.7490
01/07/19	11:55:08.612	527	1	3.835000	0.844000	-16.9240	-16.7550
01/07/19	11:55:08.777	528	1	3.835000	0.853000	-16.9040	-16.8050
01/07/19	11:55:08.984	529	1	3.843000	0.864000	-16.9480	-16.8130
01/07/19	11:55:09.196	530	1	3.890000	0.864000	-16.9540	-16.8510
01/07/19	11:55:09.404	531	1	3.916000	0.867000	-16.9860	-16.8870
01/07/19	11:55:09.611	532	1	3.916000	0.879000	-17.0180	-16.9190
01/07/19	11:55:09.777	533	1	3.933000	0.883000	-17.0420	-16.9220
01/07/19	11:55:09.985	534	1	3.967000	0.883000	-17.0590	-16.9510
01/07/19	11:55:10.198	535	1	3.989000	0.889000	-17.0680	-16.9980
01/07/19	11:55:10.405	536	1	3.989000	0.902000	-17.1410	-17.0130
01/07/19	11:55:10.621	537	1	4.014000	0.902000	-17.1410	-17.0510
01/07/19	11:55:10.782	538	1	4.033000	0.902000	-17.1850	-17.0800
01/07/19	11:55:10.988	539	1	4.052000	0.910000	-17.2090	-17.0920
01/07/19	11:55:11.191	540	1	4.052000	0.917000	-17.2260	-17.1330
01/07/19	11:55:11.397	541	1	4.070000	0.924000	-17.2590	-17.1620
01/07/19	11:55:11.605	542	1	4.109000	0.924000	-17.3050	-17.1920
01/07/19	11:55:11.812	543	1	4.120000	0.928000	-17.3320	-17.2390
01/07/19	11:55:11.977	544	1	4.120000	0.935000	-17.3670	-17.2560
01/07/19	11:55:12.192	545	1	4.138000	0.939000	-17.3960	-17.3060
01/07/19	11:55:12.398	546	1	4.168000	0.939000	-17.4430	-17.3210
01/07/19	11:55:12.611	547	1	4.181000	0.944000	-17.4930	-17.3770
01/07/19	11:55:12.784	548	1	4.181000	0.949000	-17.5050	-17.3880
01/07/19	11:55:12.997	549	1	4.191000	0.956000	-17.5670	-17.4350
01/07/19	11:55:13.202	550	1	4.217000	0.956000	-17.5930	-17.4620
01/07/19	11:55:13.415	551	1	4.238000	0.956000	-17.6220	-17.5110
01/07/19	11:55:13.581	552	1	4.238000	0.966000	-17.6690	-17.5550
01/07/19	11:55:13.785	553	1	4.253000	0.969000	-17.6900	-17.5850
01/07/19	11:55:13.992	554	1	4.285000	0.969000	-17.7370	-17.6170
01/07/19	11:55:14.199	555	1	4.295000	0.974000	-17.7750	-17.6610
01/07/19	11:55:14.406	556	1	4.295000	0.980000	-17.8130	-17.7200
01/07/19	11:55:14.621	557	1	4.310000	0.984000	-17.8450	-17.7520
01/07/19	11:55:14.781	558	1	4.333000	0.984000	-17.9270	-17.7990
01/07/19	11:55:14.994	559	1	4.335000	0.988000	-17.9510	-17.8160
01/07/19	11:55:15.202	560	1	4.335000	0.991000	-17.9830	-17.8810
01/07/19	11:55:15.410	561	1	4.353000	0.996000	-18.0180	-17.9130
01/07/19	11:55:15.583	562	1	4.385000	0.996000	-18.0650	-17.9430
01/07/19	11:55:15.796	563	1	4.396000	1.000000	-18.1180	-17.9870
01/07/19	11:55:16.001	564	1	4.396000	1.005000	-18.1680	-18.0250
01/07/19	11:55:16.213	565	1	4.405000	1.006000	-18.2030	-18.0920
01/07/19	11:55:16.377	566	1	4.426000	1.006000	-18.2410	-18.1100
01/07/19	11:55:16.597	567	1	4.438000	1.010000	-18.2850	-18.1740
01/07/19	11:55:16.797	568	1	4.438000	1.016000	-18.3200	-18.2210
01/07/19	11:55:17.018	569	1	4.453000	1.020000	-18.3640	-18.2510
01/07/19	11:55:17.213	570	1	4.474000	1.023000	-18.4260	-18.3180
01/07/19	11:55:17.381	571	1	4.483000	1.023000	-18.4460	-18.3390
01/07/19	11:55:17.592	572	1	4.483000	1.030000	-18.5050	-18.3880
01/07/19	11:55:17.799	573	1	4.504000	1.030000	-18.5290	-18.4320
01/07/19	11:55:18.012	574	1	4.526000	1.030000	-18.6020	-18.4880
01/07/19	11:55:18.187	575	1	4.526000	1.036000	-18.6370	-18.5320
01/07/19	11:55:18.399	576	1	4.526000	1.038000	-18.6810	-18.5670
01/07/19	11:55:18.604	577	1	4.542000	1.042000	-18.7570	-18.6020
01/07/19	11:55:18.817	578	1	4.551000	1.041000	-18.7930	-18.6520
01/07/19	11:55:18.976	579	1	4.566000	1.041000	-18.8070	-18.6960
01/07/19	11:55:19.186	580	1	4.566000	1.052000	-18.8570	-18.7400
01/07/19	11:55:19.392	581	1	4.591000	1.053000	-18.8980	-18.7960
01/07/19	11:55:19.600	582	1	4.611000	1.053000	-18.9570	-18.8490
01/07/19	11:55:19.807	583	1	4.618000	1.056000	-19.0240	-18.8810
01/07/19	11:55:19.980	584	1	4.618000	1.058000	-19.0420	-18.9190
01/07/19	11:55:20.187	585	1	4.620000	1.063000	-19.0800	-18.9660
01/07/19	11:55:20.401	586	1	4.654000	1.063000	-19.1270	-19.0280
01/07/19	11:55:20.611	587	1	4.664000	1.068000	-19.1860	-19.0660
01/07/19	11:55:20.783	588	1	4.664000	1.071000	-19.2350	-19.1040
01/07/19	11:55:20.992	589	1	4.669000	1.072000	-19.2790	-19.1450
01/07/19	11:55:21.203	590	1	4.688000	1.072000	-19.3120	-19.1980
01/07/19	11:55:21.412	591	1	4.702000	1.075000	-19.3700	-19.2540
01/07/19	11:55:21.580	592	1	4.702000	1.081000	-19.4080	-19.2800
01/07/19	11:55:21.785	593	1	4.713000	1.084000	-19.4670	-19.3210
01/07/19	11:55:21.992	594	1	4.728000	1.084000	-19.5110	-19.3770
01/07/19	11:55:22.199	595	1	4.740000	1.085000	-19.5430	-19.4350
01/07/19	11:55:22.419	596	1	4.756000	1.092000	-19.6020	-19.4760
01/07/19	11:55:22.577	597	1	4.756000	1.093000	-19.6250	-19.4910
01/07/19	11:55:22.791	598	1	4.779000	1.093000	-19.7050	-19.5530
01/07/19	11:55:23.002	599	1	4.778000	1.099000	-19.7220	-19.5970
01/07/19	11:55:23.215	600	1	4.799000	1.104000	-19.7810	-19.6670
01/07/19	11:55:23.383	601	1	4.799000	1.104000	-19.8190	-19.7020
01/07/19	11:55:23.596	602	1	4.818000	1.104000	-19.8920	-19.7430
01/07/19	11:55:23.810	603	1	4.818000	1.108000	-19.9280	-19.7840
01/07/19	11:55:24.023	604	1	4.834000	1.111000	-19.9630	-19.8310
01/07/19	11:55:24.177	605	1	4.834000	1.115000	-20.0040	-19.9080
01/07/19	11:55:24.388	606	1	4.857000	1.115000	-20.0650	-19.9370
01/07/19	11:55:24.598	607	1	4.864000	1.118000	-20.0950	-19.9780
01/07/19	11:55:24.811	608	1	4.864000	1.124000	-20.1420	-20.0130
01/07/19	11:55:24.978	609	1	4.882000	1.126000	-20.1940	-20.0540
01/07/19	11:55:25.187	610	1	4.896000	1.126000	-20.2270	-20.1160
01/07/19	11:55:25.398	611	1	1.243000	-0.021000	-20.1940	-20.0570
01/07/19	11:55:25.605	612	1	1.243000	-0.021000	-19.9630	-19.8280
01/07/19	11:55:25.819	613	1	1.143000	-0.022000	-19.6280	-19.5350
01/07/19	11:55:25.984	614	1	1.069000	-0.022000	-19.3530	-19.3010
01/07/19	11:55:26.195	615	1	1.012000	-0.022000	-18.9600	-18.9370
01/07/19	11:55:26.406	616	1	1.012000	-0.022000	-18.5430	-18.6050
01/07/19	11:55:26.618	617	1	0.965000	-0.022000	-18.1500	-18.2240
01/07/19	11:55:26.777	618	1	0.926000	-0.022000	-17.8480	-17.9540
01/07/19	11:55:26.984	619	1	0.891000	-0.022000	-17.4490	-17.5880
01/07/19	11:55:27.190	620	1	0.891000	-0.022000	-17.0390	-17.2210
01/07/19	11:55:27.398	621	1	0.860000	-0.025000	-16.6250	-16.8340
01/07/19	11:55:27.605	622	1	0.845000	-0.025000	-16.2380	-16.4470
01/07/19	11:55:27.812	623	1	0.819000	-0.025000	-15.8500	-16.0950
01/07/19	11:55:27.979	624	1	0.819000	-0.025000	-15.5680	-15.8040
01/07/19	11:55:28.190	625	1	0.795000	-0.025000	-15.1650	-15.4220
01/07/19	11:55:28.398	626	1	0.772000	-0.025000	-14.8000	-15.0560
01/07/19	11:55:28.604	627	1	0.751000	-0.025000	-14.4340	-14.6990
01/07/19	11:55:28.818	628	1	0.730000	-0.025000	-14.0170	-14.3340
01/07/19	11:55:28.983	629	1	0.730000	-0.025000	-13.7690	-14.0630
01/07/19	11:55:29.197	630	1	0.710000	-0.025000	-13.3980	-13.7090
01/07/19	11:55:29.405	631	1	0.691000	-0.025000	-13.0530	-13.3440
01/07/19	11:55:29.618	632	1	0.674000	-0.025000	-12.6870	-12.9990
01/07/19	11:55:29.777	633	1	0.674000	-0.025000	-12.4080	-12.7280
01/07/19	11:55:29.985	634	1	0.656000	-0.025000	-12.0460	-12.3690
01/07/19	11:55:30.194	635	1	0.640000	-0.025000	-11.7320	-12.0490
01/07/19	11:55:30.405	636	1	0.640000	-0.025000	-11.3950	-11.7100
01/07/19	11:55:30.614	637	1	0.624000	-0.025000	-11.0790	-11.3900
01/07/19	11:55:30.779	638	1	0.608000	-0.025000	-10.8310	-11.1370
01/07/19	11:55:30.988	639	1	0.593000	-0.025000	-10.5000	-10.8030
01/07/19	11:55:31.195	640	1	0.593000	-0.025000	-10.1920	-10.5040
01/07/19	11:55:31.408	641	1	0.578000	-0.025000	-9.9160	-10.1790
01/07/19	11:55:31.582	642	1	0.564000	-0.025000	-9.6430	-9.9740
01/07/19	11:55:31.795	643	1	0.550000	-0.025000	-9.3650	-9.6660
01/07/19	11:55:32.007	644	1	0.550000	-0.025000	-9.0620	-9.3850
01/07/19	11:55:32.219	645	1	0.537000	-0.025000	-8.8100	-9.0790
01/07/19	11:55:32.377	646	1	0.524000	-0.025000	-8.5860	-8.8610
01/07/19	11:55:32.588	647	1	0.511000	-0.025000	-8.3140	-8.5920
01/07/19	11:55:32.796	648	1	0.511000	-0.025000	-8.0610	-8.3140
01/07/19	11:55:33.011	649	1	0.499000	-0.025000	-7.7950	-8.0680
01/07/19	11:55:33.220	650	1	0.488000	-0.025000	-7.5370	-7.7560
01/07/19	11:55:33.382	651	1	0.475000	-0.025000	-7.3560	-7.6200
01/07/19	11:55:33.588	652	1	0.475000	-0.025000	-7.1230	-7.3650
01/07/19	11:55:33.801	653	1	0.465000	-0.025000	-6.8660	-7.1270
01/07/19	11:55:34.006	654	1	0.453000	-0.025000	-6.6470	-6.9000
01/07/19	11:55:34.220	655	1	0.443000	-0.025000	-6.3950	-6.6510
01/07/19	11:55:34.385	656	1	0.443000	-0.025000	-6.2310	-6.4750
01/07/19	11:55:34.594	657	1	0.432000	-0.025000	-6.0270	-6.2650
01/07/19	11:55:34.804	658	1	0.422000	-0.025000	-5.8110	-6.0530
01/07/19	11:55:35.012	659	1	0.412000	-0.025000	-5.6100	-5.8290
01/07/19	11:55:35.218	660	1	0.403000	-0.025000	-5.3720	-5.6160
01/07/19	11:55:35.377	661	1	0.403000	-0.025000	-5.2250	-5.4520
01/07/19	11:55:35.584	662	1	0.393000	-0.025000	-5.0430	-5.2590
01/07/19	11:55:35.796	663	1	0.384000	-0.025000	-4.8370	-5.0640
01/07/19	11:55:36.002	664	1	0.384000	-0.025000	-4.6440	-4.8480
01/07/19	11:55:36.210	665	1	0.375000	-0.025000	-4.4620	-4.6560
01/07/19	11:55:36.376	666	1	0.367000	-0.025000	-4.3040	-4.5230
01/07/19	11:55:36.591	667	1	0.358000	-0.025000	-4.1390	-4.3440
01/07/19	11:55:36.801	668	1	0.358000	-0.025000	-3.9840	-4.1600
01/07/19	11:55:37.009	669	1	0.350000	-0.025000	-3.7820	-3.9760
01/07/19	11:55:37.221	670	1	0.342000	-0.025000	-3.6210	-3.8080
01/07/19	11:55:37.382	671	1	0.334000	-0.025000	-3.4990	-3.6780
01/07/19	11:55:37.589	672	1	0.334000	-0.025000	-3.3180	-3.5530
01/07/19	11:55:37.797	673	1	0.326000	-0.025000	-3.1650	-3.3610
01/07/19	11:55:38.007	674	1	0.318000	-0.025000	-3.0310	-3.2330
01/07/19	11:55:38.217	675	1	0.310000	-0.025000	-2.8700	-3.0380
01/07/19	11:55:38.377	676	1	0.310000	-0.026000	-2.7390	-2.9360
01/07/19	11:55:38.590	677	1	0.302000	-0.026000	-2.5860	-2.7740
01/07/19	11:55:38.797	678	1	0.296000	-0.026000	-2.4660	-2.6240
01/07/19	11:55:39.005	679	1	0.289000	-0.026000	-2.3320	-2.4970
01/07/19	11:55:39.212	680	1	0.289000	-0.025000	-2.1970	-2.3520
01/07/19	11:55:39.383	681	1	0.283000	-0.025000	-2.0710	-2.2540
01/07/19	11:55:39.591	682	1	0.276000	-0.025000	-1.9420	-2.1300
01/07/19	11:55:39.804	683	1	0.270000	-0.025000	-1.8130	-1.9960
01/07/19	11:55:40.015	684	1	0.270000	-0.026000	-1.7180	-1.8780
01/07/19	11:55:40.226	685	1	0.263000	-0.025000	-1.5720	-1.7580
01/07/19	11:55:40.381	686	1	0.258000	-0.025000	-1.4830	-1.6460
01/07/19	11:55:40.593	687	1	0.252000	-0.025000	-1.3620	-1.5170
01/07/19	11:55:40.805	688	1	0.252000	-0.025000	-1.2580	-1.4100
01/07/19	11:55:41.015	689	1	0.247000	-0.025000	-1.1290	-1.3210
01/07/19	11:55:41.174	690	1	0.242000	-0.025000	-1.0620	-1.1970
01/07/19	11:55:41.383	691	1	0.237000	-0.026000	-0.9500	-1.1080
01/07/19	11:55:41.596	692	1	0.237000	-0.025000	-0.8460	-1.0240
01/07/19	11:55:41.809	693	1	0.231000	-0.025000	-0.7620	-0.9090
01/07/19	11:55:42.016	694	1	0.227000	-0.025000	-0.6420	-0.8130
01/07/19	11:55:42.183	695	1	0.223000	-0.025000	-0.5970	-0.7600
01/07/19	11:55:42.396	696	1	0.223000	-0.025000	-0.5070	-0.6760
01/07/19	11:55:42.604	697	1	0.218000	-0.025000	-0.4010	-0.5920
01/07/19	11:55:42.814	698	1	0.213000	-0.025000	-0.3140	-0.4910
01/07/19	11:55:42.977	699	1	0.208000	-0.025000	-0.2640	-0.4320
01/07/19	11:55:43.184	700	1	0.208000	-0.025000	-0.1740	-0.3310
01/07/19	11:55:43.393	701	1	0.204000	-0.025000	-0.1180	-0.2950
01/07/19	11:55:43.604	702	1	0.200000	-0.025000	-0.0620	-0.1910
01/07/19	11:55:43.811	703	1	0.195000	-0.025000	0.0190	-0.1380
01/07/19	11:55:43.979	704	1	0.195000	-0.025000	0.0750	-0.0990
01/07/19	11:55:44.185	705	1	0.191000	-0.025000	0.1060	-0.0370
01/07/19	11:55:44.399	706	1	0.188000	-0.025000	0.1820	0.0190
01/07/19	11:55:44.606	707	1	0.185000	-0.025000	0.2130	0.0720
01/07/19	11:55:44.821	708	1	0.185000	-0.025000	0.2720	0.1080
01/07/19	11:55:44.981	709	1	0.181000	-0.025000	0.3160	0.1390
01/07/19	11:55:45.186	710	1	0.179000	-0.025000	0.3330	0.1870
01/07/19	11:55:45.398	711	1	0.175000	-0.025000	0.4090	0.2430
01/07/19	11:55:45.600	712	1	0.175000	-0.025000	0.4230	0.2740
01/07/19	11:55:45.807	713	1	0.173000	-0.026000	0.4980	0.3130
01/07/19	11:55:45.980	714	1	0.170000	-0.026000	0.5150	0.3520
01/07/19	11:55:46.188	715	1	0.167000	-0.025000	0.5570	0.3860
01/07/19	11:55:46.395	716	1	0.167000	-0.025000	0.6080	0.4420
01/07/19	11:55:46.608	717	1	0.164000	-0.025000	0.6640	0.4640
01/07/19	11:55:46.822	718	1	0.161000	-0.025000	0.7170	0.5230
01/07/19	11:55:46.982	719	1	0.158000	-0.025000	0.7480	0.5480
01/07/19	11:55:47.184	720	1	0.158000	-0.025000	0.7560	0.5680
01/07/19	11:55:47.402	721	1	0.155000	-0.026000	0.8180	0.6040
01/07/19	11:55:47.606	722	1	0.151000	-0.026000	0.8680	0.6490
01/07/19	11:55:47.810	723	1	0.149000	-0.025000	0.9080	0.6860
01/07/19	11:55:47.981	724	1	0.149000	-0.025000	0.9240	0.7080
01/07/19	11:55:48.189	725	1	0.146000	-0.025000	0.9520	0.7110
01/07/19	11:55:48.399	726	1	0.142000	-0.025000	1.0060	0.7610
01/07/19	11:55:48.607	727	1	0.139000	-0.025000	1.0170	0.7730
01/07/19	11:55:48.817	728	1	0.139000	-0.025000	1.0790	0.8260
01/07/19	11:55:48.984	729	1	0.136000	-0.025000	1.0900	0.8310
01/07/19	11:55:49.196	730	1	0.134000	-0.025000	1.1370	0.8710
01/07/19	11:55:49.405	731	1	0.131000	-0.025000	1.1570	0.8820
01/07/19	11:55:49.624	732	1	0.131000	-0.026000	1.1790	0.9240
01/07/19	11:55:49.777	733	1	0.128000	-0.025000	1.2020	0.9490
01/07/19	11:55:50.000	734	1	0.126000	-0.025000	1.2520	0.9570
01/07/19	11:55:50.198	735	1	0.123000	-0.025000	1.2630	1.0020
01/07/19	11:55:50.412	736	1	0.123000	-0.025000	1.3000	1.0080
01/07/19	11:55:50.580	737	1	0.120000	-0.026000	1.3190	1.0360
01/07/19	11:55:50.792	738	1	0.118000	-0.026000	1.3500	1.0560
01/07/19	11:55:51.009	739	1	0.115000	-0.025000	1.3950	1.0750
01/07/19	11:55:51.181	740	1	0.115000	-0.025000	1.4180	1.1030
01/07/19	11:55:51.391	741	1	0.113000	-0.025000	1.4320	1.1260
01/07/19	11:55:51.599	742	1	0.110000	-0.025000	1.4650	1.1370
01/07/19	11:55:51.810	743	1	0.107000	-0.025000	1.4960	1.1480
01/07/19	11:55:52.016	744	1	0.107000	-0.025000	1.5020	1.1790
01/07/19	11:55:52.183	745	1	0.105000	-0.026000	1.4960	1.2040
01/07/19	11:55:52.395	746	1	0.103000	-0.026000	1.5410	1.2210
01/07/19	11:55:52.606	747	1	0.101000	-0.025000	1.5580	1.2380
01/07/19	11:55:52.811	748	1	0.101000	-0.025000	1.5690	1.2770
01/07/19	11:55:52.975	749	1	0.099000	-0.025000	1.6110	1.2680
01/07/19	11:55:53.190	750	1	0.097000	-0.025000	1.6190	1.2880
01/07/19	11:55:53.412	751	1	0.095000	-0.026000	1.6360	1.3110
01/07/19	11:55:53.610	752	1	0.095000	-0.026000	1.6890	1.3190
01/07/19	11:55:53.777	753	1	0.093000	-0.026000	1.7010	1.3440
01/07/19	11:55:53.985	754	1	0.091000	-0.026000	1.7060	1.3670
01/07/19	11:55:54.198	755	1	0.089000	-0.025000	1.7480	1.3750
01/07/19	11:55:54.407	756	1	0.089000	-0.026000	1.7480	1.4110
01/07/19	11:55:54.615	757	1	0.087000	-0.025000	1.7960	1.4140
01/07/19	11:55:54.784	758	1	0.085000	-0.025000	1.8100	1.4510
01/07/19	11:55:54.992	759	1	0.083000	-0.026000	1.8150	1.4620
01/07/19	11:55:55.204	760	1	0.083000	-0.025000	1.8320	1.4930
01/07/19	11:55:55.413	761	1	0.081000	-0.026000	1.8690	1.4980
01/07/19	11:55:55.587	762	1	0.079000	-0.026000	1.8910	1.5120
01/07/19	11:55:55.786	763	1	0.077000	-0.025000	1.8880	1.5370
01/07/19	11:55:55.994	764	1	0.077000	-0.026000	1.9140	1.5460
01/07/19	11:55:56.201	765	1	0.075000	-0.025000	1.9610	1.5460
01/07/19	11:55:56.411	766	1	0.074000	-0.025000	1.9640	1.5820
01/07/19	11:55:56.577	767	1	0.072000	-0.025000	2.0090	1.6020
01/07/19	11:55:56.790	768	1	0.072000	-0.025000	2.0000	1.6080
01/07/19	11:55:56.996	769	1	0.070000	-0.025000	2.0260	1.6300
01/07/19	11:55:57.203	770	1	0.069000	-0.025000	2.0370	1.6330
01/07/19	11:55:57.418	771	1	0.067000	-0.025000	2.0790	1.6660
01/07/19	11:55:57.584	772	1	0.067000	-0.025000	2.0760	1.6750
01/07/19	11:55:57.799	773	1	0.066000	-0.025000	2.0930	1.7030
01/07/19	11:55:58.009	774	1	0.064000	-0.025000	2.1210	1.7030
01/07/19	11:55:58.222	775	1	0.063000	-0.025000	2.1490	1.7140
01/07/19	11:55:58.379	776	1	0.063000	-0.025000	2.1430	1.7420
01/07/19	11:55:58.595	777	1	0.062000	-0.025000	2.1690	1.7590
01/07/19	11:55:58.802	778	1	0.060000	-0.025000	2.1970	1.7590
01/07/19	11:55:59.010	779	1	0.058000	-0.025000	2.1990	1.7900
01/07/19	11:55:59.177	780	1	0.058000	-0.025000	2.2250	1.8010
01/07/19	11:55:59.392	781	1	0.057000	-0.025000	2.2270	1.8180
01/07/19	11:55:59.604	782	1	0.055000	-0.025000	2.2640	1.8290
01/07/19	11:55:59.812	783	1	0.054000	-0.026000	2.2580	1.8340
01/07/19	11:55:59.984	784	1	0.054000	-0.026000	2.3000	1.8570
01/07/19	11:56:00.196	785	1	0.052000	-0.025000	2.3060	1.8630
01/07/19	11:56:00.405	786	1	0.052000	-0.025000	2.3200	1.8850
01/07/19	11:56:00.615	787	1	0.050000	-0.025000	2.3450	1.8910
01/07/19	11:56:00.775	788	1	0.050000	-0.025000	2.3480	1.9160
01/07/19	11:56:00.985	789	1	0.049000	-0.025000	2.3670	1.9100
01/07/19	11:56:01.194	790	1	0.047000	-0.025000	2.3760	1.9240
01/07/19	11:56:01.410	791	1	0.047000	-0.026000	2.3900	1.9550
01/07/19	11:56:01.610	792	1	0.047000	-0.025000	2.4180	1.9860
01/07/19	11:56:01.782	793	1	0.045000	-0.025000	2.4430	1.9750
01/07/19	11:56:01.989	794	1	0.044000	-0.025000	2.4630	2.0030
01/07/19	11:56:02.200	795	1	0.043000	-0.026000	2.4770	2.0170
01/07/19	11:56:02.408	796	1	0.043000	-0.025000	2.4910	2.0250
01/07/19	11:56:02.617	797	1	0.042000	-0.026000	2.4820	2.0450
01/07/19	11:56:02.782	798	1	0.041000	-0.026000	2.5100	2.0530
01/07/19	11:56:02.994	799	1	0.039000	-0.026000	2.5300	2.0640
01/07/19	11:56:03.206	800	1	0.039000	-0.025000	2.5410	2.0530
01/07/19	11:56:03.418	801	1	0.038000	-0.025000	2.5380	2.0670
01/07/19	11:56:03.579	802	1	0.038000	-0.025000	2.5690	2.0950
01/07/19	11:56:03.798	803	1	0.036000	-0.026000	2.5920	2.1010
01/07/19	11:56:04.006	804	1	0.036000	-0.026000	2.6030	2.1150
01/07/19	11:56:04.211	805	1	0.035000	-0.025000	2.6340	2.1400
01/07/19	11:56:04.378	806	1	0.034000	-0.025000	2.6200	2.1340
01/07/19	11:56:04.590	807	1	0.033000	-0.025000	2.6530	2.1740
01/07/19	11:56:04.803	808	1	0.033000	-0.025000	2.6530	2.1710
01/07/19	11:56:05.016	809	1	0.033000	-0.026000	2.6900	2.1710
01/07/19	11:56:05.188	810	1	0.031000	-0.026000	2.6780	2.2020
01/07/19	11:56:05.393	811	1	0.030000	-0.025000	2.6950	2.2040
01/07/19	11:56:05.606	812	1	0.030000	-0.025000	2.6950	2.2210
01/07/19	11:56:05.814	813	1	0.029000	-0.026000	2.7340	2.2210
01/07/19	11:56:05.978	814	1	0.029000	-0.026000	2.7120	2.2210
01/07/19	11:56:06.191	815	1	0.027000	-0.025000	2.7400	2.2490
01/07/19	11:56:06.412	816	1	0.027000	-0.025000	2.7680	2.2660
01/07/19	11:56:06.615	817	1	0.026000	-0.026000	2.7740	2.2740
01/07/19	11:56:06.778	818	1	0.025000	-0.026000	2.7930	2.2740
01/07/19	11:56:06.992	819	1	0.024000	-0.026000	2.8020	2.2860
01/07/19	11:56:07.205	820	1	0.024000	-0.026000	2.8160	2.3020
01/07/19	11:56:07.416	821	1	0.024000	-0.026000	2.8270	2.3280
01/07/19	11:56:07.582	822	1	0.023000	-0.026000	2.8380	2.3160
01/07/19	11:56:07.796	823	1	0.022000	-0.025000	2.8470	2.3470
01/07/19	11:56:08.001	824	1	0.022000	-0.025000	2.8580	2.3560
01/07/19	11:56:08.214	825	1	0.021000	-0.025000	2.8800	2.3610
01/07/19	11:56:08.378	826	1	0.020000	-0.025000	2.8800	2.3890
01/07/19	11:56:08.586	827	1	0.019000	-0.026000	2.9080	2.3950
01/07/19	11:56:08.793	828	1	0.019000	-0.025000	2.9000	2.4030
01/07/19	11:56:08.999	829	1	0.018000	-0.025000	2.9220	2.4200
01/07/19	11:56:09.207	830	1	0.018000	-0.025000	2.9560	2.4370
01/07/19	11:56:09.377	831	1	0.017000	-0.025000	2.9470	2.4310
01/07/19	11:56:09.592	832	1	0.017000	-0.025000	2.9700	2.4570
01/07/19	11:56:09.804	833	1	0.016000	-0.025000	2.9640	2.4480
01/07/19	11:56:10.015	834	1	0.015000	-0.025000	2.9700	2.4650
01/07/19	11:56:10.184	835	1	0.014000	-0.026000	2.9920	2.4820
01/07/19	11:56:10.397	836	1	0.014000	-0.026000	3.0290	2.4850
01/07/19	11:56:10.606	837	1	0.014000	-0.026000	3.0200	2.4820
01/07/19	11:56:10.817	838	1	0.013000	-0.026000	3.0180	2.4870
01/07/19	11:56:10.975	839	1	0.012000	-0.025000	3.0460	2.5130
01/07/19	11:56:11.186	840	1	0.012000	-0.025000	3.0540	2.5130
01/07/19	11:56:11.394	841	1	0.011000	-0.026000	3.0650	2.5380
01/07/19	11:56:11.607	842	1	0.011000	-0.026000	3.0880	2.5430
01/07/19	11:56:11.814	843	1	0.010000	-0.026000	3.0740	2.5430
01/07/19	11:56:11.978	844	1	0.010000	-0.026000	3.0710	2.5600
01/07/19	11:56:12.190	845	1	0.009000	-0.026000	3.0990	2.5710
01/07/19	11:56:12.398	846	1	0.009000	-0.026000	3.1180	2.5770
01/07/19	11:56:12.609	847	1	0.009000	-0.026000	3.1320	2.5990
01/07/19	11:56:12.816	848	1	0.009000	-0.026000	3.1320	2.5770
01/07/19	11:56:12.983	849	1	0.008000	-0.025000	3.1380	2.5880
01/07/19	11:56:13.196	850	1	0.006000	-0.025000	3.1660	2.6110
01/07/19	11:56:13.408	851	1	0.005000	-0.025000	3.1630	2.6330
01/07/19	11:56:13.620	852	1	0.005000	-0.026000	3.1630	2.6440
01/07/19	11:56:13.779	853	1	0.005000	-0.026000	3.1800	2.6440
01/07/19	11:56:13.987	854	1	0.005000	-0.026000	3.1880	2.6550
01/07/19	11:56:14.199	855	1	0.003000	-0.025000	3.1830	2.6610
01/07/19	11:56:14.409	856	1	0.003000	-0.026000	3.2140	2.6530
01/07/19	11:56:14.577	857	1	0.003000	-0.026000	3.2330	2.6780
01/07/19	11:56:14.793	858	1	0.003000	-0.026000	3.2190	2.6890
01/07/19	11:56:15.010	859	1	0.002000	-0.025000	3.2250	2.6950
01/07/19	11:56:15.182	860	1	0.002000	-0.025000	3.2580	2.6920
01/07/19	11:56:15.389	861	1	0.001000	-0.026000	3.2500	2.7280
01/07/19	11:56:15.597	862	1	0.001000	-0.026000	3.2530	2.7230
01/07/19	11:56:15.810	863	1	0.000000	-0.024000	3.2720	2.7230
01/07/19	11:56:16.020	864	1	0.000000	-0.019000	3.2670	2.7560
01/07/19	11:56:16.176	865	1	0.000000	-0.015000	3.2810	2.7480
01/07/19	11:56:16.392	866	1	0.000000	-0.015000	3.2750	2.7560
01/07/19	11:56:16.606	867	1	0.000000	-0.008000	3.2980	2.7650
01/07/19	11:56:16.809	868	1	0.000000	-0.006000	3.2890	2.7700
01/07/19	11:56:16.976	869	1	-0.001000	-0.005000	3.2920	2.7700
01/07/19	11:56:17.191	870	1	0.000000	-0.005000	3.3090	2.7760
01/07/19	11:56:17.405	871	1	0.000000	-0.005000	3.3430	2.7650
01/07/19	11:56:17.615	872	1	0.000000	-0.005000	3.3370	2.7820
01/07/19	11:56:17.784	873	1	0.000000	-0.005000	3.3260	2.7980
01/07/19	11:56:17.999	874	1	0.000000	-0.005000	3.3400	2.8180
01/07/19	11:56:18.210	875	1	-0.001000	-0.005000	3.3430	2.7960
01/07/19	11:56:18.417	876	1	-0.001000	-0.004000	3.3650	2.8100
01/07/19	11:56:18.576	877	1	0.000000	-0.004000	3.3680	2.8240
01/07/19	11:56:18.786	878	1	0.000000	-0.004000	3.3870	2.8100
01/07/19	11:56:18.996	879	1	0.000000	-0.004000	3.4100	2.8430
01/07/19	11:56:19.204	880	1	0.000000	-0.004000	3.4010	2.8380
01/07/19	11:56:19.425	881	1	-0.001000	-0.004000	3.4040	2.8520
01/07/19	11:56:19.576	882	1	-0.001000	-0.004000	3.4180	2.8460
01/07/19	11:56:19.788	883	1	0.000000	-0.004000	3.4350	2.8490
01/07/19	11:56:19.991	884	1	0.000000	-0.004000	3.4430	2.8740
01/07/19	11:56:20.208	885	1	0.000000	-0.004000	3.4550	2.8910
01/07/19	11:56:20.416	886	1	0.000000	-0.004000	3.4490	2.8680
01/07/19	11:56:20.588	887	1	0.000000	-0.003000	3.4350	2.8940
01/07/19	11:56:20.798	888	1	0.000000	-0.003000	3.4430	2.8910
01/07/19	11:56:21.006	889	1	0.000000	-0.003000	3.4630	2.9190
01/07/19	11:56:21.214	890	1	-0.001000	-0.003000	3.4710	2.9020
01/07/19	11:56:21.380	891	1	-0.001000	-0.003000	3.4740	2.9020
01/07/19	11:56:21.602	892	1	-0.001000	-0.003000	3.4830	2.9050
01/07/19	11:56:21.803	893	1	0.000000	-0.003000	3.4880	2.9240
01/07/19	11:56:22.011	894	1	-0.001000	-0.003000	3.5130	2.9190
01/07/19	11:56:22.176	895	1	0.000000	-0.003000	3.5050	2.9300
01/07/19	11:56:22.389	896	1	0.000000	-0.003000	3.5050	2.9470
01/07/19	11:56:22.599	897	1	0.000000	-0.003000	3.5160	2.9440
01/07/19	11:56:22.808	898	1	0.000000	-0.003000	3.5190	2.9520
01/07/19	11:56:23.014	899	1	0.000000	-0.003000	3.5300	2.9660
01/07/19	11:56:23.184	900	1	0.000000	-0.002000	3.5580	2.9610
01/07/19	11:56:23.392	901	1	0.000000	-0.003000	3.5500	2.9610
01/07/19	11:56:23.604	902	1	0.000000	-0.003000	3.5610	2.9860
01/07/19	11:56:23.820	903	1	-0.001000	-0.002000	3.5690	2.9920
01/07/19	11:56:23.986	904	1	-0.001000	-0.002000	3.5690	2.9950
01/07/19	11:56:24.202	905	1	0.000000	-0.002000	3.5550	3.0030
01/07/19	11:56:24.403	906	1	0.000000	-0.002000	3.5640	3.0000
01/07/19	11:56:24.614	907	1	0.000000	-0.002000	3.5840	3.0140
01/07/19	11:56:24.778	908	1	0.000000	-0.002000	3.5840	3.0370
01/07/19	11:56:24.993	909	1	0.000000	-0.002000	3.6000	3.0340
01/07/19	11:56:25.199	910	1	-0.001000	-0.002000	3.5950	3.0370
01/07/19	11:56:25.411	911	1	-0.001000	-0.002000	3.6090	3.0310
01/07/19	11:56:25.618	912	1	-0.001000	-0.002000	3.6060	3.0340
01/07/19	11:56:25.784	913	1	0.000000	-0.002000	3.6120	3.0310
01/07/19	11:56:25.997	914	1	0.000000	-0.002000	3.6200	3.0560
01/07/19	11:56:26.205	915	1	0.000000	-0.001000	3.6260	3.0510
01/07/19	11:56:26.413	916	1	0.000000	-0.002000	3.6310	3.0700
01/07/19	11:56:26.621	917	1	-0.001000	-0.001000	3.6450	3.0530
01/07/19	11:56:26.775	918	1	-0.001000	-0.001000	3.6260	3.0730
01/07/19	11:56:26.993	919	1	-0.001000	-0.001000	3.6340	3.0810
01/07/19	11:56:27.202	920	1	-0.001000	-0.001000	3.6680	3.0650
01/07/19	11:56:27.405	921	1	-0.001000	-0.001000	3.6590	3.0930
01/07/19	11:56:27.624	922	1	0.000000	-0.001000	3.6340	3.0870
01/07/19	11:56:27.777	923	1	-0.001000	-0.001000	3.6650	3.0810
01/07/19	11:56:27.990	924	1	-0.001000	-0.001000	3.6650	3.1180
01/07/19	11:56:28.199	925	1	-0.001000	-0.001000	3.6680	3.0810
01/07/19	11:56:28.407	926	1	0.000000	-0.001000	3.6730	3.1260
01/07/19	11:56:28.617	927	1	0.000000	-0.001000	3.6790	3.1350
01/07/19	11:56:28.783	928	1	0.000000	-0.001000	3.6980	3.1150
01/07/19	11:56:28.996	929	1	0.000000	-0.001000	3.7040	3.1290
01/07/19	11:56:29.207	930	1	-0.001000	-0.001000	3.7240	3.1460
01/07/19	11:56:29.415	931	1	-0.001000	-0.001000	3.7150	3.1430
01/07/19	11:56:29.581	932	1	-0.001000	-0.001000	3.7180	3.1430
01/07/19	11:56:29.782	933	1	0.000000	-0.001000	3.7260	3.1400
01/07/19	11:56:29.994	934	1	-0.001000	-0.001000	3.7260	3.1490
01/07/19	11:56:30.215	935	1	0.000000	-0.001000	3.7210	3.1570
01/07/19	11:56:30.416	936	1	0.000000	0.000000	3.7400	3.1600
01/07/19	11:56:30.577	937	1	0.000000	-0.001000	3.7400	3.1790
01/07/19	11:56:30.790	938	1	0.000000	-0.001000	3.7400	3.1770
01/07/19	11:56:30.997	939	1	0.000000	0.000000	3.7540	3.1540
01/07/19	11:56:31.210	940	1	0.000000	0.000000	3.7680	3.1710
01/07/19	11:56:31.417	941	1	0.000000	-0.001000	3.7540	3.1740
01/07/19	11:56:31.584	942	1	-0.001000	-0.001000	3.7430	3.1680
01/07/19	11:56:31.797	943	1	-0.001000	0.000000	3.7540	3.1770
01/07/19	11:56:32.001	944	1	-0.001000	0.000000	3.7600	3.1600
01/07/19	11:56:32.221	945	1	0.000000	0.000000	3.7540	3.1790
01/07/19	11:56:32.374	946	1	-0.001000	0.000000	3.7800	3.1710
01/07/19	11:56:32.582	947	1	-0.001000	0.000000	3.7910	3.1740
01/07/19	11:56:32.790	948	1	-0.001000	0.000000	3.7880	3.2050
01/07/19	11:56:32.996	949	1	-0.001000	0.000000	3.7740	3.1910
01/07/19	11:56:33.203	950	1	0.000000	0.000000	3.7680	3.2070
