01/07/19	11:45:55.663	C:\Icing\LabView_vi\Icing_2TC_FP_v2.0.vi
Dt (s):		0.200000

Date	Time	# meas	# cycle	V	I	Temp1	Temp2

01/07/19	11:46:28.723	1	0	0.000000	0.003000	6.0500	6.0530
01/07/19	11:46:28.920	2	0	0.000000	0.004000	6.0450	6.0550
01/07/19	11:46:29.126	3	0	0.000000	0.004000	6.0390	6.0550
01/07/19	11:46:29.346	4	0	0.000000	0.004000	6.0250	6.0500
01/07/19	11:46:29.556	5	0	0.000000	0.004000	6.0250	6.0440
01/07/19	11:46:29.731	6	0	0.000000	0.004000	6.0480	6.0530
01/07/19	11:46:29.936	7	0	0.000000	0.004000	6.0670	6.0360
01/07/19	11:46:30.150	8	0	0.000000	0.004000	6.0450	6.0390
01/07/19	11:46:30.358	9	0	0.000000	0.003000	6.0500	6.0250
01/07/19	11:46:30.563	10	0	0.000000	0.003000	6.0370	6.0280
01/07/19	11:46:30.722	11	0	0.000000	0.003000	6.0200	6.0300
01/07/19	11:46:30.932	12	0	0.000000	0.003000	6.0230	6.0500
01/07/19	11:46:31.142	13	0	0.000000	0.003000	6.0370	6.0330
01/07/19	11:46:31.350	14	0	0.000000	0.003000	6.0340	6.0360
01/07/19	11:46:31.523	15	0	0.000000	0.003000	6.0310	6.0470
01/07/19	11:46:31.729	16	0	0.000000	0.003000	6.0530	6.0280
01/07/19	11:46:31.945	17	0	0.000000	0.003000	6.0230	6.0530
01/07/19	11:46:32.153	18	0	0.000000	0.003000	6.0480	6.0440
01/07/19	11:46:32.326	19	0	0.000000	0.003000	6.0280	6.0280
01/07/19	11:46:32.533	20	0	0.000000	0.003000	6.0450	6.0360
01/07/19	11:46:32.746	21	0	0.000000	0.003000	6.0370	6.0390
01/07/19	11:46:32.958	22	0	0.000000	0.003000	6.0560	6.0470
01/07/19	11:46:33.169	23	0	0.000000	0.003000	6.0230	6.0300
01/07/19	11:46:33.321	24	0	0.000000	0.003000	6.0250	6.0530
01/07/19	11:46:33.533	25	0	0.000000	0.003000	6.0480	6.0420
01/07/19	11:46:33.742	26	0	0.000000	0.003000	6.0230	6.0460
01/07/19	11:46:33.951	27	0	0.000000	0.003000	6.0430	6.0620
01/07/19	11:46:34.119	28	0	0.000000	0.003000	6.0380	6.0320
01/07/19	11:46:34.333	29	0	0.000000	0.003000	6.0430	6.0400
01/07/19	11:46:34.550	30	0	0.000000	0.003000	6.0320	6.0320
01/07/19	11:46:34.756	31	0	0.000000	0.003000	6.0380	6.0540
01/07/19	11:46:34.924	32	0	0.000000	0.003000	6.0490	6.0650
01/07/19	11:46:35.137	33	0	0.000000	0.003000	6.1070	6.1230
01/07/19	11:46:35.345	34	0	0.000000	0.003000	6.6480	7.6610
01/07/19	11:46:35.555	35	0	0.000000	0.003000	7.4960	8.7870
01/07/19	11:46:35.764	36	0	0.000000	0.003000	8.0070	9.3370
01/07/19	11:46:35.925	37	0	0.000000	0.003000	8.4070	9.6930
01/07/19	11:46:36.139	38	0	0.000000	0.003000	8.9450	10.0740
01/07/19	11:46:36.352	39	0	0.000000	0.003000	9.2880	10.2230
01/07/19	11:46:36.554	40	0	0.000000	0.003000	9.5110	10.4390
01/07/19	11:46:36.722	41	0	0.000000	0.004000	9.6660	10.5550
01/07/19	11:46:36.935	42	0	0.000000	0.003000	9.8230	10.6260
01/07/19	11:46:37.148	43	0	0.000000	0.004000	9.8150	10.5600
01/07/19	11:46:37.354	44	0	0.000000	0.004000	9.7570	10.4410
01/07/19	11:46:37.526	45	0	0.000000	0.004000	9.7020	10.3590
01/07/19	11:46:37.741	46	0	0.000000	0.004000	9.6360	10.2150
01/07/19	11:46:37.946	47	0	0.000000	0.004000	9.5110	10.0750
01/07/19	11:46:38.153	48	0	0.000000	0.004000	9.3950	9.9370
01/07/19	11:46:38.320	49	0	0.000000	0.004000	9.3260	9.8300
01/07/19	11:46:38.537	50	0	0.000000	0.004000	9.2270	9.7170
01/07/19	11:46:38.735	51	0	0.000000	0.004000	9.0920	9.5950
01/07/19	11:46:38.956	52	0	0.000000	0.004000	9.0090	9.4650
01/07/19	11:46:39.162	53	0	0.000000	0.004000	8.9120	9.3770
01/07/19	11:46:39.318	54	0	0.000000	0.004000	8.8210	9.2830
01/07/19	11:46:39.526	55	0	0.000000	0.004000	8.7550	9.1560
Cycle	Time Peltier On:	90.000000	Time Peltier Off:	200.000000	# iterations	1.000000		
01/07/19	11:46:39.742	56	0	0.000000	0.004000	8.6470	9.0700
01/07/19	11:46:39.942	57	1	0.000000	0.061000	8.5780	8.9630
01/07/19	11:46:40.155	58	1	0.338000	0.097000	8.4430	8.8050
01/07/19	11:46:40.326	59	1	0.312000	0.097000	8.3130	8.6760
01/07/19	11:46:40.540	60	1	0.312000	0.081000	8.2140	8.5460
01/07/19	11:46:40.748	61	1	0.288000	0.077000	8.0540	8.4220
01/07/19	11:46:40.960	62	1	0.254000	0.065000	7.9730	8.3110
01/07/19	11:46:41.120	63	1	0.229000	0.065000	7.8410	8.2060
01/07/19	11:46:41.332	64	1	0.229000	0.055000	7.7860	8.0900
01/07/19	11:46:41.535	65	1	0.203000	0.056000	7.6860	7.9990
01/07/19	11:46:41.752	66	1	0.192000	0.052000	7.6030	7.8830
01/07/19	11:46:41.955	67	1	0.185000	0.052000	7.5180	7.7950
01/07/19	11:46:42.120	68	1	0.185000	0.050000	7.4570	7.7200
01/07/19	11:46:42.329	69	1	0.178000	0.048000	7.3910	7.6260
01/07/19	11:46:42.536	70	1	0.178000	0.048000	7.2800	7.5490
01/07/19	11:46:42.752	71	1	0.161000	0.048000	7.2420	7.4740
01/07/19	11:46:42.925	72	1	0.161000	0.045000	7.1670	7.3970
01/07/19	11:46:43.134	73	1	0.171000	0.045000	7.1150	7.3170
01/07/19	11:46:43.348	74	1	0.175000	0.047000	7.0240	7.2510
01/07/19	11:46:43.559	75	1	0.166000	0.047000	6.9960	7.1710
01/07/19	11:46:43.719	76	1	0.166000	0.045000	6.9240	7.1160
01/07/19	11:46:43.925	77	1	0.183000	0.048000	6.8720	7.0640
01/07/19	11:46:44.132	78	1	0.189000	0.048000	6.8080	6.9840
01/07/19	11:46:44.339	79	1	0.193000	0.050000	6.7340	6.9320
01/07/19	11:46:44.546	80	1	0.191000	0.050000	6.7030	6.8820
01/07/19	11:46:44.754	81	1	0.191000	0.054000	6.6320	6.7990
01/07/19	11:46:44.919	82	1	0.204000	0.054000	6.6040	6.7660
01/07/19	11:46:45.133	83	1	0.223000	0.054000	6.5380	6.6750
01/07/19	11:46:45.344	84	1	0.223000	0.059000	6.4740	6.6420
01/07/19	11:46:45.557	85	1	0.225000	0.059000	6.4520	6.5900
01/07/19	11:46:45.727	86	1	0.226000	0.059000	6.3690	6.5370
01/07/19	11:46:45.935	87	1	0.239000	0.065000	6.3280	6.4870
01/07/19	11:46:46.148	88	1	0.251000	0.066000	6.2810	6.4240
01/07/19	11:46:46.357	89	1	0.251000	0.068000	6.2170	6.3690
01/07/19	11:46:46.523	90	1	0.261000	0.068000	6.1810	6.3220
01/07/19	11:46:46.724	91	1	0.278000	0.069000	6.1570	6.2500
01/07/19	11:46:46.934	92	1	0.278000	0.078000	6.0960	6.2310
01/07/19	11:46:47.155	93	1	0.298000	0.078000	6.0300	6.1340
01/07/19	11:46:47.354	94	1	0.303000	0.078000	5.9770	6.0980
01/07/19	11:46:47.522	95	1	0.308000	0.078000	5.9220	6.0650
01/07/19	11:46:47.732	96	1	0.308000	0.081000	5.8690	6.0150
01/07/19	11:46:47.935	97	1	0.317000	0.083000	5.8540	5.9450
01/07/19	11:46:48.149	98	1	0.346000	0.090000	5.7660	5.8900
01/07/19	11:46:48.359	99	1	0.338000	0.090000	5.7520	5.8320
01/07/19	11:46:48.526	100	1	0.338000	0.087000	5.7000	5.8150
01/07/19	11:46:48.734	101	1	0.365000	0.096000	5.6360	5.7630
01/07/19	11:46:48.946	102	1	0.372000	0.095000	5.6170	5.7070
01/07/19	11:46:49.155	103	1	0.394000	0.095000	5.5280	5.6520
01/07/19	11:46:49.364	104	1	0.391000	0.101000	5.4820	5.5890
01/07/19	11:46:49.517	105	1	0.391000	0.101000	5.4650	5.5330
01/07/19	11:46:49.737	106	1	0.419000	0.101000	5.3930	5.5110
01/07/19	11:46:49.946	107	1	0.422000	0.107000	5.3410	5.4400
01/07/19	11:46:50.153	108	1	0.432000	0.109000	5.3270	5.3730
01/07/19	11:46:50.320	109	1	0.432000	0.115000	5.2500	5.3430
01/07/19	11:46:50.531	110	1	0.452000	0.115000	5.2000	5.2930
01/07/19	11:46:50.738	111	1	0.462000	0.114000	5.1780	5.2440
01/07/19	11:46:50.952	112	1	0.483000	0.122000	5.0920	5.1940
01/07/19	11:46:51.162	113	1	0.483000	0.119000	5.0700	5.1470
01/07/19	11:46:51.326	114	1	0.476000	0.119000	5.0010	5.1080
01/07/19	11:46:51.538	115	1	0.499000	0.125000	4.9380	5.0480
01/07/19	11:46:51.750	116	1	0.502000	0.125000	4.9130	4.9900
01/07/19	11:46:51.959	117	1	0.502000	0.130000	4.8330	4.9340
01/07/19	11:46:52.118	118	1	0.521000	0.130000	4.8160	4.9010
01/07/19	11:46:52.333	119	1	0.540000	0.129000	4.7550	4.8400
01/07/19	11:46:52.542	120	1	0.540000	0.136000	4.6700	4.7850
01/07/19	11:46:52.753	121	1	0.547000	0.133000	4.6500	4.7360
01/07/19	11:46:52.922	122	1	0.541000	0.133000	4.6230	4.6780
01/07/19	11:46:53.133	123	1	0.579000	0.138000	4.5570	4.6500
01/07/19	11:46:53.344	124	1	0.582000	0.143000	4.5070	4.5780
01/07/19	11:46:53.552	125	1	0.582000	0.147000	4.4430	4.5510
01/07/19	11:46:53.725	126	1	0.595000	0.147000	4.4020	4.4900
01/07/19	11:46:53.940	127	1	0.606000	0.147000	4.3440	4.4320
01/07/19	11:46:54.150	128	1	0.615000	0.150000	4.2940	4.3900
01/07/19	11:46:54.363	129	1	0.615000	0.152000	4.2450	4.3380
01/07/19	11:46:54.521	130	1	0.625000	0.152000	4.2000	4.2830
01/07/19	11:46:54.728	131	1	0.644000	0.156000	4.1300	4.2190
01/07/19	11:46:54.944	132	1	0.647000	0.157000	4.0740	4.1920
01/07/19	11:46:55.160	133	1	0.647000	0.159000	4.0350	4.1410
01/07/19	11:46:55.319	134	1	0.655000	0.159000	3.9760	4.0710
01/07/19	11:46:55.533	135	1	0.674000	0.162000	3.9370	4.0490
01/07/19	11:46:55.740	136	1	0.674000	0.167000	3.8750	3.9670
01/07/19	11:46:55.949	137	1	0.687000	0.168000	3.8310	3.9170
01/07/19	11:46:56.162	138	1	0.700000	0.170000	3.7720	3.8580
01/07/19	11:46:56.326	139	1	0.710000	0.170000	3.7380	3.8240
01/07/19	11:46:56.532	140	1	0.710000	0.175000	3.6820	3.7600
01/07/19	11:46:56.741	141	1	0.726000	0.176000	3.6200	3.7010
01/07/19	11:46:56.941	142	1	0.733000	0.177000	3.5620	3.6700
01/07/19	11:46:57.149	143	1	0.743000	0.177000	3.5140	3.6170
01/07/19	11:46:57.321	144	1	0.743000	0.180000	3.4800	3.5580
01/07/19	11:46:57.531	145	1	0.751000	0.184000	3.4080	3.5050
01/07/19	11:46:57.738	146	1	0.769000	0.184000	3.3770	3.4460
01/07/19	11:46:57.954	147	1	0.785000	0.184000	3.3010	3.3930
01/07/19	11:46:58.160	148	1	0.786000	0.188000	3.2370	3.3310
01/07/19	11:46:58.325	149	1	0.786000	0.187000	3.2110	3.2980
01/07/19	11:46:58.539	150	1	0.803000	0.187000	3.1500	3.2420
01/07/19	11:46:58.751	151	1	0.810000	0.192000	3.1110	3.1860
01/07/19	11:46:58.959	152	1	0.827000	0.194000	3.0290	3.1320
01/07/19	11:46:59.119	153	1	0.827000	0.195000	2.9820	3.0850
01/07/19	11:46:59.326	154	1	0.830000	0.195000	2.9340	3.0460
01/07/19	11:46:59.537	155	1	0.842000	0.197000	2.8980	2.9700
01/07/19	11:46:59.754	156	1	0.854000	0.203000	2.8190	2.9140
01/07/19	11:46:59.919	157	1	0.854000	0.202000	2.7800	2.8770
01/07/19	11:47:00.137	158	1	0.866000	0.202000	2.7430	2.8190
01/07/19	11:47:00.346	159	1	0.881000	0.205000	2.6930	2.7460
01/07/19	11:47:00.556	160	1	0.892000	0.211000	2.6340	2.7010
01/07/19	11:47:00.724	161	1	0.892000	0.211000	2.5840	2.6760
01/07/19	11:47:00.937	162	1	0.905000	0.211000	2.5390	2.6310
01/07/19	11:47:01.148	163	1	0.918000	0.213000	2.4660	2.5550
01/07/19	11:47:01.357	164	1	0.918000	0.216000	2.4100	2.4940
01/07/19	11:47:01.517	165	1	0.918000	0.218000	2.3710	2.4540
01/07/19	11:47:01.724	166	1	0.937000	0.218000	2.3260	2.4070
01/07/19	11:47:01.935	167	1	0.951000	0.220000	2.2390	2.3390
01/07/19	11:47:02.145	168	1	0.945000	0.220000	2.2210	2.2960
01/07/19	11:47:02.354	169	1	0.945000	0.227000	2.1510	2.2430
01/07/19	11:47:02.520	170	1	0.969000	0.227000	2.1030	2.1840
01/07/19	11:47:02.727	171	1	0.977000	0.227000	2.0390	2.1250
01/07/19	11:47:02.940	172	1	0.977000	0.230000	1.9940	2.1080
01/07/19	11:47:03.152	173	1	0.985000	0.232000	1.9350	2.0210
01/07/19	11:47:03.358	174	1	0.994000	0.232000	1.8790	1.9650
01/07/19	11:47:03.531	175	1	1.007000	0.232000	1.8340	1.9260
01/07/19	11:47:03.741	176	1	1.007000	0.238000	1.7700	1.8700
01/07/19	11:47:03.951	177	1	1.021000	0.238000	1.7450	1.8170
01/07/19	11:47:04.160	178	1	1.025000	0.242000	1.6660	1.7520
01/07/19	11:47:04.320	179	1	1.040000	0.242000	1.6240	1.7080
01/07/19	11:47:04.527	180	1	1.040000	0.244000	1.5680	1.6710
01/07/19	11:47:04.747	181	1	1.053000	0.245000	1.5370	1.5980
01/07/19	11:47:04.947	182	1	1.071000	0.251000	1.4640	1.5340
01/07/19	11:47:05.153	183	1	1.077000	0.251000	1.4080	1.4810
01/07/19	11:47:05.319	184	1	1.077000	0.250000	1.3690	1.4390
01/07/19	11:47:05.533	185	1	1.084000	0.254000	1.3240	1.3770
01/07/19	11:47:05.743	186	1	1.105000	0.256000	1.2540	1.3400
01/07/19	11:47:05.956	187	1	1.109000	0.256000	1.1980	1.2790
01/07/19	11:47:06.126	188	1	1.109000	0.257000	1.1620	1.2450
01/07/19	11:47:06.338	189	1	1.115000	0.261000	1.1080	1.1950
01/07/19	11:47:06.550	190	1	1.135000	0.263000	1.0410	1.1390
01/07/19	11:47:06.758	191	1	1.141000	0.263000	0.9940	1.0710
01/07/19	11:47:06.918	192	1	1.141000	0.263000	0.9350	1.0320
01/07/19	11:47:07.126	193	1	1.151000	0.266000	0.8960	0.9680
01/07/19	11:47:07.336	194	1	1.171000	0.266000	0.8140	0.9310
01/07/19	11:47:07.546	195	1	1.167000	0.270000	0.7780	0.8730
01/07/19	11:47:07.755	196	1	1.183000	0.272000	0.7160	0.8140
01/07/19	11:47:07.921	197	1	1.183000	0.272000	0.6830	0.7770
01/07/19	11:47:08.129	198	1	1.200000	0.272000	0.6100	0.7300
01/07/19	11:47:08.336	199	1	1.203000	0.276000	0.5760	0.6600
01/07/19	11:47:08.544	200	1	1.220000	0.280000	0.5140	0.6040
01/07/19	11:47:08.754	201	1	1.220000	0.280000	0.4560	0.5500
01/07/19	11:47:08.927	202	1	1.223000	0.280000	0.4020	0.5030
01/07/19	11:47:09.134	203	1	1.237000	0.281000	0.3660	0.4470
01/07/19	11:47:09.347	204	1	1.252000	0.287000	0.2900	0.3910
01/07/19	11:47:09.559	205	1	1.252000	0.286000	0.2430	0.3290
01/07/19	11:47:09.767	206	1	1.253000	0.288000	0.2010	0.2730
01/07/19	11:47:09.919	207	1	1.271000	0.288000	0.1360	0.2280
01/07/19	11:47:10.128	208	1	1.271000	0.292000	0.1050	0.1730
01/07/19	11:47:10.342	209	1	1.278000	0.296000	0.0310	0.1170
01/07/19	11:47:10.547	210	1	1.292000	0.295000	-0.0330	0.0670
01/07/19	11:47:10.755	211	1	1.297000	0.295000	-0.0870	-0.0060
01/07/19	11:47:10.921	212	1	1.297000	0.296000	-0.1200	-0.0480
01/07/19	11:47:11.130	213	1	1.303000	0.301000	-0.1900	-0.0870
01/07/19	11:47:11.339	214	1	1.319000	0.301000	-0.2240	-0.1400
01/07/19	11:47:11.553	215	1	1.336000	0.301000	-0.2860	-0.2080
01/07/19	11:47:11.726	216	1	1.336000	0.305000	-0.3360	-0.2410
01/07/19	11:47:11.934	217	1	1.343000	0.308000	-0.3780	-0.2940
01/07/19	11:47:12.144	218	1	1.363000	0.311000	-0.4650	-0.3740
01/07/19	11:47:12.353	219	1	1.357000	0.311000	-0.4890	-0.3970
01/07/19	11:47:12.519	220	1	1.357000	0.309000	-0.5500	-0.4440
01/07/19	11:47:12.726	221	1	1.380000	0.314000	-0.5900	-0.5200
01/07/19	11:47:12.946	222	1	1.396000	0.318000	-0.6570	-0.5560
01/07/19	11:47:13.147	223	1	1.399000	0.318000	-0.6880	-0.6070
01/07/19	11:47:13.347	224	1	1.415000	0.322000	-0.7770	-0.6690
01/07/19	11:47:13.554	225	1	1.415000	0.319000	-0.8050	-0.7160
01/07/19	11:47:13.721	226	1	1.409000	0.319000	-0.8750	-0.7830
01/07/19	11:47:13.929	227	1	1.428000	0.323000	-0.9060	-0.8170
01/07/19	11:47:14.144	228	1	1.444000	0.328000	-0.9760	-0.8900
01/07/19	11:47:14.350	229	1	1.444000	0.327000	-1.0210	-0.9470
01/07/19	11:47:14.558	230	1	1.447000	0.330000	-1.0850	-0.9780
01/07/19	11:47:14.725	231	1	1.461000	0.330000	-1.1250	-1.0230
01/07/19	11:47:14.938	232	1	1.461000	0.333000	-1.1890	-1.0870
01/07/19	11:47:15.146	233	1	1.474000	0.334000	-1.2480	-1.1440
01/07/19	11:47:15.358	234	1	1.482000	0.335000	-1.2820	-1.1910
01/07/19	11:47:15.565	235	1	1.498000	0.335000	-1.3350	-1.2330
01/07/19	11:47:15.724	236	1	1.498000	0.339000	-1.3940	-1.2780
01/07/19	11:47:15.930	237	1	1.508000	0.342000	-1.4440	-1.3400
01/07/19	11:47:16.145	238	1	1.521000	0.344000	-1.4920	-1.4100
01/07/19	11:47:16.352	239	1	1.531000	0.344000	-1.5520	-1.4410
01/07/19	11:47:16.519	240	1	1.531000	0.346000	-1.6020	-1.4850
01/07/19	11:47:16.733	241	1	1.537000	0.349000	-1.6360	-1.5560
01/07/19	11:47:16.941	242	1	1.560000	0.353000	-1.7170	-1.5950
01/07/19	11:47:17.153	243	1	1.556000	0.353000	-1.7340	-1.6560
01/07/19	11:47:17.326	244	1	1.556000	0.352000	-1.8040	-1.6930
01/07/19	11:47:17.539	245	1	1.583000	0.357000	-1.8570	-1.7600
01/07/19	11:47:17.749	246	1	1.588000	0.358000	-1.9190	-1.8330
01/07/19	11:47:17.956	247	1	1.595000	0.358000	-1.9780	-1.8640
01/07/19	11:47:18.122	248	1	1.595000	0.360000	-2.0120	-1.9200
01/07/19	11:47:18.328	249	1	1.602000	0.365000	-2.0680	-1.9760
01/07/19	11:47:18.536	250	1	1.622000	0.366000	-2.1320	-2.0320
01/07/19	11:47:18.745	251	1	1.626000	0.366000	-2.1910	-2.0710
01/07/19	11:47:18.949	252	1	1.632000	0.367000	-2.2390	-2.1270
01/07/19	11:47:19.123	253	1	1.632000	0.370000	-2.2690	-2.1780
01/07/19	11:47:19.332	254	1	1.658000	0.370000	-2.3250	-2.2310
01/07/19	11:47:19.540	255	1	1.668000	0.374000	-2.3950	-2.2870
01/07/19	11:47:19.748	256	1	1.667000	0.375000	-2.4490	-2.3320
01/07/19	11:47:19.961	257	1	1.667000	0.376000	-2.5160	-2.4020
01/07/19	11:47:20.126	258	1	1.677000	0.376000	-2.5500	-2.4270
01/07/19	11:47:20.334	259	1	1.693000	0.377000	-2.5860	-2.4750
01/07/19	11:47:20.547	260	1	1.709000	0.385000	-2.6650	-2.5450
01/07/19	11:47:20.759	261	1	1.709000	0.383000	-2.7250	-2.6010
01/07/19	11:47:20.967	262	1	1.706000	0.384000	-2.7500	-2.6570
01/07/19	11:47:21.123	263	1	1.728000	0.384000	-2.8070	-2.7060
01/07/19	11:47:21.334	264	1	1.728000	0.391000	-2.8610	-2.7570
01/07/19	11:47:21.544	265	1	1.737000	0.391000	-2.9090	-2.8050
01/07/19	11:47:21.753	266	1	1.752000	0.394000	-2.9830	-2.8530
01/07/19	11:47:21.920	267	1	1.754000	0.394000	-3.0140	-2.9100
01/07/19	11:47:22.129	268	1	1.754000	0.398000	-3.0760	-2.9750
01/07/19	11:47:22.340	269	1	1.772000	0.398000	-3.1160	-3.0260
01/07/19	11:47:22.552	270	1	1.785000	0.401000	-3.1900	-3.0970
01/07/19	11:47:22.726	271	1	1.787000	0.401000	-3.2320	-3.1190
01/07/19	11:47:22.935	272	1	1.787000	0.403000	-3.2860	-3.1700
01/07/19	11:47:23.145	273	1	1.799000	0.405000	-3.3430	-3.2580
01/07/19	11:47:23.354	274	1	1.811000	0.406000	-3.3910	-3.3040
01/07/19	11:47:23.520	275	1	1.825000	0.406000	-3.4250	-3.3400
01/07/19	11:47:23.726	276	1	1.825000	0.413000	-3.5100	-3.4060
01/07/19	11:47:23.934	277	1	1.841000	0.410000	-3.5520	-3.4570
01/07/19	11:47:24.140	278	1	1.844000	0.413000	-3.5920	-3.4930
01/07/19	11:47:24.349	279	1	1.858000	0.413000	-3.6800	-3.5530
01/07/19	11:47:24.557	280	1	1.852000	0.416000	-3.7080	-3.6070
01/07/19	11:47:24.723	281	1	1.852000	0.419000	-3.7590	-3.6460
01/07/19	11:47:24.931	282	1	1.878000	0.419000	-3.7960	-3.6950
01/07/19	11:47:25.139	283	1	1.894000	0.421000	-3.8610	-3.7660
01/07/19	11:47:25.353	284	1	1.898000	0.425000	-3.9290	-3.8190
01/07/19	11:47:25.526	285	1	1.898000	0.424000	-3.9940	-3.8590
01/07/19	11:47:25.735	286	1	1.902000	0.425000	-4.0200	-3.9380
01/07/19	11:47:25.944	287	1	1.919000	0.425000	-4.0620	-3.9670
01/07/19	11:47:26.158	288	1	1.932000	0.432000	-4.1330	-4.0230
01/07/19	11:47:26.322	289	1	1.932000	0.432000	-4.1760	-4.0740
01/07/19	11:47:26.527	290	1	1.946000	0.432000	-4.2270	-4.1200
01/07/19	11:47:26.734	291	1	1.955000	0.435000	-4.2860	-4.1710
01/07/19	11:47:26.941	292	1	1.961000	0.438000	-4.3340	-4.2250
01/07/19	11:47:27.148	293	1	1.961000	0.440000	-4.3880	-4.2840
01/07/19	11:47:27.319	294	1	1.970000	0.440000	-4.4420	-4.3150
01/07/19	11:47:27.527	295	1	1.983000	0.442000	-4.4990	-4.3750
01/07/19	11:47:27.740	296	1	1.990000	0.444000	-4.5360	-4.4260
01/07/19	11:47:27.951	297	1	1.990000	0.448000	-4.5980	-4.4770
01/07/19	11:47:28.162	298	1	2.006000	0.449000	-4.6600	-4.5360
01/07/19	11:47:28.329	299	1	2.013000	0.449000	-4.7060	-4.5900
01/07/19	11:47:28.541	300	1	2.025000	0.452000	-4.7430	-4.6380
01/07/19	11:47:28.749	301	1	2.025000	0.456000	-4.7880	-4.6840
01/07/19	11:47:28.960	302	1	2.042000	0.459000	-4.8560	-4.7540
01/07/19	11:47:29.119	303	1	2.051000	0.459000	-4.9070	-4.7890
01/07/19	11:47:29.329	304	1	2.051000	0.460000	-4.9550	-4.8400
01/07/19	11:47:29.535	305	1	2.060000	0.464000	-5.0170	-4.8850
01/07/19	11:47:29.742	306	1	2.075000	0.463000	-5.0510	-4.9500
01/07/19	11:47:29.965	307	1	2.089000	0.463000	-5.0940	-5.0210
01/07/19	11:47:30.119	308	1	2.089000	0.467000	-5.1530	-5.0660
01/07/19	11:47:30.336	309	1	2.103000	0.471000	-5.2100	-5.1000
01/07/19	11:47:30.546	310	1	2.113000	0.473000	-5.2700	-5.1460
01/07/19	11:47:30.754	311	1	2.118000	0.473000	-5.3210	-5.2140
01/07/19	11:47:30.925	312	1	2.118000	0.473000	-5.3600	-5.2620
01/07/19	11:47:31.137	313	1	2.127000	0.479000	-5.4200	-5.3040
01/07/19	11:47:31.349	314	1	2.145000	0.480000	-5.4650	-5.3690
01/07/19	11:47:31.556	315	1	2.159000	0.480000	-5.5100	-5.4090
01/07/19	11:47:31.768	316	1	2.169000	0.483000	-5.5840	-5.4830
01/07/19	11:47:31.919	317	1	2.169000	0.484000	-5.6070	-5.5080
01/07/19	11:47:32.130	318	1	2.188000	0.484000	-5.6550	-5.5730
01/07/19	11:47:32.346	319	1	2.199000	0.490000	-5.7430	-5.6270
01/07/19	11:47:32.546	320	1	2.195000	0.491000	-5.7810	-5.6630
01/07/19	11:47:32.721	321	1	2.195000	0.493000	-5.8180	-5.7140
01/07/19	11:47:32.930	322	1	2.221000	0.493000	-5.8800	-5.7760
01/07/19	11:47:33.140	323	1	2.225000	0.497000	-5.9230	-5.8440
01/07/19	11:47:33.351	324	1	2.238000	0.500000	-5.9970	-5.8840
01/07/19	11:47:33.558	325	1	2.238000	0.500000	-6.0250	-5.9320
01/07/19	11:47:33.725	326	1	2.241000	0.500000	-6.0840	-5.9600
01/07/19	11:47:33.939	327	1	2.259000	0.504000	-6.1330	-6.0310
01/07/19	11:47:34.146	328	1	2.272000	0.508000	-6.1860	-6.0880
01/07/19	11:47:34.359	329	1	2.272000	0.509000	-6.2460	-6.1390
01/07/19	11:47:34.518	330	1	2.279000	0.509000	-6.2970	-6.1790
01/07/19	11:47:34.726	331	1	2.291000	0.509000	-6.3420	-6.2240
01/07/19	11:47:34.936	332	1	2.304000	0.515000	-6.4070	-6.2890
01/07/19	11:47:35.143	333	1	2.304000	0.514000	-6.4560	-6.3540
01/07/19	11:47:35.363	334	1	2.311000	0.516000	-6.5120	-6.4050
01/07/19	11:47:35.522	335	1	2.322000	0.516000	-6.5380	-6.4480
01/07/19	11:47:35.731	336	1	2.322000	0.523000	-6.6000	-6.4900
01/07/19	11:47:35.942	337	1	2.342000	0.524000	-6.6620	-6.5440
01/07/19	11:47:36.147	338	1	2.348000	0.524000	-6.6990	-6.5920
01/07/19	11:47:36.362	339	1	2.364000	0.524000	-6.7670	-6.6720
01/07/19	11:47:36.526	340	1	2.364000	0.528000	-6.8040	-6.7070
01/07/19	11:47:36.737	341	1	2.367000	0.531000	-6.8550	-6.7410
01/07/19	11:47:36.950	342	1	2.385000	0.534000	-6.9060	-6.7950
01/07/19	11:47:37.164	343	1	2.396000	0.534000	-6.9800	-6.8460
01/07/19	11:47:37.322	344	1	2.396000	0.535000	-7.0140	-6.8830
01/07/19	11:47:37.532	345	1	2.397000	0.539000	-7.0370	-6.9760
01/07/19	11:47:37.741	346	1	2.432000	0.539000	-7.0990	-7.0070
01/07/19	11:47:37.949	347	1	2.437000	0.544000	-7.1560	-7.0470
01/07/19	11:47:38.157	348	1	2.437000	0.546000	-7.2210	-7.1180
01/07/19	11:47:38.325	349	1	2.444000	0.546000	-7.2630	-7.1180
01/07/19	11:47:38.534	350	1	2.457000	0.546000	-7.2850	-7.2070
01/07/19	11:47:38.741	351	1	2.480000	0.549000	-7.3610	-7.2410
01/07/19	11:47:38.956	352	1	2.480000	0.554000	-7.4010	-7.2920
01/07/19	11:47:39.127	353	1	2.479000	0.557000	-7.4660	-7.3490
01/07/19	11:47:39.339	354	1	2.491000	0.557000	-7.5030	-7.3830
01/07/19	11:47:39.551	355	1	2.507000	0.557000	-7.5620	-7.4400
01/07/19	11:47:39.764	356	1	2.507000	0.562000	-7.6100	-7.4990
01/07/19	11:47:39.922	357	1	2.514000	0.564000	-7.6500	-7.5450
01/07/19	11:47:40.134	358	1	2.536000	0.564000	-7.7180	-7.6180
01/07/19	11:47:40.342	359	1	2.541000	0.568000	-7.7720	-7.6580
01/07/19	11:47:40.553	360	1	2.541000	0.569000	-7.8120	-7.7120
01/07/19	11:47:40.719	361	1	2.546000	0.573000	-7.8800	-7.7540
01/07/19	11:47:40.928	362	1	2.559000	0.573000	-7.9420	-7.8140
01/07/19	11:47:41.139	363	1	2.565000	0.572000	-7.9730	-7.8790
01/07/19	11:47:41.356	364	1	2.565000	0.578000	-8.0180	-7.9470
01/07/19	11:47:41.532	365	1	2.585000	0.580000	-8.0860	-7.9810
01/07/19	11:47:41.741	366	1	2.594000	0.580000	-8.1120	-8.0230
01/07/19	11:47:41.950	367	1	2.612000	0.580000	-8.1830	-8.0940
01/07/19	11:47:42.163	368	1	2.612000	0.585000	-8.2420	-8.1310
01/07/19	11:47:42.317	369	1	2.617000	0.585000	-8.2620	-8.1930
01/07/19	11:47:42.530	370	1	2.641000	0.585000	-8.3440	-8.2590
01/07/19	11:47:42.737	371	1	2.639000	0.592000	-8.4100	-8.3010
01/07/19	11:47:42.943	372	1	2.639000	0.590000	-8.4290	-8.3440
01/07/19	11:47:43.150	373	1	2.641000	0.596000	-8.4950	-8.4030
01/07/19	11:47:43.323	374	1	2.664000	0.596000	-8.5400	-8.4540
01/07/19	11:47:43.530	375	1	2.676000	0.596000	-8.6140	-8.5110
01/07/19	11:47:43.745	376	1	2.676000	0.597000	-8.6730	-8.5590
01/07/19	11:47:43.959	377	1	2.677000	0.598000	-8.6930	-8.6210
01/07/19	11:47:44.125	378	1	2.700000	0.598000	-8.7440	-8.6500
01/07/19	11:47:44.338	379	1	2.710000	0.604000	-8.8150	-8.7010
01/07/19	11:47:44.546	380	1	2.710000	0.605000	-8.8730	-8.7670
01/07/19	11:47:44.755	381	1	2.711000	0.606000	-8.9100	-8.8180
01/07/19	11:47:44.919	382	1	2.727000	0.606000	-8.9210	-8.6000
01/07/19	11:47:45.125	383	1	2.754000	0.611000	-6.9910	-6.2110
01/07/19	11:47:45.337	384	1	2.754000	0.867000	-5.9370	-5.2250
01/07/19	11:47:45.545	385	1	3.573000	1.006000	-5.5180	-4.8480
01/07/19	11:47:45.770	386	1	4.258000	1.067000	-5.4240	-4.7600
01/07/19	11:47:45.919	387	1	4.365000	1.067000	-5.4440	-4.7970
01/07/19	11:47:46.133	388	1	4.365000	1.093000	-5.5460	-4.8930
01/07/19	11:47:46.342	389	1	4.418000	1.089000	-5.6560	-5.0120
01/07/19	11:47:46.551	390	1	4.411000	1.089000	-5.8210	-5.1580
01/07/19	11:47:46.762	391	1	4.392000	1.083000	-5.9650	-5.2970
01/07/19	11:47:46.926	392	1	4.392000	1.061000	-6.0960	-5.4080
01/07/19	11:47:47.139	393	1	4.373000	1.054000	-6.2430	-5.5490
01/07/19	11:47:47.350	394	1	4.328000	1.054000	-6.3990	-5.6910
01/07/19	11:47:47.563	395	1	4.297000	1.044000	-6.5090	-5.8100
01/07/19	11:47:47.720	396	1	4.297000	1.027000	-6.6110	-5.9060
01/07/19	11:47:47.926	397	1	4.288000	1.022000	-6.7500	-6.0200
01/07/19	11:47:48.151	398	1	4.250000	1.022000	-6.8640	-6.1280
01/07/19	11:47:48.355	399	1	4.237000	1.013000	-6.9630	-6.2320
01/07/19	11:47:48.521	400	1	4.237000	1.003000	-7.0420	-6.3440
01/07/19	11:47:48.733	401	1	4.229000	1.002000	-7.1540	-6.4350
01/07/19	11:47:48.941	402	1	4.211000	1.002000	-7.2530	-6.5260
01/07/19	11:47:49.157	403	1	4.204000	0.996000	-7.3580	-6.6080
01/07/19	11:47:49.318	404	1	4.204000	0.988000	-7.4260	-6.6790
01/07/19	11:47:49.534	405	1	4.191000	0.987000	-7.5050	-6.7640
01/07/19	11:47:49.746	406	1	4.190000	0.987000	-7.6070	-6.8600
01/07/19	11:47:49.957	407	1	4.182000	0.985000	-7.6980	-6.9310
01/07/19	11:47:50.130	408	1	4.182000	0.978000	-7.7550	-7.0160
01/07/19	11:47:50.340	409	1	4.175000	0.979000	-7.8480	-7.0900
01/07/19	11:47:50.544	410	1	4.170000	0.979000	-7.9450	-7.1750
01/07/19	11:47:50.756	411	1	4.164000	0.975000	-8.0160	-7.2510
01/07/19	11:47:50.922	412	1	4.164000	0.971000	-8.0720	-7.3160
01/07/19	11:47:51.125	413	1	4.163000	0.972000	-8.1490	-7.3900
01/07/19	11:47:51.350	414	1	4.168000	0.972000	-8.2220	-7.4690
01/07/19	11:47:51.554	415	1	4.167000	0.971000	-8.3220	-7.5290
01/07/19	11:47:51.754	416	1	4.167000	0.967000	-8.3780	-7.6110
01/07/19	11:47:51.918	417	1	4.159000	0.968000	-8.4150	-7.6790
01/07/19	11:47:52.131	418	1	4.177000	0.968000	-8.5170	-7.7470
01/07/19	11:47:52.342	419	1	4.170000	0.972000	-8.5850	-7.8040
01/07/19	11:47:52.548	420	1	4.170000	0.968000	-8.6700	-7.8690
01/07/19	11:47:52.763	421	1	4.172000	0.965000	-8.7300	-7.9480
01/07/19	11:47:52.926	422	1	4.170000	0.965000	-8.8120	-8.0050
01/07/19	11:47:53.138	423	1	4.166000	0.966000	-8.8740	-8.0840
01/07/19	11:47:53.346	424	1	4.166000	0.965000	-8.9370	-8.1580
01/07/19	11:47:53.560	425	1	4.173000	0.965000	-9.0070	-8.2260
01/07/19	11:47:53.718	426	1	4.176000	0.965000	-9.0980	-8.2710
01/07/19	11:47:53.927	427	1	4.168000	0.965000	-9.1320	-8.3590
01/07/19	11:47:54.134	428	1	4.168000	0.965000	-9.2060	-8.4070
01/07/19	11:47:54.341	429	1	4.184000	0.965000	-9.3050	-8.4720
01/07/19	11:47:54.558	430	1	4.171000	0.965000	-9.3450	-8.5460
01/07/19	11:47:54.722	431	1	4.183000	0.961000	-9.4210	-8.5940
01/07/19	11:47:54.932	432	1	4.183000	0.963000	-9.4780	-8.6590
01/07/19	11:47:55.140	433	1	4.182000	0.964000	-9.5620	-8.7300
01/07/19	11:47:55.353	434	1	4.182000	0.964000	-9.6390	-8.8270
01/07/19	11:47:55.526	435	1	4.182000	0.962000	-9.6650	-8.8440
01/07/19	11:47:55.739	436	1	4.182000	0.966000	-9.7520	-8.9230
01/07/19	11:47:55.948	437	1	4.200000	0.962000	-9.8380	-8.9910
01/07/19	11:47:56.155	438	1	4.187000	0.962000	-9.8930	-9.0620
01/07/19	11:47:56.319	439	1	4.191000	0.961000	-9.9590	-9.1160
01/07/19	11:47:56.530	440	1	4.191000	0.962000	-10.0190	-9.1810
01/07/19	11:47:56.736	441	1	4.193000	0.963000	-10.1070	-9.2310
01/07/19	11:47:56.943	442	1	4.194000	0.963000	-10.1590	-9.3300
01/07/19	11:47:57.164	443	1	4.199000	0.961000	-10.2510	-9.3840
01/07/19	11:47:57.323	444	1	4.199000	0.959000	-10.2650	-9.4430
01/07/19	11:47:57.531	445	1	4.191000	0.965000	-10.3600	-9.5210
01/07/19	11:47:57.745	446	1	4.203000	0.965000	-10.4060	-9.5870
01/07/19	11:47:57.959	447	1	4.215000	0.962000	-10.4930	-9.6620
01/07/19	11:47:58.127	448	1	4.215000	0.962000	-10.5440	-9.7050
01/07/19	11:47:58.333	449	1	4.206000	0.964000	-10.6390	-9.7830
01/07/19	11:47:58.547	450	1	4.206000	0.964000	-10.7060	-9.8570
01/07/19	11:47:58.759	451	1	4.207000	0.961000	-10.7690	-9.9190
01/07/19	11:47:58.918	452	1	4.207000	0.961000	-10.8290	-9.9710
01/07/19	11:47:59.124	453	1	4.210000	0.962000	-10.9100	-10.0550
01/07/19	11:47:59.339	454	1	4.208000	0.962000	-10.9620	-10.1440
01/07/19	11:47:59.548	455	1	4.216000	0.960000	-11.0420	-10.2300
01/07/19	11:47:59.757	456	1	4.216000	0.960000	-11.1080	-10.2930
01/07/19	11:47:59.922	457	1	4.210000	0.960000	-11.1920	-10.3510
01/07/19	11:48:00.130	458	1	4.206000	0.960000	-11.2640	-10.4110
01/07/19	11:48:00.338	459	1	4.208000	0.958000	-11.3390	-10.5150
01/07/19	11:48:00.554	460	1	4.208000	0.956000	-11.4080	-10.5730
01/07/19	11:48:00.729	461	1	4.203000	0.956000	-11.4650	-10.6420
01/07/19	11:48:00.941	462	1	4.208000	0.956000	-11.5460	-10.7420
01/07/19	11:48:01.150	463	1	4.206000	0.957000	-11.6240	-10.8030
01/07/19	11:48:01.362	464	1	4.206000	0.953000	-11.7190	-10.8800
01/07/19	11:48:01.520	465	1	4.200000	0.951000	-11.7420	-10.9550
01/07/19	11:48:01.732	466	1	4.207000	0.951000	-11.8570	-11.0590
01/07/19	11:48:01.941	467	1	4.190000	0.956000	-11.9170	-11.1190
01/07/19	11:48:02.150	468	1	4.190000	0.951000	-12.0120	-11.2230
01/07/19	11:48:02.319	469	1	4.194000	0.947000	-12.0960	-11.2920
01/07/19	11:48:02.532	470	1	4.175000	0.947000	-12.1620	-11.3870
01/07/19	11:48:02.742	471	1	4.176000	0.945000	-12.2470	-11.4720
01/07/19	11:48:02.947	472	1	4.176000	0.943000	-12.3190	-11.5640
01/07/19	11:48:03.154	473	1	4.170000	0.942000	-12.4020	-11.6360
01/07/19	11:48:03.326	474	1	4.162000	0.942000	-12.4680	-11.7220
01/07/19	11:48:03.539	475	1	4.162000	0.940000	-12.5550	-11.8000
01/07/19	11:48:03.747	476	1	4.162000	0.938000	-12.6520	-11.9180
01/07/19	11:48:03.957	477	1	4.156000	0.934000	-12.7360	-12.0190
01/07/19	11:48:04.118	478	1	4.138000	0.934000	-12.8110	-12.0900
01/07/19	11:48:04.326	479	1	4.134000	0.932000	-12.9060	-12.2030
01/07/19	11:48:04.534	480	1	4.134000	0.927000	-12.9860	-12.3060
01/07/19	11:48:04.742	481	1	4.121000	0.925000	-13.0930	-12.4100
01/07/19	11:48:04.949	482	1	4.099000	0.925000	-13.1820	-12.5140
01/07/19	11:48:05.122	483	1	4.089000	0.920000	-13.2420	-12.6030
01/07/19	11:48:05.329	484	1	4.089000	0.918000	-13.3660	-12.7350
01/07/19	11:48:05.542	485	1	4.091000	0.911000	-13.4670	-12.8210
01/07/19	11:48:05.749	486	1	4.056000	0.911000	-13.5590	-12.9480
01/07/19	11:48:05.963	487	1	4.041000	0.907000	-13.6680	-13.0750
01/07/19	11:48:06.129	488	1	4.041000	0.898000	-13.7310	-13.1550
01/07/19	11:48:06.341	489	1	4.025000	0.899000	-13.8640	-13.2820
01/07/19	11:48:06.545	490	1	3.999000	0.899000	-13.9530	-13.4080
01/07/19	11:48:06.766	491	1	3.988000	0.891000	-14.0850	-13.5640
01/07/19	11:48:06.919	492	1	3.988000	0.880000	-14.1660	-13.6500
01/07/19	11:48:07.126	493	1	3.962000	0.878000	-14.2870	-13.7910
01/07/19	11:48:07.335	494	1	3.932000	0.878000	-14.3990	-13.9410
01/07/19	11:48:07.546	495	1	3.914000	0.871000	-14.5310	-14.0760
01/07/19	11:48:07.753	496	1	3.914000	0.857000	-14.6440	-14.2340
01/07/19	11:48:07.921	497	1	3.883000	0.851000	-14.7700	-14.3580
01/07/19	11:48:08.128	498	1	3.840000	0.851000	-14.8970	-14.5190
01/07/19	11:48:08.341	499	1	3.811000	0.844000	-15.0260	-14.7290
01/07/19	11:48:08.548	500	1	3.811000	0.828000	-15.2190	-14.9110
01/07/19	11:48:08.759	501	1	3.783000	0.812000	-15.3660	-15.0920
01/07/19	11:48:08.925	502	1	3.702000	0.812000	-15.4780	-15.2500
01/07/19	11:48:09.131	503	1	3.673000	0.803000	-15.6480	-15.3970
01/07/19	11:48:09.347	504	1	3.673000	0.784000	-15.7460	-15.5210
01/07/19	11:48:09.559	505	1	3.628000	0.780000	-15.8410	-15.6390
01/07/19	11:48:09.717	506	1	3.602000	0.780000	-15.9040	-15.7450
01/07/19	11:48:09.927	507	1	1.120000	0.777000	-16.0050	-15.8340
01/07/19	11:48:10.134	508	1	1.120000	-0.022000	-16.0080	-15.8540
01/07/19	11:48:10.345	509	1	1.026000	-0.022000	-15.8670	-15.7110
01/07/19	11:48:10.552	510	1	0.959000	-0.022000	-15.6620	-15.5410
01/07/19	11:48:10.722	511	1	0.908000	-0.022000	-15.4580	-15.3850
01/07/19	11:48:10.931	512	1	0.908000	-0.022000	-15.2050	-15.1470
01/07/19	11:48:11.142	513	1	0.866000	-0.022000	-14.9310	-14.9020
01/07/19	11:48:11.348	514	1	0.832000	-0.022000	-14.6440	-14.6340
01/07/19	11:48:11.562	515	1	0.802000	-0.022000	-14.3500	-14.3610
01/07/19	11:48:11.726	516	1	0.802000	-0.022000	-14.1140	-14.1650
01/07/19	11:48:11.938	517	1	0.775000	-0.022000	-13.8150	-13.8830
01/07/19	11:48:12.146	518	1	0.761000	-0.022000	-13.5240	-13.6040
01/07/19	11:48:12.359	519	1	0.739000	-0.025000	-13.2310	-13.2930
01/07/19	11:48:12.519	520	1	0.739000	-0.025000	-12.9800	-13.0630
01/07/19	11:48:12.728	521	1	0.718000	-0.025000	-12.6870	-12.7840
01/07/19	11:48:12.945	522	1	0.698000	-0.025000	-12.3790	-12.4620
01/07/19	11:48:13.152	523	1	0.679000	-0.025000	-12.0450	-12.1880
01/07/19	11:48:13.320	524	1	0.679000	-0.025000	-11.8290	-11.9610
01/07/19	11:48:13.532	525	1	0.661000	-0.025000	-11.5130	-11.6390
01/07/19	11:48:13.741	526	1	0.644000	-0.025000	-11.2450	-11.3650
01/07/19	11:48:13.949	527	1	0.628000	-0.025000	-10.9430	-11.0830
01/07/19	11:48:14.160	528	1	0.628000	-0.025000	-10.6610	-10.7840
01/07/19	11:48:14.326	529	1	0.612000	-0.025000	-10.4280	-10.5880
01/07/19	11:48:14.538	530	1	0.596000	-0.025000	-10.1490	-10.2890
01/07/19	11:48:14.746	531	1	0.581000	-0.025000	-9.8650	-10.0030
01/07/19	11:48:14.957	532	1	0.581000	-0.025000	-9.6010	-9.7090
01/07/19	11:48:15.120	533	1	0.567000	-0.025000	-9.3910	-9.5140
01/07/19	11:48:15.336	534	1	0.553000	-0.025000	-9.1140	-9.2690
01/07/19	11:48:15.557	535	1	0.540000	-0.025000	-8.8440	-8.9910
01/07/19	11:48:15.757	536	1	0.540000	-0.025000	-8.5890	-8.7470
01/07/19	11:48:15.919	537	1	0.527000	-0.025000	-8.3850	-8.5290
01/07/19	11:48:16.133	538	1	0.514000	-0.025000	-8.1300	-8.2570
01/07/19	11:48:16.344	539	1	0.501000	-0.025000	-7.8980	-8.0300
01/07/19	11:48:16.551	540	1	0.501000	-0.025000	-7.6630	-7.7810
01/07/19	11:48:16.726	541	1	0.489000	-0.025000	-7.4470	-7.5870
01/07/19	11:48:16.935	542	1	0.478000	-0.025000	-7.2210	-7.3720
01/07/19	11:48:17.147	543	1	0.466000	-0.025000	-6.9970	-7.1390
01/07/19	11:48:17.354	544	1	0.466000	-0.025000	-6.7640	-6.8810
01/07/19	11:48:17.520	545	1	0.455000	-0.025000	-6.5940	-6.7110
01/07/19	11:48:17.727	546	1	0.445000	-0.025000	-6.3560	-6.4990
01/07/19	11:48:17.940	547	1	0.434000	-0.025000	-6.1580	-6.2860
01/07/19	11:48:18.148	548	1	0.434000	-0.025000	-5.9450	-6.0790
01/07/19	11:48:18.360	549	1	0.423000	-0.025000	-5.7470	-5.8640
01/07/19	11:48:18.519	550	1	0.414000	-0.025000	-5.5630	-5.6970
01/07/19	11:48:18.728	551	1	0.404000	-0.025000	-5.3870	-5.5040
01/07/19	11:48:18.941	552	1	0.404000	-0.025000	-5.1890	-5.2830
01/07/19	11:48:19.154	553	1	0.395000	-0.025000	-4.9680	-5.0930
01/07/19	11:48:19.326	554	1	0.385000	-0.025000	-4.8200	-4.9320
01/07/19	11:48:19.538	555	1	0.376000	-0.025000	-4.6700	-4.7620
01/07/19	11:48:19.749	556	1	0.376000	-0.025000	-4.4720	-4.5690
01/07/19	11:48:19.960	557	1	0.368000	-0.025000	-4.2880	-4.3680
01/07/19	11:48:20.120	558	1	0.359000	-0.025000	-4.1430	-4.2570
01/07/19	11:48:20.327	559	1	0.351000	-0.025000	-3.9670	-4.0810
01/07/19	11:48:20.535	560	1	0.351000	-0.025000	-3.8120	-3.9140
01/07/19	11:48:20.755	561	1	0.343000	-0.025000	-3.6500	-3.7440
01/07/19	11:48:20.949	562	1	0.335000	-0.025000	-3.4830	-3.5800
01/07/19	11:48:21.119	563	1	0.328000	-0.025000	-3.3470	-3.4470
01/07/19	11:48:21.334	564	1	0.328000	-0.025000	-3.1800	-3.2820
01/07/19	11:48:21.546	565	1	0.320000	-0.025000	-3.0320	-3.1490
01/07/19	11:48:21.754	566	1	0.312000	-0.025000	-2.8710	-2.9730
01/07/19	11:48:21.927	567	1	0.305000	-0.025000	-2.7600	-2.8540
01/07/19	11:48:22.137	568	1	0.305000	-0.025000	-2.6240	-2.7180
01/07/19	11:48:22.349	569	1	0.299000	-0.025000	-2.4780	-2.5660
01/07/19	11:48:22.558	570	1	0.291000	-0.025000	-2.3380	-2.4340
01/07/19	11:48:22.725	571	1	0.284000	-0.025000	-2.2370	-2.3280
01/07/19	11:48:22.933	572	1	0.284000	-0.025000	-2.1080	-2.1960
01/07/19	11:48:23.141	573	1	0.278000	-0.025000	-1.9710	-2.0700
01/07/19	11:48:23.347	574	1	0.272000	-0.025000	-1.8450	-1.9490
01/07/19	11:48:23.562	575	1	0.265000	-0.025000	-1.7240	-1.8180
01/07/19	11:48:23.719	576	1	0.265000	-0.025000	-1.6180	-1.7220
01/07/19	11:48:23.932	577	1	0.260000	-0.025000	-1.5030	-1.5960
01/07/19	11:48:24.142	578	1	0.254000	-0.025000	-1.4020	-1.4780
01/07/19	11:48:24.350	579	1	0.249000	-0.025000	-1.2790	-1.3780
01/07/19	11:48:24.557	580	1	0.249000	-0.025000	-1.1670	-1.2520
01/07/19	11:48:24.727	581	1	0.243000	-0.025000	-1.1050	-1.1670
01/07/19	11:48:24.935	582	1	0.238000	-0.025000	-1.0010	-1.0760
01/07/19	11:48:25.147	583	1	0.233000	-0.025000	-0.8980	-0.9670
01/07/19	11:48:25.361	584	1	0.228000	-0.025000	-0.7970	-0.8860
01/07/19	11:48:25.519	585	1	0.228000	-0.025000	-0.7160	-0.7960
01/07/19	11:48:25.730	586	1	0.224000	-0.025000	-0.6260	-0.7180
01/07/19	11:48:25.943	587	1	0.219000	-0.025000	-0.5360	-0.6280
01/07/19	11:48:26.149	588	1	0.219000	-0.025000	-0.4500	-0.5270
01/07/19	11:48:26.319	589	1	0.213000	-0.025000	-0.3930	-0.4740
01/07/19	11:48:26.526	590	1	0.209000	-0.025000	-0.2900	-0.3870
01/07/19	11:48:26.734	591	1	0.204000	-0.025000	-0.1970	-0.3120
01/07/19	11:48:26.951	592	1	0.204000	-0.025000	-0.1480	-0.2430
01/07/19	11:48:27.158	593	1	0.200000	-0.025000	-0.0920	-0.1590
01/07/19	11:48:27.326	594	1	0.195000	-0.025000	-0.0220	-0.1530
01/07/19	11:48:27.538	595	1	0.192000	-0.025000	0.0250	-0.0550
01/07/19	11:48:27.746	596	1	0.192000	-0.025000	0.0730	-0.0050
01/07/19	11:48:27.955	597	1	0.188000	-0.025000	0.1430	0.0600
01/07/19	11:48:28.119	598	1	0.185000	-0.025000	0.1630	0.0990
01/07/19	11:48:28.326	599	1	0.181000	-0.025000	0.2500	0.1330
01/07/19	11:48:28.533	600	1	0.181000	-0.025000	0.2690	0.1830
01/07/19	11:48:28.753	601	1	0.178000	-0.025000	0.3310	0.2330
01/07/19	11:48:28.946	602	1	0.175000	-0.025000	0.3700	0.2920
01/07/19	11:48:29.162	603	1	0.172000	-0.025000	0.4320	0.3060
01/07/19	11:48:29.322	604	1	0.172000	-0.025000	0.4650	0.3570
01/07/19	11:48:29.529	605	1	0.169000	-0.025000	0.5050	0.3960
01/07/19	11:48:29.743	606	1	0.165000	-0.025000	0.5630	0.4490
01/07/19	11:48:29.949	607	1	0.162000	-0.025000	0.6030	0.5050
01/07/19	11:48:30.163	608	1	0.159000	-0.025000	0.6530	0.5280
01/07/19	11:48:30.328	609	1	0.159000	-0.025000	0.6920	0.5640
01/07/19	11:48:30.544	610	1	0.156000	-0.025000	0.7260	0.6060
01/07/19	11:48:30.756	611	1	0.152000	-0.025000	0.7510	0.6310
01/07/19	11:48:30.962	612	1	0.149000	-0.025000	0.8100	0.6760
01/07/19	11:48:31.120	613	1	0.149000	-0.025000	0.8520	0.6960
01/07/19	11:48:31.326	614	1	0.146000	-0.025000	0.8690	0.7270
01/07/19	11:48:31.540	615	1	0.143000	-0.025000	0.9220	0.7800
01/07/19	11:48:31.749	616	1	0.143000	-0.025000	0.9390	0.8050
01/07/19	11:48:31.923	617	1	0.139000	-0.025000	0.9750	0.8390
01/07/19	11:48:32.129	618	1	0.136000	-0.025000	0.9950	0.8780
01/07/19	11:48:32.342	619	1	0.133000	-0.025000	1.0230	0.8980
01/07/19	11:48:32.550	620	1	0.133000	-0.025000	1.0620	0.9170
01/07/19	11:48:32.766	621	1	0.130000	-0.025000	1.1070	0.9620
01/07/19	11:48:32.925	622	1	0.127000	-0.025000	1.1270	0.9650
01/07/19	11:48:33.135	623	1	0.125000	-0.025000	1.1600	1.0070
01/07/19	11:48:33.334	624	1	0.125000	-0.025000	1.1800	1.0430
01/07/19	11:48:33.553	625	1	0.122000	-0.025000	1.2080	1.0570
01/07/19	11:48:33.760	626	1	0.119000	-0.025000	1.2270	1.0880
01/07/19	11:48:33.916	627	1	0.117000	-0.025000	1.2550	1.1190
01/07/19	11:48:34.134	628	1	0.117000	-0.025000	1.2720	1.1270
01/07/19	11:48:34.344	629	1	0.114000	-0.025000	1.2950	1.1550
01/07/19	11:48:34.554	630	1	0.112000	-0.025000	1.3400	1.1810
01/07/19	11:48:34.723	631	1	0.109000	-0.025000	1.3680	1.1860
01/07/19	11:48:34.933	632	1	0.109000	-0.025000	1.3790	1.2230
01/07/19	11:48:35.143	633	1	0.107000	-0.025000	1.3980	1.2590
01/07/19	11:48:35.350	634	1	0.103000	-0.025000	1.4290	1.2730
01/07/19	11:48:35.518	635	1	0.101000	-0.025000	1.4540	1.3040
01/07/19	11:48:35.729	636	1	0.101000	-0.025000	1.4770	1.3150
01/07/19	11:48:35.946	637	1	0.099000	-0.025000	1.4940	1.3460
01/07/19	11:48:36.155	638	1	0.097000	-0.025000	1.5100	1.3400
01/07/19	11:48:36.364	639	1	0.094000	-0.025000	1.5520	1.3990
01/07/19	11:48:36.521	640	1	0.094000	-0.026000	1.5640	1.3960
