01/07/19	12:26:00.880	C:\Icing\LabView_vi\Icing_2TC_FP_v2.0.vi
Dt (s):		0.200000

Date	Time	# meas	# cycle	V	I	Temp1	Temp2

01/07/19	12:26:48.652	1	0	-0.001000	0.003000	6.0730	6.0640
01/07/19	12:26:48.842	2	0	0.000000	0.003000	6.0840	6.0560
01/07/19	12:26:49.052	3	0	0.000000	0.003000	6.0670	6.0780
01/07/19	12:26:49.273	4	0	0.000000	0.003000	6.0760	6.0700
01/07/19	12:26:49.444	5	0	0.000000	0.003000	6.0200	6.0590
01/07/19	12:26:49.650	6	0	-0.001000	0.003000	6.0450	6.0480
01/07/19	12:26:49.855	7	0	-0.001000	0.003000	6.1010	6.0670
01/07/19	12:26:50.062	8	0	-0.001000	0.003000	6.0560	6.0750
01/07/19	12:26:50.283	9	0	0.000000	0.003000	6.0950	6.0610
01/07/19	12:26:50.483	10	0	0.000000	0.003000	6.0700	6.0670
01/07/19	12:26:50.643	11	0	0.000000	0.003000	6.0540	6.0640
01/07/19	12:26:50.857	12	0	0.000000	0.003000	6.0810	6.0530
01/07/19	12:26:51.066	13	0	0.000000	0.003000	6.0370	6.0720
01/07/19	12:26:51.273	14	0	-0.001000	0.003000	6.0540	6.0920
01/07/19	12:26:51.451	15	0	-0.001000	0.003000	6.0430	6.0670
01/07/19	12:26:51.658	16	0	0.000000	0.003000	6.0780	6.0750
01/07/19	12:26:51.872	17	0	0.000000	0.003000	6.0430	6.0480
01/07/19	12:26:52.079	18	0	0.000000	0.003000	6.0670	6.0500
01/07/19	12:26:52.292	19	0	0.000000	0.003000	6.0370	6.0480
01/07/19	12:26:52.446	20	0	0.000000	0.003000	6.0620	6.0700
01/07/19	12:26:52.658	21	0	-0.001000	0.003000	6.0810	6.0560
01/07/19	12:26:52.865	22	0	0.000000	0.003000	6.0340	6.0530
01/07/19	12:26:53.078	23	0	-0.001000	0.002000	6.0840	6.0530
01/07/19	12:26:53.249	24	0	-0.001000	0.003000	6.0370	6.0420
01/07/19	12:26:53.461	25	0	0.000000	0.003000	6.0650	6.0590
01/07/19	12:26:53.670	26	0	0.000000	0.003000	6.0250	6.0490
Cycle	Time Peltier On:	60.000000	Time Peltier Off:	200.000000	# iterations	1.000000		
01/07/19	12:26:53.882	27	1	6.891000	0.003000	6.0550	6.0410
01/07/19	12:26:54.042	28	1	6.891000	0.108000	6.0270	6.0240
01/07/19	12:26:54.250	29	1	0.398000	0.108000	5.9690	5.9550
01/07/19	12:26:54.459	30	1	0.405000	0.114000	5.8810	5.9000
01/07/19	12:26:54.670	31	1	0.401000	0.112000	5.8370	5.8390
01/07/19	12:26:54.844	32	1	0.401000	0.115000	5.7710	5.7870
01/07/19	12:26:55.052	33	1	0.413000	0.115000	5.7020	5.7180
01/07/19	12:26:55.259	34	1	0.418000	0.115000	5.6300	5.6540
01/07/19	12:26:55.475	35	1	0.417000	0.114000	5.5970	5.5820
01/07/19	12:26:55.648	36	1	0.417000	0.118000	5.5170	5.5160
01/07/19	12:26:55.860	37	1	0.431000	0.117000	5.4780	5.4580
01/07/19	12:26:56.076	38	1	0.445000	0.117000	5.3840	5.3810
01/07/19	12:26:56.248	39	1	0.445000	0.120000	5.3210	5.3230
01/07/19	12:26:56.463	40	1	0.438000	0.117000	5.2600	5.2900
01/07/19	12:26:56.663	41	1	0.444000	0.118000	5.1910	5.2340
01/07/19	12:26:56.873	42	1	0.447000	0.118000	5.1330	5.1350
01/07/19	12:26:57.074	43	1	0.452000	0.118000	5.0640	5.0850
01/07/19	12:26:57.242	44	1	0.452000	0.118000	5.0140	5.0360
01/07/19	12:26:57.455	45	1	0.462000	0.118000	4.9810	4.9670
01/07/19	12:26:57.664	46	1	0.479000	0.120000	4.8730	4.9360
01/07/19	12:26:57.871	47	1	0.466000	0.119000	4.8590	4.8810
01/07/19	12:26:58.084	48	1	0.466000	0.126000	4.7740	4.8060
01/07/19	12:26:58.250	49	1	0.488000	0.126000	4.7710	4.7570
01/07/19	12:26:58.462	50	1	0.511000	0.124000	4.7320	4.7240
01/07/19	12:26:58.674	51	1	0.527000	0.136000	4.6250	4.6320
01/07/19	12:26:58.886	52	1	0.527000	0.129000	4.6110	4.5970
01/07/19	12:26:59.043	53	1	0.511000	0.129000	4.5610	4.5440
01/07/19	12:26:59.255	54	1	0.545000	0.136000	4.5090	4.4940
01/07/19	12:26:59.463	55	1	0.554000	0.140000	4.4230	4.4420
01/07/19	12:26:59.681	56	1	0.554000	0.139000	4.3680	4.3670
01/07/19	12:26:59.847	57	1	0.551000	0.139000	4.3290	4.3320
01/07/19	12:27:00.054	58	1	0.570000	0.139000	4.3240	4.2820
01/07/19	12:27:00.266	59	1	0.597000	0.150000	4.2020	4.2270
01/07/19	12:27:00.479	60	1	0.597000	0.143000	4.1770	4.1650
01/07/19	12:27:00.654	61	1	0.577000	0.143000	4.1270	4.1370
01/07/19	12:27:00.863	62	1	0.607000	0.149000	4.0900	4.0650
01/07/19	12:27:01.073	63	1	0.623000	0.156000	3.9950	4.0090
01/07/19	12:27:01.282	64	1	0.623000	0.151000	3.9170	3.9720
01/07/19	12:27:01.442	65	1	0.613000	0.151000	3.9170	3.9130
01/07/19	12:27:01.650	66	1	0.639000	0.150000	3.8470	3.8710
01/07/19	12:27:01.870	67	1	0.643000	0.158000	3.7740	3.8040
01/07/19	12:27:02.065	68	1	0.643000	0.157000	3.7260	3.7400
01/07/19	12:27:02.273	69	1	0.650000	0.159000	3.6760	3.7200
01/07/19	12:27:02.446	70	1	0.658000	0.159000	3.6360	3.6470
01/07/19	12:27:02.653	71	1	0.658000	0.165000	3.6000	3.5880
01/07/19	12:27:02.864	72	1	0.675000	0.169000	3.5080	3.5460
01/07/19	12:27:03.070	73	1	0.678000	0.165000	3.4880	3.4850
01/07/19	12:27:03.278	74	1	0.701000	0.165000	3.4320	3.4290
01/07/19	12:27:03.451	75	1	0.701000	0.171000	3.3930	3.3700
01/07/19	12:27:03.667	76	1	0.710000	0.176000	3.3420	3.3430
01/07/19	12:27:03.872	77	1	0.726000	0.178000	3.2680	3.2790
01/07/19	12:27:04.084	78	1	0.731000	0.178000	3.2180	3.2310
01/07/19	12:27:04.243	79	1	0.731000	0.177000	3.1780	3.1830
01/07/19	12:27:04.456	80	1	0.741000	0.182000	3.1170	3.1380
01/07/19	12:27:04.662	81	1	0.757000	0.183000	3.0330	3.0630
01/07/19	12:27:04.870	82	1	0.753000	0.183000	3.0300	3.0210
01/07/19	12:27:05.044	83	1	0.753000	0.185000	2.9430	2.9540
01/07/19	12:27:05.251	84	1	0.783000	0.186000	2.9230	2.9000
01/07/19	12:27:05.466	85	1	0.799000	0.192000	2.8170	2.8500
01/07/19	12:27:05.674	86	1	0.789000	0.192000	2.7780	2.7850
01/07/19	12:27:05.847	87	1	0.789000	0.189000	2.7410	2.7570
01/07/19	12:27:06.059	88	1	0.800000	0.195000	2.6880	2.6870
01/07/19	12:27:06.270	89	1	0.823000	0.197000	2.6120	2.6540
01/07/19	12:27:06.484	90	1	0.820000	0.197000	2.5390	2.5810
01/07/19	12:27:06.642	91	1	0.820000	0.194000	2.5090	2.5360
01/07/19	12:27:06.850	92	1	0.823000	0.199000	2.4950	2.4720
01/07/19	12:27:07.057	93	1	0.861000	0.199000	2.4220	2.4210
01/07/19	12:27:07.272	94	1	0.861000	0.206000	2.3830	2.3850
01/07/19	12:27:07.490	95	1	0.877000	0.206000	2.2870	2.3120
01/07/19	12:27:07.644	96	1	0.877000	0.204000	2.2790	2.2700
01/07/19	12:27:07.852	97	1	0.890000	0.204000	2.2140	2.2110
01/07/19	12:27:08.063	98	1	0.894000	0.211000	2.1250	2.1610
01/07/19	12:27:08.270	99	1	0.890000	0.209000	2.1000	2.1050
01/07/19	12:27:08.480	100	1	0.890000	0.214000	1.9930	2.0370
01/07/19	12:27:08.646	101	1	0.910000	0.214000	1.9790	2.0230
01/07/19	12:27:08.862	102	1	0.917000	0.209000	1.9760	1.9500
01/07/19	12:27:09.068	103	1	0.949000	0.224000	1.8870	1.9170
01/07/19	12:27:09.280	104	1	0.949000	0.221000	1.8250	1.8360
01/07/19	12:27:09.445	105	1	0.943000	0.221000	1.8110	1.7940
01/07/19	12:27:09.667	106	1	0.970000	0.221000	1.7410	1.7370
01/07/19	12:27:09.869	107	1	0.973000	0.228000	1.6570	1.6670
01/07/19	12:27:10.073	108	1	0.973000	0.225000	1.5950	1.6370
01/07/19	12:27:10.245	109	1	0.967000	0.225000	1.5670	1.5830
01/07/19	12:27:10.452	110	1	0.989000	0.226000	1.5220	1.5390
01/07/19	12:27:10.664	111	1	1.003000	0.234000	1.4410	1.4630
01/07/19	12:27:10.876	112	1	1.003000	0.232000	1.4130	1.4070
01/07/19	12:27:11.047	113	1	1.000000	0.232000	1.3710	1.3700
01/07/19	12:27:11.259	114	1	1.028000	0.237000	1.3320	1.3000
01/07/19	12:27:11.466	115	1	1.041000	0.243000	1.2810	1.2500
01/07/19	12:27:11.677	116	1	1.041000	0.245000	1.1860	1.2130
01/07/19	12:27:11.846	117	1	1.052000	0.245000	1.1500	1.1630
01/07/19	12:27:12.055	118	1	1.059000	0.242000	1.1130	1.1010
01/07/19	12:27:12.268	119	1	1.072000	0.249000	1.0150	1.0510
01/07/19	12:27:12.466	120	1	1.072000	0.245000	1.0010	0.9610
01/07/19	12:27:12.678	121	1	1.070000	0.252000	0.9030	0.9220
01/07/19	12:27:12.842	122	1	1.076000	0.252000	0.8780	0.8660
01/07/19	12:27:13.055	123	1	1.076000	0.253000	0.8190	0.8040
01/07/19	12:27:13.266	124	1	1.095000	0.254000	0.7600	0.7790
01/07/19	12:27:13.473	125	1	1.104000	0.255000	0.6820	0.7120
01/07/19	12:27:13.647	126	1	1.105000	0.255000	0.6420	0.6640
01/07/19	12:27:13.861	127	1	1.118000	0.257000	0.6170	0.5970
01/07/19	12:27:14.070	128	1	1.118000	0.262000	0.5610	0.5550
01/07/19	12:27:14.278	129	1	1.138000	0.264000	0.4830	0.5020
01/07/19	12:27:14.443	130	1	1.141000	0.264000	0.4490	0.4600
01/07/19	12:27:14.649	131	1	1.141000	0.267000	0.4130	0.4010
01/07/19	12:27:14.856	132	1	1.160000	0.269000	0.3370	0.3420
01/07/19	12:27:15.077	133	1	1.171000	0.268000	0.3090	0.3060
01/07/19	12:27:15.291	134	1	1.189000	0.268000	0.2110	0.2380
01/07/19	12:27:15.443	135	1	1.189000	0.274000	0.1720	0.1850
01/07/19	12:27:15.656	136	1	1.180000	0.274000	0.1440	0.1290
01/07/19	12:27:15.864	137	1	1.212000	0.278000	0.0760	0.0790
01/07/19	12:27:16.072	138	1	1.213000	0.278000	0.0370	0.0250
01/07/19	12:27:16.280	139	1	1.229000	0.280000	-0.0500	-0.0220
01/07/19	12:27:16.454	140	1	1.229000	0.279000	-0.0860	-0.0670
01/07/19	12:27:16.662	141	1	1.235000	0.283000	-0.1390	-0.1150
01/07/19	12:27:16.874	142	1	1.245000	0.283000	-0.1870	-0.1990
01/07/19	12:27:17.085	143	1	1.254000	0.285000	-0.2910	-0.2550
01/07/19	12:27:17.247	144	1	1.254000	0.282000	-0.3160	-0.2740
01/07/19	12:27:17.451	145	1	1.261000	0.282000	-0.3690	-0.3300
01/07/19	12:27:17.662	146	1	1.271000	0.287000	-0.4030	-0.4030
01/07/19	12:27:17.871	147	1	1.287000	0.294000	-0.4810	-0.4540
01/07/19	12:27:18.092	148	1	1.287000	0.291000	-0.5040	-0.5130
01/07/19	12:27:18.245	149	1	1.284000	0.291000	-0.5740	-0.5350
01/07/19	12:27:18.456	150	1	1.303000	0.297000	-0.6350	-0.5990
01/07/19	12:27:18.663	151	1	1.310000	0.298000	-0.6630	-0.6610
01/07/19	12:27:18.876	152	1	1.310000	0.302000	-0.7420	-0.7140
01/07/19	12:27:19.049	153	1	1.330000	0.302000	-0.7670	-0.7590
01/07/19	12:27:19.261	154	1	1.346000	0.300000	-0.8340	-0.8150
01/07/19	12:27:19.467	155	1	1.349000	0.306000	-0.8570	-0.8740
01/07/19	12:27:19.684	156	1	1.349000	0.311000	-0.9410	-0.9130
01/07/19	12:27:19.839	157	1	1.367000	0.311000	-0.9830	-0.9520
01/07/19	12:27:20.047	158	1	1.376000	0.310000	-1.0420	-1.0140
01/07/19	12:27:20.255	159	1	1.376000	0.313000	-1.0950	-1.0810
01/07/19	12:27:20.462	160	1	1.382000	0.315000	-1.1310	-1.1320
01/07/19	12:27:20.678	161	1	1.396000	0.319000	-1.2180	-1.1710
01/07/19	12:27:20.878	162	1	1.399000	0.319000	-1.2460	-1.2630
01/07/19	12:27:21.044	163	1	1.399000	0.316000	-1.2880	-1.3000
01/07/19	12:27:21.255	164	1	1.418000	0.324000	-1.3500	-1.3280
01/07/19	12:27:21.464	165	1	1.433000	0.325000	-1.4280	-1.4040
01/07/19	12:27:21.677	166	1	1.429000	0.325000	-1.4900	-1.4620
01/07/19	12:27:21.852	167	1	1.429000	0.323000	-1.4950	-1.5070
01/07/19	12:27:22.065	168	1	1.437000	0.332000	-1.5940	-1.5550
01/07/19	12:27:22.274	169	1	1.460000	0.328000	-1.6130	-1.6190
01/07/19	12:27:22.482	170	1	1.474000	0.328000	-1.6660	-1.6640
01/07/19	12:27:22.642	171	1	1.474000	0.334000	-1.7420	-1.7090
01/07/19	12:27:22.849	172	1	1.481000	0.334000	-1.7870	-1.7450
01/07/19	12:27:23.058	173	1	1.492000	0.336000	-1.8290	-1.8130
01/07/19	12:27:23.276	174	1	1.504000	0.336000	-1.8740	-1.8800
01/07/19	12:27:23.492	175	1	1.517000	0.340000	-1.9660	-1.9470
01/07/19	12:27:23.642	176	1	1.517000	0.340000	-2.0140	-1.9780
01/07/19	12:27:23.860	177	1	1.517000	0.341000	-2.0670	-2.0280
01/07/19	12:27:24.069	178	1	1.527000	0.341000	-2.0730	-2.0700
01/07/19	12:27:24.281	179	1	1.552000	0.348000	-2.1850	-2.1240
01/07/19	12:27:24.449	180	1	1.552000	0.346000	-2.1790	-2.1800
01/07/19	12:27:24.662	181	1	1.568000	0.354000	-2.2690	-2.2190
01/07/19	12:27:24.874	182	1	1.563000	0.354000	-2.2880	-2.2780
01/07/19	12:27:25.086	183	1	1.586000	0.352000	-2.3720	-2.3340
01/07/19	12:27:25.246	184	1	1.586000	0.356000	-2.4030	-2.3900
01/07/19	12:27:25.457	185	1	1.596000	0.359000	-2.4990	-2.4490
01/07/19	12:27:25.672	186	1	1.586000	0.359000	-2.4870	-2.5050
01/07/19	12:27:25.875	187	1	1.620000	0.356000	-2.5800	-2.5690
01/07/19	12:27:26.044	188	1	1.620000	0.362000	-2.6020	-2.6090
01/07/19	12:27:26.254	189	1	1.634000	0.362000	-2.6790	-2.6430
01/07/19	12:27:26.462	190	1	1.631000	0.369000	-2.7330	-2.7140
01/07/19	12:27:26.669	191	1	1.640000	0.368000	-2.7750	-2.7650
01/07/19	12:27:26.884	192	1	1.640000	0.372000	-2.8290	-2.8180
01/07/19	12:27:27.050	193	1	1.654000	0.372000	-2.9080	-2.8690
01/07/19	12:27:27.264	194	1	1.657000	0.373000	-2.9570	-2.9370
01/07/19	12:27:27.478	195	1	1.667000	0.373000	-2.9710	-2.9770
01/07/19	12:27:27.690	196	1	1.667000	0.380000	-3.0390	-3.0250
01/07/19	12:27:27.845	197	1	1.693000	0.380000	-3.0980	-3.0850
01/07/19	12:27:28.056	198	1	1.699000	0.380000	-3.1780	-3.1130
01/07/19	12:27:28.265	199	1	1.696000	0.380000	-3.1950	-3.1730
01/07/19	12:27:28.474	200	1	1.696000	0.385000	-3.2830	-3.2460
01/07/19	12:27:28.642	201	1	1.718000	0.385000	-3.2800	-3.2750
01/07/19	12:27:28.854	202	1	1.743000	0.383000	-3.3650	-3.3570
01/07/19	12:27:29.062	203	1	1.737000	0.389000	-3.4020	-3.4020
01/07/19	12:27:29.269	204	1	1.737000	0.393000	-3.4410	-3.4560
01/07/19	12:27:29.482	205	1	1.759000	0.397000	-3.5060	-3.4980
01/07/19	12:27:29.647	206	1	1.770000	0.397000	-3.5690	-3.5440
01/07/19	12:27:29.862	207	1	1.773000	0.397000	-3.6250	-3.5980
01/07/19	12:27:30.073	208	1	1.773000	0.399000	-3.6540	-3.6490
01/07/19	12:27:30.280	209	1	1.782000	0.403000	-3.7270	-3.7140
01/07/19	12:27:30.440	210	1	1.799000	0.403000	-3.7700	-3.7790
01/07/19	12:27:30.651	211	1	1.799000	0.406000	-3.8610	-3.8330
01/07/19	12:27:30.859	212	1	1.812000	0.402000	-3.8800	-3.8840
01/07/19	12:27:31.070	213	1	1.808000	0.408000	-3.9740	-3.9260
01/07/19	12:27:31.277	214	1	1.814000	0.408000	-3.9940	-3.9940
01/07/19	12:27:31.445	215	1	1.814000	0.405000	-4.0220	-4.0000
01/07/19	12:27:31.653	216	1	1.836000	0.415000	-4.1070	-4.0710
01/07/19	12:27:31.862	217	1	1.847000	0.413000	-4.1300	-4.1330
01/07/19	12:27:32.069	218	1	1.869000	0.413000	-4.2150	-4.1870
01/07/19	12:27:32.284	219	1	1.866000	0.418000	-4.2320	-4.2380
01/07/19	12:27:32.450	220	1	1.866000	0.423000	-4.3110	-4.2550
01/07/19	12:27:32.663	221	1	1.882000	0.421000	-4.3820	-4.3320
01/07/19	12:27:32.873	222	1	1.885000	0.421000	-4.4300	-4.3940
01/07/19	12:27:33.080	223	1	1.894000	0.421000	-4.4420	-4.4420
01/07/19	12:27:33.240	224	1	1.894000	0.429000	-4.5040	-4.4900
01/07/19	12:27:33.450	225	1	1.923000	0.429000	-4.5780	-4.5550
01/07/19	12:27:33.674	226	1	1.923000	0.430000	-4.5970	-4.6040
01/07/19	12:27:33.878	227	1	1.946000	0.430000	-4.6800	-4.6490
01/07/19	12:27:34.092	228	1	1.946000	0.433000	-4.7250	-4.7110
01/07/19	12:27:34.242	229	1	1.943000	0.433000	-4.7590	-4.7570
01/07/19	12:27:34.455	230	1	1.967000	0.436000	-4.8550	-4.8050
01/07/19	12:27:34.668	231	1	1.957000	0.436000	-4.8580	-4.8700
01/07/19	12:27:34.881	232	1	1.957000	0.444000	-4.9200	-4.8980
01/07/19	12:27:35.054	233	1	1.986000	0.445000	-4.9740	-4.9490
01/07/19	12:27:35.260	234	1	1.996000	0.445000	-5.0540	-5.0030
01/07/19	12:27:35.472	235	1	1.997000	0.446000	-5.0710	-5.0600
01/07/19	12:27:35.681	236	1	1.997000	0.451000	-5.1440	-5.1390
01/07/19	12:27:35.840	237	1	2.020000	0.451000	-5.2010	-5.1620
01/07/19	12:27:36.049	238	1	2.022000	0.450000	-5.2460	-5.2270
01/07/19	12:27:36.272	239	1	2.035000	0.454000	-5.2860	-5.2670
01/07/19	12:27:36.476	240	1	2.035000	0.457000	-5.3310	-5.3090
01/07/19	12:27:36.698	241	1	2.047000	0.460000	-5.3970	-5.3860
01/07/19	12:27:36.841	242	1	2.061000	0.460000	-5.4110	-5.4080
01/07/19	12:27:37.049	243	1	2.061000	0.467000	-5.4870	-5.4740
01/07/19	12:27:37.258	244	1	2.086000	0.466000	-5.5240	-5.5440
01/07/19	12:27:37.471	245	1	2.096000	0.469000	-5.6030	-5.5900
01/07/19	12:27:37.677	246	1	2.096000	0.469000	-5.6490	-5.6410
01/07/19	12:27:37.850	247	1	2.096000	0.468000	-5.7050	-5.6920
01/07/19	12:27:38.055	248	1	2.106000	0.472000	-5.7620	-5.7370
01/07/19	12:27:38.270	249	1	2.118000	0.473000	-5.8190	-5.7830
01/07/19	12:27:38.484	250	1	2.124000	0.473000	-5.8810	-5.8310
01/07/19	12:27:38.643	251	1	2.124000	0.474000	-5.9040	-5.8900
01/07/19	12:27:38.852	252	1	2.132000	0.480000	-5.9720	-5.9410
01/07/19	12:27:39.056	253	1	2.151000	0.480000	-5.9940	-6.0120
01/07/19	12:27:39.264	254	1	2.172000	0.480000	-6.0740	-6.0600
01/07/19	12:27:39.471	255	1	2.172000	0.484000	-6.1330	-6.1110
01/07/19	12:27:39.680	256	1	2.172000	0.485000	-6.1530	-6.1420
01/07/19	12:27:39.846	257	1	2.196000	0.485000	-6.2130	-6.1930
01/07/19	12:27:40.062	258	1	2.203000	0.491000	-6.2860	-6.2640
01/07/19	12:27:40.270	259	1	2.203000	0.491000	-6.3290	-6.3040
01/07/19	12:27:40.480	260	1	2.202000	0.494000	-6.3740	-6.3520
01/07/19	12:27:40.646	261	1	2.223000	0.494000	-6.4280	-6.4090
01/07/19	12:27:40.863	262	1	2.231000	0.497000	-6.4850	-6.4680
01/07/19	12:27:41.070	263	1	2.231000	0.500000	-6.5240	-6.5340
01/07/19	12:27:41.280	264	1	2.241000	0.503000	-6.6090	-6.5500
01/07/19	12:27:41.488	265	1	2.247000	0.501000	-6.6260	-6.6100
01/07/19	12:27:41.645	266	1	2.270000	0.501000	-6.7000	-6.6780
01/07/19	12:27:41.857	267	1	2.270000	0.505000	-6.7480	-6.7290
01/07/19	12:27:42.075	268	1	2.268000	0.509000	-6.8110	-6.7770
01/07/19	12:27:42.243	269	1	2.281000	0.509000	-6.8330	-6.8280
01/07/19	12:27:42.460	270	1	2.305000	0.509000	-6.8980	-6.8850
01/07/19	12:27:42.670	271	1	2.305000	0.515000	-6.9380	-6.9190
01/07/19	12:27:42.881	272	1	2.307000	0.517000	-6.9920	-6.9900
01/07/19	12:27:43.054	273	1	2.325000	0.517000	-7.0430	-7.0150
01/07/19	12:27:43.263	274	1	2.337000	0.519000	-7.1310	-7.0800
01/07/19	12:27:43.470	275	1	2.337000	0.519000	-7.1360	-7.1310
01/07/19	12:27:43.683	276	1	2.329000	0.526000	-7.1900	-7.1800
01/07/19	12:27:43.842	277	1	2.365000	0.526000	-7.2360	-7.2190
01/07/19	12:27:44.059	278	1	2.374000	0.528000	-7.2980	-7.2760
01/07/19	12:27:44.275	279	1	2.374000	0.531000	-7.3750	-7.3300
01/07/19	12:27:44.446	280	1	2.380000	0.529000	-7.4200	-7.3750
01/07/19	12:27:44.654	281	1	2.387000	0.529000	-7.4370	-7.4350
01/07/19	12:27:44.861	282	1	2.408000	0.532000	-7.4960	-7.4800
01/07/19	12:27:45.075	283	1	2.408000	0.539000	-7.5700	-7.5310
01/07/19	12:27:45.285	284	1	2.415000	0.539000	-7.5930	-7.5620
01/07/19	12:27:45.449	285	1	2.435000	0.539000	-7.6580	-7.6300
01/07/19	12:27:45.660	286	1	2.437000	0.544000	-7.7030	-7.6780
01/07/19	12:27:45.879	287	1	2.437000	0.547000	-7.7830	-7.7550
01/07/19	12:27:46.094	288	1	2.450000	0.545000	-7.7910	-7.7970
01/07/19	12:27:46.242	289	1	2.463000	0.545000	-7.8510	-7.8200
01/07/19	12:27:46.460	290	1	2.479000	0.553000	-7.9270	-7.8850
01/07/19	12:27:46.674	291	1	2.479000	0.552000	-7.9670	-7.9650
01/07/19	12:27:46.847	292	1	2.475000	0.556000	-8.0290	-7.9900
01/07/19	12:27:47.060	293	1	2.491000	0.556000	-8.0800	-8.0500
01/07/19	12:27:47.273	294	1	2.501000	0.556000	-8.1230	-8.0980
01/07/19	12:27:47.479	295	1	2.501000	0.561000	-8.1600	-8.1710
01/07/19	12:27:47.643	296	1	2.513000	0.565000	-8.2050	-8.2080
01/07/19	12:27:47.859	297	1	2.538000	0.565000	-8.2560	-8.2480
01/07/19	12:27:48.063	298	1	2.549000	0.567000	-8.3100	-8.3100
01/07/19	12:27:48.274	299	1	2.549000	0.570000	-8.3720	-8.3640
01/07/19	12:27:48.490	300	1	2.556000	0.572000	-8.4090	-8.3980
01/07/19	12:27:48.641	301	1	2.569000	0.572000	-8.4710	-8.4520
01/07/19	12:27:48.849	302	1	2.577000	0.576000	-8.5140	-8.4940
01/07/19	12:27:49.064	303	1	2.577000	0.579000	-8.5700	-8.5710
01/07/19	12:27:49.272	304	1	2.591000	0.581000	-8.6100	-8.6360
01/07/19	12:27:49.453	305	1	2.609000	0.581000	-8.6890	-8.6670
01/07/19	12:27:49.659	306	1	2.606000	0.584000	-8.6780	-8.5910
01/07/19	12:27:49.871	307	1	2.606000	0.591000	-8.4460	-8.3870
01/07/19	12:27:50.079	308	1	2.641000	0.629000	-8.4660	-8.4550
01/07/19	12:27:50.241	309	1	2.785000	0.629000	-8.5700	-8.5450
01/07/19	12:27:50.448	310	1	2.778000	0.635000	-8.6700	-8.6530
01/07/19	12:27:50.669	311	1	2.778000	0.626000	-8.7490	-8.7440
01/07/19	12:27:50.862	312	1	2.768000	0.625000	-8.8850	-8.8370
01/07/19	12:27:51.069	313	1	2.742000	0.625000	-8.9420	-8.9540
01/07/19	12:27:51.284	314	1	2.747000	0.616000	-9.0240	-9.0240
01/07/19	12:27:51.445	315	1	2.747000	0.615000	-9.1150	-9.0730
01/07/19	12:27:51.657	316	1	2.741000	0.612000	-9.1740	-9.1600
01/07/19	12:27:51.867	317	1	2.737000	0.612000	-9.2790	-9.2200
01/07/19	12:27:52.074	318	1	2.722000	0.613000	-9.3190	-9.2820
01/07/19	12:27:52.278	319	1	2.722000	0.611000	-9.3610	-9.3810
01/07/19	12:27:52.451	320	1	2.733000	0.616000	-9.4400	-9.3930
01/07/19	12:27:52.664	321	1	2.741000	0.616000	-9.4750	-9.4670
01/07/19	12:27:52.871	322	1	2.757000	0.613000	-9.5780	-9.5190
01/07/19	12:27:53.081	323	1	2.757000	0.612000	-9.6040	-9.5700
01/07/19	12:27:53.240	324	1	2.741000	0.618000	-9.6160	-9.6050
01/07/19	12:27:53.448	325	1	2.781000	0.618000	-9.6710	-9.6510
01/07/19	12:27:53.666	326	1	2.789000	0.624000	-9.7420	-9.7140
01/07/19	12:27:53.872	327	1	2.789000	0.625000	-9.7600	-9.7490
01/07/19	12:27:54.042	328	1	0.893000	-0.022000	-9.8290	-9.8010
01/07/19	12:27:54.251	329	1	0.707000	-0.022000	-9.7370	-9.7370
01/07/19	12:27:54.467	330	1	0.653000	-0.022000	-9.6330	-9.5730
01/07/19	12:27:54.675	331	1	0.653000	-0.022000	-9.3470	-9.4010
01/07/19	12:27:54.848	332	1	0.612000	-0.022000	-9.1660	-9.1750
01/07/19	12:27:55.057	333	1	0.581000	-0.022000	-8.8910	-8.8940
01/07/19	12:27:55.270	334	1	0.555000	-0.022000	-8.5930	-8.6050
01/07/19	12:27:55.474	335	1	0.555000	-0.022000	-8.2810	-8.3100
01/07/19	12:27:55.643	336	1	0.533000	-0.022000	-8.0320	-8.0690
01/07/19	12:27:55.850	337	1	0.514000	-0.022000	-7.7120	-7.7690
01/07/19	12:27:56.060	338	1	0.496000	-0.022000	-7.4600	-7.4630
01/07/19	12:27:56.268	339	1	0.496000	-0.025000	-7.1620	-7.1800
01/07/19	12:27:56.474	340	1	0.487000	-0.025000	-6.8470	-6.8910
01/07/19	12:27:56.645	341	1	0.473000	-0.025000	-6.6460	-6.6580
01/07/19	12:27:56.851	342	1	0.458000	-0.025000	-6.3430	-6.3860
01/07/19	12:27:57.065	343	1	0.458000	-0.025000	-6.1020	-6.1310
01/07/19	12:27:57.275	344	1	0.446000	-0.025000	-5.8270	-5.8820
01/07/19	12:27:57.483	345	1	0.433000	-0.025000	-5.5720	-5.6180
01/07/19	12:27:57.648	346	1	0.421000	-0.025000	-5.3680	-5.4370
01/07/19	12:27:57.861	347	1	0.421000	-0.025000	-5.1020	-5.1760
01/07/19	12:27:58.069	348	1	0.410000	-0.025000	-4.9230	-4.9210
01/07/19	12:27:58.275	349	1	0.399000	-0.025000	-4.6540	-4.7030
01/07/19	12:27:58.440	350	1	0.388000	-0.025000	-4.5010	-4.5470
01/07/19	12:27:58.649	351	1	0.388000	-0.025000	-4.2430	-4.3120
01/07/19	12:27:58.859	352	1	0.378000	-0.025000	-4.0760	-4.0880
01/07/19	12:27:59.064	353	1	0.369000	-0.025000	-3.8610	-3.9120
01/07/19	12:27:59.288	354	1	0.359000	-0.025000	-3.6540	-3.6940
01/07/19	12:27:59.445	355	1	0.359000	-0.025000	-3.4920	-3.5240
01/07/19	12:27:59.653	356	1	0.349000	-0.025000	-3.3190	-3.3540
01/07/19	12:27:59.860	357	1	0.340000	-0.025000	-3.1490	-3.1750
01/07/19	12:28:00.073	358	1	0.332000	-0.025000	-2.9400	-2.9880
01/07/19	12:28:00.289	359	1	0.324000	-0.025000	-2.7890	-2.8240
01/07/19	12:28:00.448	360	1	0.324000	-0.025000	-2.6390	-2.6790
01/07/19	12:28:00.652	361	1	0.316000	-0.025000	-2.4730	-2.5100
01/07/19	12:28:00.863	362	1	0.307000	-0.025000	-2.3530	-2.3560
01/07/19	12:28:01.063	363	1	0.307000	-0.025000	-2.1480	-2.1970
01/07/19	12:28:01.275	364	1	0.300000	-0.025000	-1.9940	-2.0340
01/07/19	12:28:01.442	365	1	0.292000	-0.025000	-1.8710	-1.9160
01/07/19	12:28:01.656	366	1	0.285000	-0.025000	-1.7200	-1.7760
01/07/19	12:28:01.861	367	1	0.285000	-0.025000	-1.6050	-1.6220
01/07/19	12:28:02.074	368	1	0.278000	-0.025000	-1.4090	-1.4760
01/07/19	12:28:02.284	369	1	0.271000	-0.025000	-1.3050	-1.3590
01/07/19	12:28:02.449	370	1	0.264000	-0.025000	-1.2010	-1.2380
01/07/19	12:28:02.660	371	1	0.264000	-0.025000	-1.0530	-1.1090
01/07/19	12:28:02.867	372	1	0.258000	-0.025000	-0.9570	-0.9780
01/07/19	12:28:03.085	373	1	0.251000	-0.025000	-0.8290	-0.8680
01/07/19	12:28:03.243	374	1	0.245000	-0.025000	-0.7360	-0.7650
01/07/19	12:28:03.454	375	1	0.245000	-0.025000	-0.5620	-0.6580
01/07/19	12:28:03.663	376	1	0.239000	-0.025000	-0.5060	-0.5180
01/07/19	12:28:03.872	377	1	0.234000	-0.025000	-0.3470	-0.4060
01/07/19	12:28:04.081	378	1	0.228000	-0.025000	-0.2740	-0.3110
01/07/19	12:28:04.243	379	1	0.228000	-0.025000	-0.1760	-0.2160
01/07/19	12:28:04.456	380	1	0.222000	-0.025000	-0.0550	-0.1230
01/07/19	12:28:04.664	381	1	0.217000	-0.025000	0.0150	-0.0250
01/07/19	12:28:04.872	382	1	0.212000	-0.025000	0.0930	0.0590
