01/07/19	12:11:10.927	C:\Icing\LabView_vi\Icing_2TC_FP_v2.0.vi
Dt (s):		0.200000

Date	Time	# meas	# cycle	V	I	Temp1	Temp2

01/07/19	12:12:01.217	1	0	0.000000	0.003000	6.0740	5.9960
01/07/19	12:12:01.411	2	0	0.000000	0.003000	6.0240	6.0100
01/07/19	12:12:01.614	3	0	0.000000	0.003000	6.0190	6.0130
01/07/19	12:12:01.845	4	0	0.000000	0.003000	6.0000	5.9850
01/07/19	12:12:02.045	5	0	0.000000	0.003000	5.9970	5.9930
01/07/19	12:12:02.212	6	0	0.000000	0.003000	6.0130	5.9990
01/07/19	12:12:02.426	7	0	0.000000	0.003000	6.0110	6.0160
01/07/19	12:12:02.636	8	0	0.000000	0.003000	5.9880	6.0020
01/07/19	12:12:02.843	9	0	0.000000	0.003000	6.0110	5.9930
01/07/19	12:12:03.017	10	0	0.000000	0.003000	5.9940	6.0180
01/07/19	12:12:03.232	11	0	0.000000	0.003000	6.0240	5.9910
01/07/19	12:12:03.443	12	0	0.000000	0.003000	6.0050	6.0100
01/07/19	12:12:03.655	13	0	0.000000	0.002000	5.9860	6.0130
01/07/19	12:12:03.812	14	0	0.000000	0.002000	5.9970	6.0100
01/07/19	12:12:04.020	15	0	0.000000	0.003000	6.0080	5.9880
01/07/19	12:12:04.228	16	0	0.000000	0.003000	5.9830	5.9990
01/07/19	12:12:04.435	17	0	0.000000	0.002000	5.9770	6.0070
01/07/19	12:12:04.656	18	0	0.000000	0.002000	5.9880	5.9960
01/07/19	12:12:04.814	19	0	0.000000	0.003000	5.9910	6.0070
01/07/19	12:12:05.021	20	0	0.000000	0.003000	6.0350	6.0040
01/07/19	12:12:05.234	21	0	0.000000	0.003000	5.9830	5.9960
01/07/19	12:12:05.441	22	0	0.000000	0.003000	5.9880	5.9960
01/07/19	12:12:05.648	23	0	0.000000	0.003000	5.9770	5.9850
01/07/19	12:12:05.820	24	0	0.000000	0.003000	5.9750	5.9710
01/07/19	12:12:06.028	25	0	0.000000	0.003000	5.9830	5.9820
01/07/19	12:12:06.239	26	0	0.000000	0.003000	5.9910	5.9820
01/07/19	12:12:06.445	27	0	0.000000	0.003000	5.9720	5.9960
01/07/19	12:12:06.613	28	0	0.000000	0.002000	5.9940	5.9910
01/07/19	12:12:06.821	29	0	0.000000	0.002000	6.0050	5.9880
01/07/19	12:12:07.028	30	0	0.000000	0.003000	5.9830	5.9820
01/07/19	12:12:07.234	31	0	0.000000	0.003000	5.9940	5.9930
01/07/19	12:12:07.449	32	0	0.000000	0.003000	5.9880	5.9930
01/07/19	12:12:07.616	33	0	0.000000	0.003000	5.9800	5.9740
01/07/19	12:12:07.825	34	0	0.000000	0.003000	5.9690	5.9820
01/07/19	12:12:08.034	35	0	0.000000	0.003000	5.9690	5.9930
01/07/19	12:12:08.246	36	0	0.000000	0.003000	5.9940	5.9990
01/07/19	12:12:08.419	37	0	0.000000	0.003000	5.9720	5.9850
01/07/19	12:12:08.632	38	0	0.000000	0.002000	5.9860	5.9910
01/07/19	12:12:08.840	39	0	0.000000	0.003000	5.9800	5.9820
01/07/19	12:12:09.053	40	0	0.000000	0.003000	5.9910	5.9800
01/07/19	12:12:09.213	41	0	0.000000	0.003000	5.9860	5.9710
01/07/19	12:12:09.427	42	0	0.000000	0.003000	5.9830	5.9770
01/07/19	12:12:09.630	43	0	0.000000	0.003000	5.9940	5.9690
01/07/19	12:12:09.839	44	0	0.000000	0.003000	5.9830	6.0020
01/07/19	12:12:10.047	45	0	0.000000	0.002000	5.9770	5.9770
01/07/19	12:12:10.213	46	0	0.000000	0.002000	5.9880	5.9820
01/07/19	12:12:10.426	47	0	0.000000	0.003000	5.9970	6.0020
01/07/19	12:12:10.637	48	0	0.000000	0.003000	6.0020	6.0180
01/07/19	12:12:10.844	49	0	0.000000	0.003000	5.9940	6.0240
01/07/19	12:12:11.050	50	0	0.000000	0.003000	6.0050	6.0400
01/07/19	12:12:11.217	51	0	0.000000	0.002000	6.0410	6.0510
01/07/19	12:12:11.433	52	0	0.000000	0.003000	6.0580	6.0870
01/07/19	12:12:11.641	53	0	0.000000	0.003000	6.0710	6.1090
01/07/19	12:12:11.852	54	0	0.000000	0.003000	6.0740	6.1370
01/07/19	12:12:12.015	55	0	0.000000	0.002000	6.0910	6.1400
01/07/19	12:12:12.225	56	0	0.000000	0.003000	6.0960	6.1290
01/07/19	12:12:12.447	57	0	0.000000	0.003000	6.0850	6.1480
01/07/19	12:12:12.653	58	0	0.000000	0.003000	6.0960	6.1670
01/07/19	12:12:12.815	59	0	0.000000	0.003000	6.0990	6.1450
01/07/19	12:12:13.022	60	0	0.000000	0.003000	6.0710	6.9870
01/07/19	12:12:13.234	61	0	0.000000	0.003000	8.3820	9.9750
01/07/19	12:12:13.445	62	0	0.000000	0.003000	9.5280	10.8030
01/07/19	12:12:13.653	63	0	0.000000	0.003000	10.0060	11.1560
01/07/19	12:12:13.820	64	0	0.000000	0.003000	10.5110	12.1150
01/07/19	12:12:14.031	65	0	0.000000	0.003000	11.0490	12.4750
01/07/19	12:12:14.240	66	0	0.000000	0.003000	11.1130	12.3690
01/07/19	12:12:14.454	67	0	0.000000	0.003000	11.0300	12.1640
01/07/19	12:12:14.612	68	0	0.000000	0.003000	11.0000	12.0340
01/07/19	12:12:14.818	69	0	0.000000	0.003000	10.9000	11.8050
01/07/19	12:12:15.045	70	0	0.000000	0.004000	10.8070	11.6340
01/07/19	12:12:15.249	71	0	0.000000	0.004000	10.6630	11.4370
01/07/19	12:12:15.414	72	0	0.000000	0.004000	10.5770	11.3070
01/07/19	12:12:15.626	73	0	0.000000	0.004000	10.4670	11.1590
01/07/19	12:12:15.840	74	0	0.000000	0.004000	10.3650	11.0050
01/07/19	12:12:16.050	75	0	0.000000	0.004000	10.2240	10.8750
01/07/19	12:12:16.212	76	0	0.000000	0.004000	10.1380	10.7290
01/07/19	12:12:16.426	77	0	0.000000	0.004000	10.0390	10.6130
01/07/19	12:12:16.635	78	0	0.000000	0.004000	9.9340	10.5190
01/07/19	12:12:16.850	79	0	0.000000	0.004000	9.8320	10.3750
01/07/19	12:12:17.018	80	0	0.000000	0.004000	9.7680	10.2900
01/07/19	12:12:17.227	81	0	0.000000	0.004000	9.6640	10.1790
01/07/19	12:12:17.439	82	0	0.000000	0.004000	9.6000	10.0630
01/07/19	12:12:17.653	83	0	0.000000	0.004000	9.4680	9.9810
01/07/19	12:12:17.815	84	0	0.000000	0.004000	9.4040	9.8920
Cycle	Time Peltier On:	110.000000	Time Peltier Off:	200.000000	# iterations	1.000000		
01/07/19	12:12:18.022	85	1	0.000000	0.082000	9.3320	9.7930
01/07/19	12:12:18.230	86	1	0.344000	0.082000	9.2110	9.6710
01/07/19	12:12:18.436	87	1	0.318000	0.090000	9.0510	9.4950
01/07/19	12:12:18.656	88	1	0.318000	0.077000	8.9180	9.3870
01/07/19	12:12:18.816	89	1	0.278000	0.077000	8.8680	9.2760
01/07/19	12:12:19.024	90	1	0.258000	0.070000	8.7280	9.1490
01/07/19	12:12:19.231	91	1	0.228000	0.065000	8.6310	9.0420
01/07/19	12:12:19.442	92	1	0.228000	0.058000	8.5450	8.9480
01/07/19	12:12:19.649	93	1	0.214000	0.057000	8.4430	8.8480
01/07/19	12:12:19.817	94	1	0.191000	0.057000	8.3660	8.7660
01/07/19	12:12:20.027	95	1	0.187000	0.051000	8.2750	8.6800
01/07/19	12:12:20.244	96	1	0.187000	0.048000	8.2310	8.5830
01/07/19	12:12:20.452	97	1	0.177000	0.050000	8.1260	8.4810
01/07/19	12:12:20.610	98	1	0.171000	0.050000	8.0810	8.4340
01/07/19	12:12:20.819	99	1	0.171000	0.048000	7.9960	8.3510
01/07/19	12:12:21.026	100	1	0.177000	0.046000	7.9380	8.2600
01/07/19	12:12:21.233	101	1	0.171000	0.047000	7.8720	8.1910
01/07/19	12:12:21.439	102	1	0.174000	0.047000	7.8030	8.1250
01/07/19	12:12:21.667	103	1	0.174000	0.047000	7.7450	8.0420
01/07/19	12:12:21.814	104	1	0.174000	0.047000	7.6760	8.0040
01/07/19	12:12:22.028	105	1	0.179000	0.048000	7.6040	7.9430
01/07/19	12:12:22.238	106	1	0.176000	0.048000	7.5840	7.8570
01/07/19	12:12:22.446	107	1	0.196000	0.047000	7.5040	7.7940
01/07/19	12:12:22.618	108	1	0.196000	0.050000	7.4800	7.7360
01/07/19	12:12:22.831	109	1	0.210000	0.057000	7.4050	7.7030
01/07/19	12:12:23.043	110	1	0.207000	0.057000	7.3530	7.6060
01/07/19	12:12:23.252	111	1	0.216000	0.055000	7.2920	7.5590
01/07/19	12:12:23.412	112	1	0.216000	0.057000	7.2340	7.5150
01/07/19	12:12:23.620	113	1	0.222000	0.057000	7.1430	7.4430
01/07/19	12:12:23.843	114	1	0.212000	0.058000	7.1180	7.3740
01/07/19	12:12:24.042	115	1	0.234000	0.055000	7.0680	7.3220
01/07/19	12:12:24.217	116	1	0.234000	0.063000	7.0160	7.2880
01/07/19	12:12:24.423	117	1	0.248000	0.066000	6.9710	7.2060
01/07/19	12:12:24.634	118	1	0.258000	0.066000	6.9330	7.1590
01/07/19	12:12:24.841	119	1	0.271000	0.068000	6.8690	7.1170
01/07/19	12:12:25.052	120	1	0.271000	0.071000	6.8470	7.0510
01/07/19	12:12:25.218	121	1	0.274000	0.071000	6.7860	6.9820
01/07/19	12:12:25.430	122	1	0.299000	0.077000	6.7370	6.9430
01/07/19	12:12:25.638	123	1	0.308000	0.080000	6.6820	6.8880
01/07/19	12:12:25.850	124	1	0.308000	0.081000	6.6180	6.8080
01/07/19	12:12:26.062	125	1	0.314000	0.082000	6.5710	6.7500
01/07/19	12:12:26.215	126	1	0.325000	0.082000	6.5210	6.7110
01/07/19	12:12:26.426	127	1	0.334000	0.086000	6.4720	6.6670
01/07/19	12:12:26.635	128	1	0.334000	0.088000	6.4360	6.5820
01/07/19	12:12:26.844	129	1	0.344000	0.092000	6.3750	6.5370
01/07/19	12:12:27.016	130	1	0.362000	0.092000	6.3000	6.5010
01/07/19	12:12:27.224	131	1	0.362000	0.092000	6.2510	6.4130
01/07/19	12:12:27.433	132	1	0.362000	0.094000	6.2120	6.3830
01/07/19	12:12:27.644	133	1	0.370000	0.098000	6.1510	6.3220
01/07/19	12:12:27.851	134	1	0.385000	0.098000	6.0930	6.2610
01/07/19	12:12:28.017	135	1	0.385000	0.098000	6.0600	6.2250
01/07/19	12:12:28.230	136	1	0.394000	0.104000	6.0000	6.1650
01/07/19	12:12:28.443	137	1	0.411000	0.105000	5.9610	6.1040
01/07/19	12:12:28.654	138	1	0.425000	0.105000	5.8950	6.0290
01/07/19	12:12:28.815	139	1	0.425000	0.108000	5.8480	5.9930
01/07/19	12:12:29.029	140	1	0.429000	0.111000	5.8060	5.9440
01/07/19	12:12:29.229	141	1	0.448000	0.114000	5.7230	5.8860
01/07/19	12:12:29.438	142	1	0.447000	0.114000	5.6880	5.8500
01/07/19	12:12:29.663	143	1	0.464000	0.112000	5.6410	5.7890
01/07/19	12:12:29.813	144	1	0.464000	0.118000	5.5800	5.7420
01/07/19	12:12:30.027	145	1	0.476000	0.119000	5.5360	5.7010
01/07/19	12:12:30.234	146	1	0.487000	0.119000	5.4610	5.6260
01/07/19	12:12:30.447	147	1	0.487000	0.122000	5.4200	5.5710
01/07/19	12:12:30.619	148	1	0.487000	0.124000	5.3670	5.5210
01/07/19	12:12:30.827	149	1	0.506000	0.125000	5.3180	5.4610
01/07/19	12:12:31.039	150	1	0.516000	0.125000	5.2760	5.4050
01/07/19	12:12:31.251	151	1	0.527000	0.128000	5.2040	5.3420
01/07/19	12:12:31.459	152	1	0.527000	0.129000	5.1680	5.2920
01/07/19	12:12:31.615	153	1	0.527000	0.129000	5.1080	5.2420
01/07/19	12:12:31.827	154	1	0.546000	0.133000	5.0720	5.1870
01/07/19	12:12:32.038	155	1	0.562000	0.138000	5.0330	5.1290
01/07/19	12:12:32.248	156	1	0.562000	0.142000	4.9530	5.0910
01/07/19	12:12:32.413	157	1	0.578000	0.142000	4.9230	5.0160
01/07/19	12:12:32.625	158	1	0.591000	0.140000	4.8510	4.9880
01/07/19	12:12:32.834	159	1	0.591000	0.144000	4.7870	4.9390
01/07/19	12:12:33.047	160	1	0.591000	0.145000	4.7540	4.8860
01/07/19	12:12:33.219	161	1	0.594000	0.145000	4.7070	4.8500
01/07/19	12:12:33.432	162	1	0.619000	0.148000	4.6490	4.7810
01/07/19	12:12:33.637	163	1	0.626000	0.152000	4.5860	4.7070
01/07/19	12:12:33.853	164	1	0.626000	0.152000	4.5360	4.6430
01/07/19	12:12:34.015	165	1	0.629000	0.152000	4.4840	4.6270
01/07/19	12:12:34.225	166	1	0.644000	0.155000	4.4370	4.5600
01/07/19	12:12:34.432	167	1	0.657000	0.159000	4.3900	4.5110
01/07/19	12:12:34.651	168	1	0.657000	0.161000	4.3350	4.4500
01/07/19	12:12:34.853	169	1	0.668000	0.163000	4.2710	4.3950
01/07/19	12:12:35.013	170	1	0.677000	0.163000	4.2380	4.3590
01/07/19	12:12:35.226	171	1	0.695000	0.168000	4.1550	4.3040
01/07/19	12:12:35.436	172	1	0.695000	0.165000	4.1410	4.2510
01/07/19	12:12:35.644	173	1	0.690000	0.172000	4.0700	4.1960
01/07/19	12:12:35.854	174	1	0.714000	0.172000	4.0120	4.1340
01/07/19	12:12:36.019	175	1	0.714000	0.172000	3.9640	4.1150
01/07/19	12:12:36.235	176	1	0.722000	0.175000	3.9220	4.0280
01/07/19	12:12:36.439	177	1	0.733000	0.178000	3.8580	3.9890
01/07/19	12:12:36.658	178	1	0.745000	0.178000	3.8100	3.9410
01/07/19	12:12:36.815	179	1	0.745000	0.178000	3.7790	3.8790
01/07/19	12:12:37.026	180	1	0.756000	0.185000	3.7060	3.8150
01/07/19	12:12:37.240	181	1	0.773000	0.185000	3.6310	3.7840
01/07/19	12:12:37.449	182	1	0.774000	0.185000	3.5800	3.7250
01/07/19	12:12:37.615	183	1	0.774000	0.184000	3.5320	3.6940
01/07/19	12:12:37.825	184	1	0.779000	0.188000	3.4930	3.6240
01/07/19	12:12:38.032	185	1	0.800000	0.191000	3.4320	3.5630
01/07/19	12:12:38.244	186	1	0.808000	0.191000	3.3980	3.5290
01/07/19	12:12:38.453	187	1	0.808000	0.195000	3.3530	3.4510
01/07/19	12:12:38.619	188	1	0.825000	0.199000	3.2830	3.4310
01/07/19	12:12:38.824	189	1	0.839000	0.199000	3.2100	3.3410
01/07/19	12:12:39.040	190	1	0.838000	0.199000	3.1880	3.3020
01/07/19	12:12:39.253	191	1	0.838000	0.203000	3.1090	3.2550
01/07/19	12:12:39.413	192	1	0.858000	0.201000	3.0980	3.1980
01/07/19	12:12:39.618	193	1	0.880000	0.201000	3.0310	3.1540
01/07/19	12:12:39.826	194	1	0.883000	0.208000	2.9920	3.0890
01/07/19	12:12:40.033	195	1	0.883000	0.211000	2.9080	3.0530
01/07/19	12:12:40.240	196	1	0.896000	0.209000	2.8380	2.9770
01/07/19	12:12:40.451	197	1	0.894000	0.209000	2.8150	2.9130
01/07/19	12:12:40.613	198	1	0.913000	0.209000	2.7790	2.8820
01/07/19	12:12:40.822	199	1	0.913000	0.219000	2.7000	2.8120
01/07/19	12:12:41.036	200	1	0.930000	0.217000	2.6530	2.7810
01/07/19	12:12:41.242	201	1	0.935000	0.217000	2.5940	2.7080
01/07/19	12:12:41.455	202	1	0.941000	0.220000	2.5010	2.6580
01/07/19	12:12:41.620	203	1	0.941000	0.217000	2.4990	2.6180
01/07/19	12:12:41.829	204	1	0.935000	0.226000	2.4370	2.5740
01/07/19	12:12:42.042	205	1	0.965000	0.226000	2.3750	2.5040
01/07/19	12:12:42.256	206	1	0.972000	0.225000	2.3360	2.4360
01/07/19	12:12:42.420	207	1	0.972000	0.231000	2.2770	2.4250
01/07/19	12:12:42.620	208	1	0.988000	0.232000	2.2160	2.3410
01/07/19	12:12:42.840	209	1	0.994000	0.232000	2.1600	2.3050
01/07/19	12:12:43.036	210	1	1.004000	0.232000	2.1090	2.2210
01/07/19	12:12:43.260	211	1	1.014000	0.235000	2.0670	2.1870
01/07/19	12:12:43.416	212	1	1.014000	0.238000	2.0250	2.1280
01/07/19	12:12:43.627	213	1	1.037000	0.238000	1.9660	2.0720
01/07/19	12:12:43.838	214	1	1.043000	0.241000	1.9210	2.0270
01/07/19	12:12:44.048	215	1	1.043000	0.245000	1.8570	1.9680
01/07/19	12:12:44.221	216	1	1.058000	0.245000	1.8040	1.9380
01/07/19	12:12:44.429	217	1	1.067000	0.245000	1.7390	1.8730
01/07/19	12:12:44.643	218	1	1.071000	0.247000	1.6800	1.8110
01/07/19	12:12:44.856	219	1	1.076000	0.249000	1.6270	1.7750
01/07/19	12:12:45.014	220	1	1.076000	0.250000	1.5850	1.7220
01/07/19	12:12:45.228	221	1	1.095000	0.250000	1.5120	1.6550
01/07/19	12:12:45.436	222	1	1.096000	0.253000	1.4790	1.6010
01/07/19	12:12:45.647	223	1	1.096000	0.256000	1.4060	1.5450
01/07/19	12:12:45.813	224	1	1.112000	0.255000	1.3830	1.5090
01/07/19	12:12:46.026	225	1	1.131000	0.255000	1.3270	1.4420
01/07/19	12:12:46.239	226	1	1.138000	0.261000	1.2820	1.3830
01/07/19	12:12:46.448	227	1	1.138000	0.265000	1.2320	1.3240
01/07/19	12:12:46.621	228	1	1.151000	0.267000	1.1420	1.2710
01/07/19	12:12:46.833	229	1	1.151000	0.267000	1.1170	1.2370
01/07/19	12:12:47.045	230	1	1.171000	0.264000	1.0640	1.1730
01/07/19	12:12:47.256	231	1	1.180000	0.271000	1.0050	1.1140
01/07/19	12:12:47.418	232	1	1.180000	0.271000	0.9380	1.0750
01/07/19	12:12:47.621	233	1	1.185000	0.271000	0.9100	1.0190
01/07/19	12:12:47.833	234	1	1.205000	0.271000	0.8400	0.9620
01/07/19	12:12:48.041	235	1	1.205000	0.275000	0.7840	0.9180
01/07/19	12:12:48.248	236	1	1.205000	0.277000	0.7390	0.8530
01/07/19	12:12:48.412	237	1	1.225000	0.277000	0.7050	0.8030
01/07/19	12:12:48.620	238	1	1.242000	0.281000	0.6490	0.7690
01/07/19	12:12:48.834	239	1	1.242000	0.286000	0.6020	0.6930
01/07/19	12:12:49.050	240	1	1.247000	0.288000	0.5290	0.6510
01/07/19	12:12:49.217	241	1	1.258000	0.288000	0.4760	0.6150
01/07/19	12:12:49.432	242	1	1.264000	0.287000	0.4330	0.5450
01/07/19	12:12:49.644	243	1	1.264000	0.292000	0.3800	0.4810
01/07/19	12:12:49.854	244	1	1.278000	0.294000	0.3070	0.4360
01/07/19	12:12:50.013	245	1	1.284000	0.294000	0.2680	0.3770
01/07/19	12:12:50.221	246	1	1.300000	0.292000	0.2150	0.3520
01/07/19	12:12:50.429	247	1	1.300000	0.298000	0.1590	0.2820
01/07/19	12:12:50.649	248	1	1.310000	0.299000	0.1200	0.2400
01/07/19	12:12:50.853	249	1	1.325000	0.302000	0.0610	0.1890
01/07/19	12:12:51.013	250	1	1.331000	0.302000	0.0130	0.1220
01/07/19	12:12:51.226	251	1	1.331000	0.306000	-0.0400	0.0850
01/07/19	12:12:51.434	252	1	1.345000	0.308000	-0.1100	0.0100
01/07/19	12:12:51.646	253	1	1.352000	0.308000	-0.1550	-0.0210
01/07/19	12:12:51.820	254	1	1.365000	0.307000	-0.1970	-0.0600
01/07/19	12:12:52.032	255	1	1.365000	0.313000	-0.2450	-0.1390
01/07/19	12:12:52.240	256	1	1.378000	0.315000	-0.3090	-0.1810
01/07/19	12:12:52.452	257	1	1.391000	0.316000	-0.3820	-0.2560
01/07/19	12:12:52.612	258	1	1.391000	0.316000	-0.4160	-0.3070
01/07/19	12:12:52.818	259	1	1.391000	0.319000	-0.4580	-0.3400
01/07/19	12:12:53.026	260	1	1.406000	0.322000	-0.5280	-0.4080
01/07/19	12:12:53.245	261	1	1.420000	0.322000	-0.5530	-0.4530
01/07/19	12:12:53.455	262	1	1.439000	0.322000	-0.6280	-0.5200
01/07/19	12:12:53.614	263	1	1.439000	0.326000	-0.6700	-0.5480
01/07/19	12:12:53.822	264	1	1.440000	0.329000	-0.7210	-0.6150
01/07/19	12:12:54.028	265	1	1.458000	0.329000	-0.8050	-0.6570
01/07/19	12:12:54.243	266	1	1.455000	0.331000	-0.8500	-0.7130
01/07/19	12:12:54.451	267	1	1.455000	0.332000	-0.8860	-0.7690
01/07/19	12:12:54.620	268	1	1.470000	0.335000	-0.9250	-0.8200
01/07/19	12:12:54.828	269	1	1.495000	0.335000	-1.0070	-0.8700
01/07/19	12:12:55.039	270	1	1.492000	0.339000	-1.0520	-0.9340
01/07/19	12:12:55.256	271	1	1.504000	0.340000	-1.1160	-0.9770
01/07/19	12:12:55.416	272	1	1.504000	0.340000	-1.1380	-1.0210
01/07/19	12:12:55.621	273	1	1.526000	0.340000	-1.1890	-1.0970
01/07/19	12:12:55.828	274	1	1.536000	0.346000	-1.2590	-1.1560
01/07/19	12:12:56.036	275	1	1.536000	0.346000	-1.3210	-1.1870
01/07/19	12:12:56.259	276	1	1.537000	0.348000	-1.3790	-1.2430
01/07/19	12:12:56.412	277	1	1.545000	0.348000	-1.4070	-1.2790
01/07/19	12:12:56.624	278	1	1.566000	0.349000	-1.4770	-1.3440
01/07/19	12:12:56.832	279	1	1.566000	0.353000	-1.5170	-1.3910
01/07/19	12:12:57.039	280	1	1.566000	0.357000	-1.5900	-1.4530
01/07/19	12:12:57.252	281	1	1.578000	0.356000	-1.6290	-1.5310
01/07/19	12:12:57.421	282	1	1.596000	0.356000	-1.6680	-1.5620
01/07/19	12:12:57.634	283	1	1.596000	0.363000	-1.7320	-1.6290
01/07/19	12:12:57.842	284	1	1.609000	0.363000	-1.7880	-1.6800
01/07/19	12:12:58.051	285	1	1.618000	0.364000	-1.8470	-1.7080
01/07/19	12:12:58.213	286	1	1.624000	0.364000	-1.8700	-1.7750
01/07/19	12:12:58.421	287	1	1.624000	0.371000	-1.9400	-1.8060
01/07/19	12:12:58.633	288	1	1.644000	0.371000	-1.9870	-1.8620
01/07/19	12:12:58.837	289	1	1.654000	0.371000	-2.0550	-1.9320
01/07/19	12:12:59.044	290	1	1.657000	0.373000	-2.1080	-1.9910
01/07/19	12:12:59.216	291	1	1.657000	0.375000	-2.1360	-2.0130
01/07/19	12:12:59.425	292	1	1.666000	0.379000	-2.2090	-2.0780
01/07/19	12:12:59.631	293	1	1.683000	0.379000	-2.2510	-2.1310
01/07/19	12:12:59.845	294	1	1.695000	0.379000	-2.3150	-2.1590
01/07/19	12:13:00.055	295	1	1.700000	0.382000	-2.3550	-2.2370
01/07/19	12:13:00.221	296	1	1.700000	0.385000	-2.4080	-2.2930
01/07/19	12:13:00.434	297	1	1.718000	0.385000	-2.4530	-2.3380
01/07/19	12:13:00.643	298	1	1.731000	0.387000	-2.5030	-2.3940
01/07/19	12:13:00.852	299	1	1.731000	0.392000	-2.5730	-2.4590
01/07/19	12:13:01.013	300	1	1.741000	0.391000	-2.5930	-2.4810
01/07/19	12:13:01.220	301	1	1.763000	0.391000	-2.6780	-2.5480
01/07/19	12:13:01.429	302	1	1.760000	0.397000	-2.7290	-2.5900
01/07/19	12:13:01.638	303	1	1.760000	0.396000	-2.7660	-2.6730
01/07/19	12:13:01.854	304	1	1.767000	0.400000	-2.8360	-2.7150
01/07/19	12:13:02.014	305	1	1.783000	0.400000	-2.8510	-2.7580
01/07/19	12:13:02.227	306	1	1.805000	0.400000	-2.9210	-2.8170
01/07/19	12:13:02.435	307	1	1.805000	0.406000	-2.9750	-2.8710
01/07/19	12:13:02.642	308	1	1.810000	0.408000	-3.0490	-2.9330
01/07/19	12:13:02.854	309	1	1.815000	0.407000	-3.1080	-2.9730
01/07/19	12:13:03.020	310	1	1.822000	0.407000	-3.1590	-3.0180
01/07/19	12:13:03.232	311	1	1.822000	0.410000	-3.1960	-3.0720
01/07/19	12:13:03.443	312	1	1.832000	0.413000	-3.2790	-3.0980
01/07/19	12:13:03.654	313	1	1.838000	0.411000	-3.3010	-3.1660
01/07/19	12:13:03.817	314	1	1.859000	0.411000	-3.3580	-3.2220
01/07/19	12:13:04.030	315	1	1.859000	0.418000	-3.3950	-3.2820
01/07/19	12:13:04.238	316	1	1.866000	0.422000	-3.4510	-3.3390
01/07/19	12:13:04.461	317	1	1.886000	0.423000	-3.5250	-3.3780
01/07/19	12:13:04.611	318	1	1.885000	0.423000	-3.5620	-3.4320
01/07/19	12:13:04.827	319	1	1.885000	0.425000	-3.6210	-3.4800
01/07/19	12:13:05.034	320	1	1.901000	0.426000	-3.6640	-3.5480
01/07/19	12:13:05.242	321	1	1.917000	0.426000	-3.7260	-3.5990
01/07/19	12:13:05.456	322	1	1.923000	0.430000	-3.7740	-3.6590
01/07/19	12:13:05.621	323	1	1.923000	0.432000	-3.8280	-3.6960
01/07/19	12:13:05.834	324	1	1.932000	0.435000	-3.8790	-3.7520
01/07/19	12:13:06.045	325	1	1.948000	0.435000	-3.9530	-3.8150
01/07/19	12:13:06.253	326	1	1.950000	0.437000	-3.9810	-3.8770
01/07/19	12:13:06.412	327	1	1.950000	0.440000	-4.0320	-3.8910
01/07/19	12:13:06.621	328	1	1.968000	0.442000	-4.0830	-3.9540
01/07/19	12:13:06.835	329	1	1.984000	0.442000	-4.1400	-4.0220
01/07/19	12:13:07.044	330	1	1.990000	0.444000	-4.1940	-4.0470
01/07/19	12:13:07.248	331	1	1.990000	0.447000	-4.2680	-4.1290
01/07/19	12:13:07.415	332	1	1.995000	0.445000	-4.2960	-4.1550
01/07/19	12:13:07.631	333	1	2.013000	0.445000	-4.3380	-4.2230
01/07/19	12:13:07.840	334	1	2.025000	0.451000	-4.4120	-4.2790
01/07/19	12:13:08.054	335	1	2.026000	0.452000	-4.4630	-4.3300
01/07/19	12:13:08.219	336	1	2.026000	0.454000	-4.4970	-4.3930
01/07/19	12:13:08.432	337	1	2.051000	0.454000	-4.5620	-4.4240
01/07/19	12:13:08.644	338	1	2.055000	0.459000	-4.6130	-4.5030
01/07/19	12:13:08.849	339	1	2.055000	0.461000	-4.6610	-4.5510
01/07/19	12:13:09.013	340	1	2.063000	0.463000	-4.7100	-4.5850
01/07/19	12:13:09.220	341	1	2.078000	0.463000	-4.7580	-4.6220
01/07/19	12:13:09.427	342	1	2.092000	0.465000	-4.8140	-4.7020
01/07/19	12:13:09.651	343	1	2.098000	0.469000	-4.8820	-4.7530
01/07/19	12:13:09.855	344	1	2.098000	0.469000	-4.9480	-4.8150
01/07/19	12:13:10.013	345	1	2.100000	0.469000	-4.9620	-4.8520
01/07/19	12:13:10.225	346	1	2.126000	0.469000	-5.0180	-4.8830
01/07/19	12:13:10.432	347	1	2.126000	0.477000	-5.0920	-4.9450
01/07/19	12:13:10.642	348	1	2.133000	0.476000	-5.1290	-5.0110
01/07/19	12:13:10.850	349	1	2.146000	0.480000	-5.1740	-5.0560
01/07/19	12:13:11.018	350	1	2.159000	0.480000	-5.2280	-5.0930
01/07/19	12:13:11.231	351	1	2.159000	0.484000	-5.2790	-5.1470
01/07/19	12:13:11.444	352	1	2.165000	0.486000	-5.3390	-5.2290
01/07/19	12:13:11.652	353	1	2.177000	0.487000	-5.3810	-5.2770
01/07/19	12:13:11.864	354	1	2.191000	0.487000	-5.4610	-5.3310
01/07/19	12:13:12.018	355	1	2.191000	0.489000	-5.4550	-5.3760
01/07/19	12:13:12.225	356	1	2.188000	0.498000	-5.5310	-5.4300
01/07/19	12:13:12.440	357	1	2.217000	0.498000	-5.6020	-5.4700
01/07/19	12:13:12.652	358	1	2.220000	0.496000	-5.6480	-5.5320
01/07/19	12:13:12.814	359	1	2.220000	0.499000	-5.6930	-5.5750
01/07/19	12:13:13.028	360	1	2.233000	0.501000	-5.7330	-5.6200
01/07/19	12:13:13.235	361	1	2.254000	0.501000	-5.7950	-5.6770
01/07/19	12:13:13.448	362	1	2.259000	0.505000	-5.8490	-5.7330
01/07/19	12:13:13.619	363	1	2.259000	0.507000	-5.9030	-5.7980
01/07/19	12:13:13.832	364	1	2.268000	0.508000	-5.9620	-5.8470
01/07/19	12:13:14.041	365	1	2.278000	0.508000	-6.0020	-5.9030
01/07/19	12:13:14.256	366	1	2.294000	0.509000	-6.0560	-5.9510
01/07/19	12:13:14.410	367	1	2.294000	0.513000	-6.1010	-5.9910
01/07/19	12:13:14.620	368	1	2.299000	0.517000	-6.1600	-6.0560
01/07/19	12:13:14.827	369	1	2.315000	0.517000	-6.2260	-6.0790
01/07/19	12:13:15.034	370	1	2.318000	0.517000	-6.2650	-6.1470
01/07/19	12:13:15.241	371	1	2.318000	0.521000	-6.3050	-6.1950
01/07/19	12:13:15.448	372	1	2.334000	0.524000	-6.3790	-6.2460
01/07/19	12:13:15.616	373	1	2.344000	0.524000	-6.4160	-6.2800
01/07/19	12:13:15.825	374	1	2.359000	0.523000	-6.4690	-6.3760
01/07/19	12:13:16.035	375	1	2.359000	0.530000	-6.5180	-6.4220
01/07/19	12:13:16.243	376	1	2.370000	0.531000	-6.5600	-6.4560
01/07/19	12:13:16.454	377	1	2.388000	0.535000	-6.6310	-6.4950
01/07/19	12:13:16.621	378	1	2.389000	0.535000	-6.6540	-6.5610
01/07/19	12:13:16.830	379	1	2.389000	0.539000	-6.7330	-6.6030
01/07/19	12:13:17.039	380	1	2.410000	0.537000	-6.7840	-6.6740
01/07/19	12:13:17.250	381	1	2.413000	0.537000	-6.8490	-6.6880
01/07/19	12:13:17.415	382	1	2.418000	0.539000	-6.9090	-6.7560
01/07/19	12:13:17.635	383	1	2.418000	0.540000	-6.9430	-6.8160
01/07/19	12:13:17.831	384	1	2.422000	0.545000	-6.9990	-6.8550
01/07/19	12:13:18.051	385	1	2.444000	0.546000	-7.0530	-6.9180
01/07/19	12:13:18.216	386	1	2.453000	0.546000	-7.0840	-6.9720
01/07/19	12:13:18.427	387	1	2.453000	0.552000	-7.1380	-7.0060
01/07/19	12:13:18.637	388	1	2.470000	0.554000	-7.1890	-7.0540
01/07/19	12:13:18.846	389	1	2.486000	0.556000	-7.2120	-7.1250
01/07/19	12:13:19.014	390	1	2.505000	0.556000	-7.2690	-7.1640
01/07/19	12:13:19.226	391	1	2.505000	0.562000	-7.3250	-7.2210
01/07/19	12:13:19.437	392	1	2.512000	0.564000	-7.3850	-7.2860
01/07/19	12:13:19.645	393	1	2.525000	0.564000	-7.4500	-7.3310
01/07/19	12:13:19.819	394	1	2.527000	0.565000	-7.4840	-7.3820
01/07/19	12:13:20.025	395	1	2.527000	0.569000	-7.5260	-7.4140
01/07/19	12:13:20.240	396	1	2.543000	0.572000	-7.5890	-7.4590
01/07/19	12:13:20.448	397	1	2.560000	0.573000	-7.6370	-7.5210
01/07/19	12:13:20.660	398	1	2.569000	0.573000	-7.6910	-7.5890
01/07/19	12:13:20.815	399	1	2.569000	0.575000	-7.7390	-7.6290
01/07/19	12:13:21.027	400	1	2.575000	0.579000	-7.8070	-7.6890
01/07/19	12:13:21.236	401	1	2.588000	0.579000	-7.8520	-7.7310
01/07/19	12:13:21.453	402	1	2.596000	0.579000	-7.9150	-7.7910
01/07/19	12:13:21.612	403	1	2.596000	0.582000	-7.9510	-7.8190
01/07/19	12:13:21.828	404	1	2.604000	0.586000	-7.9970	-7.8700
01/07/19	12:13:22.041	405	1	2.626000	0.586000	-8.0450	-7.9410
01/07/19	12:13:22.252	406	1	2.637000	0.587000	-8.1020	-7.9860
01/07/19	12:13:22.424	407	1	2.637000	0.592000	-8.1640	-8.0370
01/07/19	12:13:22.630	408	1	2.645000	0.592000	-8.2040	-8.0990
01/07/19	12:13:22.840	409	1	2.660000	0.592000	-8.2660	-8.1310
01/07/19	12:13:23.048	410	1	2.667000	0.596000	-8.2970	-8.1590
01/07/19	12:13:23.216	411	1	2.667000	0.600000	-8.3430	-8.2300
01/07/19	12:13:23.421	412	1	2.683000	0.603000	-8.4160	-8.2920
01/07/19	12:13:23.631	413	1	2.692000	0.603000	-8.4590	-8.3490
01/07/19	12:13:23.838	414	1	2.705000	0.602000	-8.5040	-8.4000
01/07/19	12:13:24.047	415	1	2.705000	0.609000	-8.5690	-8.4510
01/07/19	12:13:24.213	416	1	2.716000	0.608000	-8.5780	-8.4820
01/07/19	12:13:24.427	417	1	2.740000	0.608000	-8.6570	-8.5580
01/07/19	12:13:24.640	418	1	2.741000	0.615000	-7.8270	-6.6400
01/07/19	12:13:24.847	419	1	2.741000	0.725000	-6.1690	-5.2320
01/07/19	12:13:25.019	420	1	3.106000	0.941000	-5.5480	-4.7440
01/07/19	12:13:25.231	421	1	4.103000	0.941000	-5.1890	-4.4830
01/07/19	12:13:25.441	422	1	4.320000	1.027000	-5.0720	-4.4550
01/07/19	12:13:25.648	423	1	4.433000	1.103000	-5.1290	-4.4890
01/07/19	12:13:25.813	424	1	4.433000	1.105000	-5.1940	-4.5830
01/07/19	12:13:26.019	425	1	4.469000	1.105000	-5.3220	-4.6990
01/07/19	12:13:26.226	426	1	4.468000	1.105000	-5.4580	-4.8380
01/07/19	12:13:26.433	427	1	4.468000	1.088000	-5.5910	-4.9370
01/07/19	12:13:26.644	428	1	4.456000	1.080000	-5.7300	-5.0810
01/07/19	12:13:26.851	429	1	4.417000	1.071000	-5.8430	-5.2060
01/07/19	12:13:27.017	430	1	4.406000	1.071000	-5.9620	-5.2910
01/07/19	12:13:27.224	431	1	4.406000	1.059000	-6.0730	-5.3930
01/07/19	12:13:27.432	432	1	4.391000	1.054000	-6.1860	-5.5230
01/07/19	12:13:27.639	433	1	4.365000	1.054000	-6.3020	-5.6170
01/07/19	12:13:27.852	434	1	4.351000	1.047000	-6.4010	-5.7080
01/07/19	12:13:28.018	435	1	4.351000	1.039000	-6.4610	-5.8040
01/07/19	12:13:28.231	436	1	4.342000	1.038000	-6.5770	-5.9030
01/07/19	12:13:28.441	437	1	4.332000	1.038000	-6.6730	-5.9850
01/07/19	12:13:28.649	438	1	4.326000	1.032000	-6.7780	-6.0650
01/07/19	12:13:28.812	439	1	4.326000	1.023000	-6.8460	-6.1410
01/07/19	12:13:29.019	440	1	4.314000	1.023000	-6.9110	-6.2180
01/07/19	12:13:29.226	441	1	4.321000	1.023000	-6.9790	-6.2970
01/07/19	12:13:29.433	442	1	4.323000	1.024000	-7.0840	-6.3790
01/07/19	12:13:29.640	443	1	4.323000	1.019000	-7.1640	-6.4670
01/07/19	12:13:29.854	444	1	4.316000	1.017000	-7.2460	-6.5550
01/07/19	12:13:30.014	445	1	4.313000	1.017000	-7.3030	-6.5860
01/07/19	12:13:30.228	446	1	4.315000	1.015000	-7.3790	-6.6740
01/07/19	12:13:30.438	447	1	4.315000	1.015000	-7.4440	-6.7390
01/07/19	12:13:30.646	448	1	4.317000	1.015000	-7.5380	-6.7990
01/07/19	12:13:30.825	449	1	4.312000	1.015000	-7.5750	-6.8580
01/07/19	12:13:31.036	450	1	4.325000	1.012000	-7.6620	-6.9260
01/07/19	12:13:31.246	451	1	4.322000	1.013000	-7.7390	-7.0060
01/07/19	12:13:31.413	452	1	4.322000	1.012000	-7.8010	-7.0740
01/07/19	12:13:31.621	453	1	4.322000	1.012000	-7.8660	-7.1420
01/07/19	12:13:31.846	454	1	4.327000	1.012000	-7.9370	-7.1870
01/07/19	12:13:32.048	455	1	4.331000	1.012000	-8.0080	-7.2610
01/07/19	12:13:32.214	456	1	4.331000	1.011000	-8.0510	-7.3090
01/07/19	12:13:32.426	457	1	4.340000	1.011000	-8.1220	-7.3850
01/07/19	12:13:32.641	458	1	4.346000	1.014000	-8.1920	-7.4500
01/07/19	12:13:32.848	459	1	4.346000	1.013000	-8.2580	-7.5210
01/07/19	12:13:33.015	460	1	4.346000	1.013000	-8.3140	-7.5410
01/07/19	12:13:33.229	461	1	4.355000	1.013000	-8.3710	-7.6490
01/07/19	12:13:33.442	462	1	4.362000	1.015000	-8.4470	-7.6970
01/07/19	12:13:33.651	463	1	4.363000	1.015000	-8.5100	-7.7510
01/07/19	12:13:33.820	464	1	4.363000	1.015000	-8.5780	-7.8080
01/07/19	12:13:34.030	465	1	4.365000	1.015000	-8.6490	-7.8640
01/07/19	12:13:34.244	466	1	4.369000	1.015000	-8.6910	-7.9150
01/07/19	12:13:34.451	467	1	4.382000	1.018000	-8.7510	-7.9830
01/07/19	12:13:34.617	468	1	4.382000	1.018000	-8.7960	-8.0430
01/07/19	12:13:34.821	469	1	4.394000	1.018000	-8.8500	-8.1110
01/07/19	12:13:35.031	470	1	4.404000	1.021000	-8.9350	-8.1670
01/07/19	12:13:35.239	471	1	4.404000	1.020000	-9.0110	-8.2270
01/07/19	12:13:35.445	472	1	4.397000	1.019000	-9.0590	-8.2670
01/07/19	12:13:35.616	473	1	4.407000	1.019000	-9.1130	-8.3230
01/07/19	12:13:35.826	474	1	4.412000	1.022000	-9.1760	-8.4050
01/07/19	12:13:36.032	475	1	4.412000	1.024000	-9.2380	-8.4420
01/07/19	12:13:36.247	476	1	4.420000	1.024000	-9.3060	-8.5190
01/07/19	12:13:36.419	477	1	4.422000	1.024000	-9.3490	-8.5670
01/07/19	12:13:36.627	478	1	4.435000	1.024000	-9.4510	-8.6070
01/07/19	12:13:36.840	479	1	4.435000	1.023000	-9.4740	-8.6780
01/07/19	12:13:37.047	480	1	4.425000	1.028000	-9.5360	-8.7360
01/07/19	12:13:37.212	481	1	4.447000	1.028000	-9.5870	-8.7720
01/07/19	12:13:37.426	482	1	4.457000	1.029000	-9.6450	-8.8490
01/07/19	12:13:37.628	483	1	4.457000	1.032000	-9.7280	-8.8920
01/07/19	12:13:37.837	484	1	4.462000	1.030000	-9.7970	-8.9620
01/07/19	12:13:38.043	485	1	4.459000	1.030000	-9.8460	-9.0280
01/07/19	12:13:38.215	486	1	4.468000	1.030000	-9.9010	-9.0760
01/07/19	12:13:38.422	487	1	4.468000	1.033000	-9.9760	-9.1300
01/07/19	12:13:38.636	488	1	4.473000	1.032000	-10.0510	-9.1890
01/07/19	12:13:38.841	489	1	4.469000	1.032000	-10.0820	-9.2660
01/07/19	12:13:39.052	490	1	4.486000	1.030000	-10.1510	-9.3020
01/07/19	12:13:39.219	491	1	4.486000	1.034000	-10.2180	-9.3530
01/07/19	12:13:39.432	492	1	4.487000	1.034000	-10.2840	-9.4100
01/07/19	12:13:39.641	493	1	4.488000	1.034000	-10.3300	-9.4640
01/07/19	12:13:39.852	494	1	4.501000	1.034000	-10.4130	-9.5420
01/07/19	12:13:40.016	495	1	4.501000	1.035000	-10.4560	-9.5760
01/07/19	12:13:40.224	496	1	4.503000	1.038000	-10.5340	-9.6710
01/07/19	12:13:40.432	497	1	4.501000	1.038000	-10.5920	-9.7030
01/07/19	12:13:40.653	498	1	4.510000	1.036000	-10.6640	-9.7690
01/07/19	12:13:40.850	499	1	4.510000	1.037000	-10.7270	-9.8500
01/07/19	12:13:41.016	500	1	4.509000	1.037000	-10.7790	-9.8810
01/07/19	12:13:41.227	501	1	4.516000	1.037000	-10.8330	-9.9530
01/07/19	12:13:41.435	502	1	4.525000	1.040000	-10.9020	-10.0110
01/07/19	12:13:41.641	503	1	4.525000	1.041000	-10.9690	-10.0770
01/07/19	12:13:41.854	504	1	4.527000	1.041000	-11.0660	-10.1550
01/07/19	12:13:42.020	505	1	4.515000	1.041000	-11.1070	-10.1810
01/07/19	12:13:42.233	506	1	4.527000	1.038000	-11.1470	-10.2530
01/07/19	12:13:42.446	507	1	4.527000	1.044000	-11.2280	-10.2990
01/07/19	12:13:42.658	508	1	4.539000	1.042000	-11.3310	-10.4080
01/07/19	12:13:42.816	509	1	4.522000	1.042000	-11.3540	-10.4680
01/07/19	12:13:43.024	510	1	4.540000	1.042000	-11.4290	-10.5280
01/07/19	12:13:43.233	511	1	4.540000	1.042000	-11.5100	-10.5680
01/07/19	12:13:43.448	512	1	4.537000	1.041000	-11.5640	-10.6510
01/07/19	12:13:43.616	513	1	4.540000	1.041000	-11.6070	-10.6940
01/07/19	12:13:43.823	514	1	4.551000	1.044000	-11.6820	-10.7750
01/07/19	12:13:44.035	515	1	4.551000	1.043000	-11.7430	-10.8180
01/07/19	12:13:44.242	516	1	4.549000	1.044000	-11.8170	-10.8960
01/07/19	12:13:44.455	517	1	4.551000	1.044000	-11.8870	-10.9680
01/07/19	12:13:44.620	518	1	4.548000	1.043000	-11.9300	-11.0280
01/07/19	12:13:44.833	519	1	4.548000	1.045000	-11.9990	-11.1000
01/07/19	12:13:45.039	520	1	4.560000	1.045000	-12.0910	-11.1680
01/07/19	12:13:45.251	521	1	4.553000	1.045000	-12.1460	-11.2310
01/07/19	12:13:45.412	522	1	4.557000	1.043000	-12.2060	-11.2830
01/07/19	12:13:45.620	523	1	4.557000	1.045000	-12.2690	-11.3630
01/07/19	12:13:45.828	524	1	4.562000	1.045000	-12.3270	-11.4300
01/07/19	12:13:46.048	525	1	4.569000	1.045000	-12.4130	-11.5020
01/07/19	12:13:46.247	526	1	4.561000	1.046000	-12.4680	-11.5760
01/07/19	12:13:46.411	527	1	4.561000	1.045000	-12.5340	-11.6140
01/07/19	12:13:46.627	528	1	4.569000	1.045000	-12.6170	-11.7120
01/07/19	12:13:46.834	529	1	4.564000	1.045000	-12.6920	-11.7780
01/07/19	12:13:47.044	530	1	4.562000	1.044000	-12.7580	-11.8440
01/07/19	12:13:47.218	531	1	4.562000	1.042000	-12.8130	-11.9270
01/07/19	12:13:47.431	532	1	4.564000	1.043000	-12.8760	-11.9730
01/07/19	12:13:47.638	533	1	4.569000	1.043000	-12.9710	-12.0740
01/07/19	12:13:47.849	534	1	4.558000	1.044000	-13.0380	-12.1550
01/07/19	12:13:48.016	535	1	4.558000	1.040000	-13.0890	-12.2010
01/07/19	12:13:48.221	536	1	4.562000	1.042000	-13.1810	-12.2840
01/07/19	12:13:48.427	537	1	4.557000	1.042000	-13.2510	-12.3530
01/07/19	12:13:48.639	538	1	4.557000	1.039000	-13.2850	-12.4280
01/07/19	12:13:48.844	539	1	4.557000	1.043000	-13.3890	-12.5120
01/07/19	12:13:49.012	540	1	4.571000	1.038000	-13.4400	-12.5480
01/07/19	12:13:49.227	541	1	4.562000	1.038000	-13.5010	-12.6430
01/07/19	12:13:49.438	542	1	4.566000	1.041000	-13.5790	-12.7320
01/07/19	12:13:49.648	543	1	4.566000	1.040000	-13.6710	-12.8210
01/07/19	12:13:49.820	544	1	4.560000	1.036000	-13.7140	-12.8760
01/07/19	12:13:50.033	545	1	4.561000	1.036000	-13.7660	-12.9590
01/07/19	12:13:50.242	546	1	4.568000	1.039000	-13.8630	-13.0400
01/07/19	12:13:50.455	547	1	4.568000	1.037000	-13.9410	-13.1060
01/07/19	12:13:50.613	548	1	4.556000	1.036000	-13.9670	-13.1690
01/07/19	12:13:50.828	549	1	4.569000	1.036000	-14.0740	-13.2470
01/07/19	12:13:51.034	550	1	4.554000	1.040000	-14.1340	-13.3430
01/07/19	12:13:51.242	551	1	4.554000	1.036000	-14.2070	-13.3980
01/07/19	12:13:51.414	552	1	4.555000	1.036000	-14.2680	-13.4760
01/07/19	12:13:51.622	553	1	4.555000	1.036000	-14.3340	-13.5500
01/07/19	12:13:51.838	554	1	4.557000	1.037000	-14.4150	-13.6480
01/07/19	12:13:52.054	555	1	4.557000	1.035000	-14.4780	-13.7230
01/07/19	12:13:52.220	556	1	4.553000	1.035000	-14.5500	-13.8010
01/07/19	12:13:52.432	557	1	4.551000	1.035000	-14.6250	-13.8580
01/07/19	12:13:52.640	558	1	4.550000	1.035000	-14.7370	-13.9680
01/07/19	12:13:52.849	559	1	4.550000	1.028000	-14.7740	-14.0540
01/07/19	12:13:53.016	560	1	4.533000	1.032000	-14.8460	-14.1200
01/07/19	12:13:53.239	561	1	4.544000	1.032000	-14.9210	-14.1810
01/07/19	12:13:53.441	562	1	4.540000	1.032000	-14.9840	-14.2790
01/07/19	12:13:53.646	563	1	4.540000	1.031000	-15.0790	-14.3680
01/07/19	12:13:53.813	564	1	4.540000	1.028000	-15.1340	-14.4280
01/07/19	12:13:54.026	565	1	4.534000	1.028000	-15.2060	-14.5260
01/07/19	12:13:54.236	566	1	4.532000	1.029000	-15.2890	-14.5950
01/07/19	12:13:54.448	567	1	4.532000	1.026000	-15.3760	-14.6990
01/07/19	12:13:54.619	568	1	4.525000	1.024000	-15.4160	-14.7620
01/07/19	12:13:54.832	569	1	4.529000	1.024000	-15.5110	-14.8680
01/07/19	12:13:55.046	570	1	4.519000	1.027000	-15.5920	-14.9550
01/07/19	12:13:55.254	571	1	4.519000	1.022000	-15.6580	-15.0400
01/07/19	12:13:55.413	572	1	4.513000	1.022000	-15.7350	-15.1120
01/07/19	12:13:55.620	573	1	4.507000	1.022000	-15.8220	-15.1950
01/07/19	12:13:55.831	574	1	4.500000	1.019000	-15.8820	-15.3040
01/07/19	12:13:56.040	575	1	4.500000	1.018000	-15.9630	-15.3850
01/07/19	12:13:56.260	576	1	4.503000	1.017000	-16.0400	-15.4770
01/07/19	12:13:56.417	577	1	4.494000	1.017000	-16.1150	-15.5460
01/07/19	12:13:56.629	578	1	4.491000	1.015000	-16.2040	-15.6640
01/07/19	12:13:56.835	579	1	4.491000	1.012000	-16.2620	-15.7500
01/07/19	12:13:57.051	580	1	4.482000	1.013000	-16.3430	-15.8480
01/07/19	12:13:57.218	581	1	4.478000	1.013000	-16.4350	-15.9350
01/07/19	12:13:57.427	582	1	4.468000	1.010000	-16.5170	-16.0320
01/07/19	12:13:57.640	583	1	4.468000	1.006000	-16.6290	-16.1560
01/07/19	12:13:57.852	584	1	4.461000	1.000000	-16.7340	-16.2510
01/07/19	12:13:58.059	585	1	4.426000	1.000000	-16.8130	-16.3660
01/07/19	12:13:58.214	586	1	4.420000	0.995000	-16.8690	-16.4210
01/07/19	12:13:58.427	587	1	4.420000	0.995000	-16.9690	-16.5590
01/07/19	12:13:58.637	588	1	4.423000	0.991000	-17.0950	-16.7140
01/07/19	12:13:58.845	589	1	4.386000	0.991000	-17.1770	-16.8170
01/07/19	12:13:59.013	590	1	4.375000	0.983000	-17.2710	-16.9370
01/07/19	12:13:59.225	591	1	4.375000	0.978000	-17.3940	-17.0720
01/07/19	12:13:59.433	592	1	4.364000	0.971000	-17.5110	-17.2160
01/07/19	12:13:59.642	593	1	4.322000	0.971000	-17.6170	-17.3270
01/07/19	12:13:59.855	594	1	4.302000	0.965000	-17.7080	-17.4590
01/07/19	12:14:00.024	595	1	4.302000	0.956000	-17.7840	-17.5300
01/07/19	12:14:00.231	596	1	4.291000	0.956000	-17.8780	-17.6380
01/07/19	12:14:00.436	597	1	4.277000	0.956000	-17.9690	-17.7410
01/07/19	12:14:00.648	598	1	4.263000	0.953000	-18.0360	-17.8410
01/07/19	12:14:00.813	599	1	4.263000	0.949000	-18.1220	-17.8990
01/07/19	12:14:01.020	600	1	4.256000	0.946000	-18.1800	-17.9900
01/07/19	12:14:01.233	601	1	4.253000	0.946000	-18.2650	-18.0610
01/07/19	12:14:01.440	602	1	4.245000	0.947000	-18.3150	-18.1490
01/07/19	12:14:01.646	603	1	4.245000	0.947000	-18.3800	-18.2160
01/07/19	12:14:01.812	604	1	4.251000	0.948000	-18.4290	-18.2420
01/07/19	12:14:02.026	605	1	4.259000	0.948000	-18.4760	-18.3250
01/07/19	12:14:02.234	606	1	4.264000	0.950000	-18.5410	-18.3920
01/07/19	12:14:02.448	607	1	4.264000	0.952000	-18.5970	-18.4390
01/07/19	12:14:02.620	608	1	4.265000	0.955000	-18.6230	-18.4830
01/07/19	12:14:02.829	609	1	4.286000	0.955000	-18.6760	-18.5390
01/07/19	12:14:03.040	610	1	4.290000	0.959000	-18.6880	-18.5940
01/07/19	12:14:03.249	611	1	4.290000	0.967000	-18.7290	-18.6270
01/07/19	12:14:03.416	612	1	4.312000	0.971000	-18.7790	-18.6680
01/07/19	12:14:03.622	613	1	4.332000	0.971000	-18.8230	-18.7090
01/07/19	12:14:03.833	614	1	4.343000	0.974000	-18.8720	-18.7440
01/07/19	12:14:04.038	615	1	4.343000	0.978000	-18.8960	-18.7880
01/07/19	12:14:04.259	616	1	4.351000	0.983000	-18.9190	-18.8260
01/07/19	12:14:04.416	617	1	4.384000	0.983000	-18.9490	-18.8530
01/07/19	12:14:04.624	618	1	4.399000	0.990000	-18.9960	-18.9020
01/07/19	12:14:04.835	619	1	4.399000	0.996000	-19.0190	-18.9260
01/07/19	12:14:05.041	620	1	4.411000	1.001000	-19.0510	-18.9640
01/07/19	12:14:05.254	621	1	4.445000	1.001000	-19.0870	-18.9960
01/07/19	12:14:05.419	622	1	4.458000	1.006000	-19.1250	-19.0370
01/07/19	12:14:05.629	623	1	4.458000	1.013000	-19.1300	-19.0670
01/07/19	12:14:05.849	624	1	4.472000	1.020000	-19.1720	-19.0990
01/07/19	12:14:06.060	625	1	4.509000	1.020000	-19.2160	-19.1460
01/07/19	12:14:06.216	626	1	4.519000	1.024000	-19.2450	-19.1930
01/07/19	12:14:06.429	627	1	4.519000	1.032000	-19.2740	-19.2190
01/07/19	12:14:06.642	628	1	4.538000	1.037000	-19.3010	-19.2480
01/07/19	12:14:06.851	629	1	4.570000	1.037000	-19.3650	-19.2810
01/07/19	12:14:07.013	630	1	4.574000	1.041000	-19.3800	-19.3250
01/07/19	12:14:07.224	631	1	4.574000	1.048000	-19.4380	-19.3340
01/07/19	12:14:07.430	632	1	4.599000	1.049000	-19.4620	-19.3920
01/07/19	12:14:07.645	633	1	4.619000	1.049000	-19.4910	-19.3980
01/07/19	12:14:07.819	634	1	4.637000	1.054000	-19.5210	-19.4420
01/07/19	12:14:08.032	635	1	4.637000	1.063000	-19.5620	-19.4830
01/07/19	12:14:08.240	636	1	1.286000	-0.022000	-19.5730	-19.4770
01/07/19	12:14:08.453	637	1	1.166000	-0.022000	-19.3940	-19.2870
01/07/19	12:14:08.617	638	1	1.082000	-0.022000	-19.1480	-19.0610
01/07/19	12:14:08.822	639	1	1.082000	-0.022000	-18.7990	-18.7620
01/07/19	12:14:09.031	640	1	1.019000	-0.022000	-18.4240	-18.4420
01/07/19	12:14:09.240	641	1	0.968000	-0.022000	-18.0500	-18.0940
01/07/19	12:14:09.449	642	1	0.927000	-0.022000	-17.6770	-17.7540
01/07/19	12:14:09.616	643	1	0.927000	-0.022000	-17.4070	-17.4870
01/07/19	12:14:09.824	644	1	0.891000	-0.022000	-17.0470	-17.1530
01/07/19	12:14:10.038	645	1	0.860000	-0.022000	-16.6420	-16.8040
01/07/19	12:14:10.251	646	1	0.844000	-0.022000	-16.3040	-16.4520
01/07/19	12:14:10.419	647	1	0.844000	-0.025000	-16.0190	-16.1840
01/07/19	12:14:10.629	648	1	0.818000	-0.025000	-15.6650	-15.8350
01/07/19	12:14:10.837	649	1	0.794000	-0.025000	-15.3200	-15.5020
01/07/19	12:14:11.047	650	1	0.771000	-0.025000	-14.9800	-15.1740
01/07/19	12:14:11.217	651	1	0.771000	-0.025000	-14.7150	-14.9360
01/07/19	12:14:11.427	652	1	0.751000	-0.026000	-14.3710	-14.5680
01/07/19	12:14:11.649	653	1	0.730000	-0.026000	-14.0320	-14.2600
01/07/19	12:14:11.852	654	1	0.711000	-0.025000	-13.7010	-13.9290
01/07/19	12:14:12.017	655	1	0.711000	-0.025000	-13.4250	-13.6760
01/07/19	12:14:12.228	656	1	0.692000	-0.026000	-13.1140	-13.3330
01/07/19	12:14:12.442	657	1	0.675000	-0.026000	-12.7970	-13.0140
01/07/19	12:14:12.650	658	1	0.658000	-0.026000	-12.4920	-12.7170
01/07/19	12:14:12.820	659	1	0.658000	-0.025000	-12.2530	-12.4840
01/07/19	12:14:13.033	660	1	0.641000	-0.025000	-11.9250	-12.1650
01/07/19	12:14:13.248	661	1	0.625000	-0.025000	-11.6120	-11.8590
01/07/19	12:14:13.454	662	1	0.610000	-0.025000	-11.3080	-11.5770
01/07/19	12:14:13.616	663	1	0.610000	-0.025000	-11.0490	-11.3380
01/07/19	12:14:13.822	664	1	0.595000	-0.026000	-10.7870	-11.0240
01/07/19	12:14:14.034	665	1	0.581000	-0.026000	-10.5110	-10.7540
01/07/19	12:14:14.249	666	1	0.567000	-0.025000	-10.2090	-10.4660
01/07/19	12:14:14.416	667	1	0.567000	-0.025000	-9.9790	-10.2410
01/07/19	12:14:14.626	668	1	0.553000	-0.025000	-9.7370	-9.9650
01/07/19	12:14:14.834	669	1	0.540000	-0.025000	-9.4550	-9.7030
01/07/19	12:14:15.042	670	1	0.527000	-0.025000	-9.1720	-9.4440
01/07/19	12:14:15.252	671	1	0.527000	-0.025000	-8.9280	-9.1860
01/07/19	12:14:15.419	672	1	0.515000	-0.026000	-8.7460	-8.9880
01/07/19	12:14:15.632	673	1	0.502000	-0.026000	-8.5030	-8.7360
01/07/19	12:14:15.840	674	1	0.491000	-0.025000	-8.2530	-8.4840
01/07/19	12:14:16.049	675	1	0.491000	-0.025000	-7.9810	-8.2310
01/07/19	12:14:16.213	676	1	0.480000	-0.026000	-7.8000	-8.0530
01/07/19	12:14:16.420	677	1	0.468000	-0.026000	-7.5900	-7.8010
01/07/19	12:14:16.627	678	1	0.458000	-0.025000	-7.3810	-7.5990
01/07/19	12:14:16.834	679	1	0.458000	-0.025000	-7.1370	-7.3500
01/07/19	12:14:17.041	680	1	0.446000	-0.025000	-6.9160	-7.1260
01/07/19	12:14:17.257	681	1	0.437000	-0.025000	-6.6860	-6.9210
01/07/19	12:14:17.416	682	1	0.426000	-0.026000	-6.5370	-6.7760
01/07/19	12:14:17.629	683	1	0.426000	-0.025000	-6.3330	-6.5410
01/07/19	12:14:17.842	684	1	0.417000	-0.026000	-6.1410	-6.3280
01/07/19	12:14:18.052	685	1	0.407000	-0.026000	-5.9200	-6.1300
01/07/19	12:14:18.218	686	1	0.398000	-0.025000	-5.7470	-5.9600
01/07/19	12:14:18.431	687	1	0.398000	-0.025000	-5.5820	-5.7450
01/07/19	12:14:18.635	688	1	0.389000	-0.025000	-5.3390	-5.5770
01/07/19	12:14:18.855	689	1	0.379000	-0.025000	-5.1830	-5.3820
01/07/19	12:14:19.016	690	1	0.371000	-0.025000	-5.0210	-5.2320
01/07/19	12:14:19.239	691	1	0.371000	-0.025000	-4.8370	-5.0330
01/07/19	12:14:19.443	692	1	0.362000	-0.025000	-4.6420	-4.8350
01/07/19	12:14:19.650	693	1	0.354000	-0.025000	-4.4720	-4.6730
01/07/19	12:14:19.812	694	1	0.346000	-0.025000	-4.3610	-4.5230
01/07/19	12:14:20.025	695	1	0.346000	-0.026000	-4.1710	-4.3590
01/07/19	12:14:20.236	696	1	0.338000	-0.025000	-3.9960	-4.1720
01/07/19	12:14:20.448	697	1	0.331000	-0.025000	-3.8370	-3.9990
01/07/19	12:14:20.620	698	1	0.323000	-0.026000	-3.6920	-3.8800
01/07/19	12:14:20.832	699	1	0.323000	-0.025000	-3.5390	-3.6990
01/07/19	12:14:21.045	700	1	0.316000	-0.025000	-3.3780	-3.5710
01/07/19	12:14:21.259	701	1	0.309000	-0.025000	-3.2300	-3.3950
01/07/19	12:14:21.414	702	1	0.302000	-0.025000	-3.1330	-3.2720
01/07/19	12:14:21.623	703	1	0.302000	-0.026000	-2.9650	-3.1080
01/07/19	12:14:21.836	704	1	0.295000	-0.025000	-2.8040	-2.9890
01/07/19	12:14:22.045	705	1	0.288000	-0.025000	-2.6540	-2.8330
01/07/19	12:14:22.211	706	1	0.282000	-0.025000	-2.5690	-2.7080
01/07/19	12:14:22.419	707	1	0.282000	-0.025000	-2.4180	-2.5780
01/07/19	12:14:22.627	708	1	0.276000	-0.025000	-2.2830	-2.4320
01/07/19	12:14:22.839	709	1	0.269000	-0.025000	-2.1490	-2.3090
01/07/19	12:14:23.052	710	1	0.264000	-0.026000	-2.0110	-2.1800
01/07/19	12:14:23.222	711	1	0.264000	-0.026000	-1.9360	-2.0960
01/07/19	12:14:23.432	712	1	0.258000	-0.026000	-1.8100	-1.9700
01/07/19	12:14:23.640	713	1	0.252000	-0.026000	-1.7370	-1.8500
01/07/19	12:14:23.846	714	1	0.247000	-0.026000	-1.5770	-1.7260
01/07/19	12:14:24.014	715	1	0.247000	-0.025000	-1.4820	-1.6450
01/07/19	12:14:24.226	716	1	0.242000	-0.025000	-1.3810	-1.5190
01/07/19	12:14:24.445	717	1	0.237000	-0.025000	-1.2630	-1.4120
01/07/19	12:14:24.643	718	1	0.231000	-0.025000	-1.1740	-1.3260
01/07/19	12:14:24.813	719	1	0.231000	-0.026000	-1.1040	-1.2270
01/07/19	12:14:25.024	720	1	0.228000	-0.025000	-1.0110	-1.1320
01/07/19	12:14:25.230	721	1	0.223000	-0.025000	-0.8960	-1.0340
01/07/19	12:14:25.437	722	1	0.218000	-0.025000	-0.8090	-0.9330
01/07/19	12:14:25.648	723	1	0.218000	-0.026000	-0.7140	-0.8380
01/07/19	12:14:25.818	724	1	0.214000	-0.025000	-0.6440	-0.7740
01/07/19	12:14:26.032	725	1	0.210000	-0.025000	-0.5630	-0.6890
01/07/19	12:14:26.241	726	1	0.204000	-0.025000	-0.4620	-0.5720
01/07/19	12:14:26.449	727	1	0.204000	-0.026000	-0.3670	-0.5160
01/07/19	12:14:26.658	728	1	0.200000	-0.026000	-0.3110	-0.4350
01/07/19	12:14:26.813	729	1	0.197000	-0.026000	-0.2350	-0.3950
01/07/19	12:14:27.026	730	1	0.194000	-0.025000	-0.1960	-0.2940
01/07/19	12:14:27.236	731	1	0.194000	-0.026000	-0.1120	-0.2440
01/07/19	12:14:27.446	732	1	0.190000	-0.025000	-0.0610	-0.1610
01/07/19	12:14:27.614	733	1	0.186000	-0.025000	-0.0300	-0.1390
01/07/19	12:14:27.823	734	1	0.182000	-0.026000	0.0450	-0.0630
