01/07/19	11:49:32.126	C:\Icing\LabView_vi\Icing_2TC_FP_v2.0.vi
Dt (s):		0.200000

Date	Time	# meas	# cycle	V	I	Temp1	Temp2

01/07/19	11:50:11.961	1	0	-0.001000	0.004000	6.0640	6.1010
01/07/19	11:50:12.155	2	0	0.000000	0.004000	6.0420	6.0900
01/07/19	11:50:12.356	3	0	0.000000	0.004000	6.0700	6.0980
01/07/19	11:50:12.584	4	0	0.000000	0.003000	6.0670	6.0730
01/07/19	11:50:12.790	5	0	0.000000	0.004000	6.0640	6.0650
01/07/19	11:50:12.957	6	0	0.000000	0.004000	6.0340	6.0590
01/07/19	11:50:13.160	7	0	0.000000	0.003000	6.0610	6.0870
01/07/19	11:50:13.373	8	0	0.000000	0.004000	6.0610	6.0700
01/07/19	11:50:13.579	9	0	0.000000	0.003000	6.0530	6.0700
01/07/19	11:50:13.786	10	0	0.000000	0.003000	6.0470	6.0620
01/07/19	11:50:13.959	11	0	0.000000	0.003000	6.0590	6.0760
01/07/19	11:50:14.168	12	0	0.000000	0.003000	6.0470	6.0510
01/07/19	11:50:14.379	13	0	0.000000	0.003000	6.0450	6.0730
01/07/19	11:50:14.592	14	0	0.000000	0.003000	6.0420	6.0590
01/07/19	11:50:14.757	15	0	0.000000	0.003000	6.0420	6.0700
01/07/19	11:50:14.962	16	0	0.000000	0.003000	6.0250	6.0650
01/07/19	11:50:15.172	17	0	-0.001000	0.003000	6.0500	6.0590
01/07/19	11:50:15.378	18	0	0.000000	0.003000	6.0470	6.0540
01/07/19	11:50:15.598	19	0	0.000000	0.003000	6.0280	6.0680
01/07/19	11:50:15.757	20	0	0.000000	0.003000	6.0340	6.0560
01/07/19	11:50:15.968	21	0	0.000000	0.003000	6.0450	6.0370
01/07/19	11:50:16.174	22	0	0.000000	0.003000	6.0340	6.0680
01/07/19	11:50:16.387	23	0	0.000000	0.003000	6.0450	6.0480
01/07/19	11:50:16.595	24	0	0.000000	0.003000	6.0340	6.0400
01/07/19	11:50:16.761	25	0	0.000000	0.003000	6.0310	6.0510
01/07/19	11:50:16.972	26	0	0.000000	0.003000	6.0230	6.0540
01/07/19	11:50:17.180	27	0	0.000000	0.003000	6.0420	6.0450
01/07/19	11:50:17.392	28	0	0.000000	0.003000	6.0170	6.0590
01/07/19	11:50:17.604	29	0	-0.001000	0.003000	6.0470	6.0510
01/07/19	11:50:17.756	30	0	0.000000	0.003000	6.0230	6.0290
01/07/19	11:50:17.968	31	0	0.000000	0.003000	6.0340	6.0450
01/07/19	11:50:18.178	32	0	0.000000	0.003000	6.0470	6.0480
01/07/19	11:50:18.392	33	0	0.000000	0.003000	6.0450	6.0450
01/07/19	11:50:18.554	34	0	-0.001000	0.003000	6.0560	6.0510
01/07/19	11:50:18.771	35	0	-0.001000	0.003000	6.0420	6.0450
01/07/19	11:50:18.982	36	0	0.000000	0.003000	6.0230	6.0480
01/07/19	11:50:19.191	37	0	0.000000	0.003000	6.0340	6.0450
01/07/19	11:50:19.356	38	0	0.000000	0.003000	6.0420	6.0590
01/07/19	11:50:19.574	39	0	0.000000	0.003000	6.0360	6.0590
01/07/19	11:50:19.779	40	0	0.000000	0.003000	6.0360	6.0790
01/07/19	11:50:19.996	41	0	0.000000	0.003000	6.0810	6.0540
01/07/19	11:50:20.154	42	0	-0.001000	0.003000	6.0250	6.0590
01/07/19	11:50:20.360	43	0	-0.001000	0.003000	6.0230	6.0560
01/07/19	11:50:20.581	44	0	0.000000	0.003000	6.0390	6.0590
01/07/19	11:50:20.781	45	0	0.000000	0.003000	6.0470	6.1060
01/07/19	11:50:20.988	46	0	0.000000	0.003000	6.1050	6.1720
01/07/19	11:50:21.152	47	0	0.000000	0.003000	6.1360	6.2300
01/07/19	11:50:21.364	48	0	-0.001000	0.003000	6.9500	8.0500
01/07/19	11:50:21.577	49	0	0.000000	0.003000	7.3700	8.6630
01/07/19	11:50:21.783	50	0	-0.001000	0.003000	7.7230	9.0080
01/07/19	11:50:21.990	51	0	0.000000	0.003000	8.0580	9.2370
01/07/19	11:50:22.161	52	0	0.000000	0.003000	8.3940	9.4110
01/07/19	11:50:22.373	53	0	0.000000	0.003000	8.7260	9.7430
01/07/19	11:50:22.585	54	0	0.000000	0.003000	8.9990	10.1040
01/07/19	11:50:22.798	55	0	0.000000	0.003000	9.2500	10.2340
01/07/19	11:50:22.956	56	0	0.000000	0.003000	9.4440	10.2920
01/07/19	11:50:23.171	57	0	0.000000	0.003000	9.5900	10.3170
01/07/19	11:50:23.378	58	0	0.000000	0.003000	9.6510	10.3000
01/07/19	11:50:23.586	59	0	0.000000	0.003000	9.6540	10.2400
01/07/19	11:50:23.753	60	0	0.000000	0.003000	9.6120	10.1760
01/07/19	11:50:23.966	61	0	-0.001000	0.003000	9.5600	10.0600
01/07/19	11:50:24.176	62	0	-0.001000	0.003000	9.4410	9.9280
01/07/19	11:50:24.381	63	0	0.000000	0.003000	9.3640	9.8250
01/07/19	11:50:24.594	64	0	0.000000	0.003000	9.2420	9.6980
01/07/19	11:50:24.760	65	0	-0.001000	0.003000	9.1730	9.6240
01/07/19	11:50:24.973	66	0	-0.001000	0.003000	9.0760	9.5000
01/07/19	11:50:25.188	67	0	0.000000	0.004000	8.9720	9.3670
01/07/19	11:50:25.394	68	0	0.000000	0.003000	8.8670	9.2840
01/07/19	11:50:25.555	69	0	-0.001000	0.003000	8.7980	9.1930
01/07/19	11:50:25.763	70	0	-0.001000	0.004000	8.7150	9.0850
01/07/19	11:50:25.974	71	0	-0.001000	0.003000	8.6150	9.0030
01/07/19	11:50:26.183	72	0	-0.001000	0.004000	8.5350	8.8870
01/07/19	11:50:26.390	73	0	-0.001000	0.004000	8.4580	8.7980
01/07/19	11:50:26.556	74	0	-0.001000	0.004000	8.3920	8.7210
Cycle	Time Peltier On:	100.000000	Time Peltier Off:	200.000000	# iterations	1.000000		
01/07/19	11:50:26.766	75	1	-0.001000	0.004000	8.3170	8.6330
01/07/19	11:50:26.978	76	1	0.410000	0.096000	8.2040	8.5190
01/07/19	11:50:27.180	77	1	0.332000	0.090000	8.0880	8.3950
01/07/19	11:50:27.396	78	1	0.296000	0.090000	7.9530	8.2600
01/07/19	11:50:27.561	79	1	0.296000	0.084000	7.8670	8.1630
01/07/19	11:50:27.773	80	1	0.267000	0.072000	7.7290	8.0640
01/07/19	11:50:27.985	81	1	0.238000	0.063000	7.6710	7.9420
01/07/19	11:50:28.195	82	1	0.236000	0.063000	7.5580	7.8400
01/07/19	11:50:28.355	83	1	0.236000	0.065000	7.5000	7.7550
01/07/19	11:50:28.563	84	1	0.216000	0.060000	7.3920	7.6720
01/07/19	11:50:28.772	85	1	0.209000	0.055000	7.3180	7.5670
01/07/19	11:50:28.998	86	1	0.201000	0.055000	7.2240	7.4780
01/07/19	11:50:29.155	87	1	0.201000	0.054000	7.1910	7.4290
01/07/19	11:50:29.366	88	1	0.188000	0.054000	7.1080	7.3350
01/07/19	11:50:29.577	89	1	0.197000	0.053000	7.0580	7.2800
01/07/19	11:50:29.784	90	1	0.202000	0.053000	6.9920	7.1860
01/07/19	11:50:29.995	91	1	0.207000	0.054000	6.9280	7.1220
01/07/19	11:50:30.160	92	1	0.207000	0.055000	6.8590	7.0750
01/07/19	11:50:30.370	93	1	0.207000	0.055000	6.8210	7.0060
01/07/19	11:50:30.581	94	1	0.217000	0.055000	6.7320	6.9540
01/07/19	11:50:30.798	95	1	0.210000	0.057000	6.6740	6.8740
01/07/19	11:50:30.964	96	1	0.210000	0.056000	6.6440	6.8070
01/07/19	11:50:31.165	97	1	0.224000	0.056000	6.5910	6.7550
01/07/19	11:50:31.371	98	1	0.238000	0.061000	6.5310	6.6890
01/07/19	11:50:31.577	99	1	0.242000	0.064000	6.4700	6.6310
01/07/19	11:50:31.784	100	1	0.242000	0.064000	6.4120	6.5760
01/07/19	11:50:31.957	101	1	0.244000	0.064000	6.3710	6.5340
01/07/19	11:50:32.167	102	1	0.263000	0.066000	6.3130	6.4620
01/07/19	11:50:32.373	103	1	0.268000	0.070000	6.2550	6.3990
01/07/19	11:50:32.586	104	1	0.268000	0.071000	6.2240	6.3490
01/07/19	11:50:32.793	105	1	0.273000	0.075000	6.1630	6.2830
01/07/19	11:50:32.959	106	1	0.292000	0.075000	6.1030	6.2690
01/07/19	11:50:33.172	107	1	0.297000	0.077000	6.1440	6.2000
01/07/19	11:50:33.382	108	1	0.297000	0.091000	6.0340	6.1310
01/07/19	11:50:33.590	109	1	0.344000	0.085000	5.9670	6.1010
01/07/19	11:50:33.755	110	1	0.329000	0.085000	5.9090	6.0210
01/07/19	11:50:33.979	111	1	0.335000	0.086000	5.8620	5.9760
01/07/19	11:50:34.180	112	1	0.335000	0.089000	5.7930	5.9290
01/07/19	11:50:34.385	113	1	0.345000	0.088000	5.7470	5.8630
01/07/19	11:50:34.557	114	1	0.355000	0.088000	5.7110	5.8330
01/07/19	11:50:34.768	115	1	0.355000	0.095000	5.6580	5.7640
01/07/19	11:50:34.975	116	1	0.370000	0.097000	5.6200	5.7170
01/07/19	11:50:35.181	117	1	0.381000	0.100000	5.5450	5.6670
01/07/19	11:50:35.397	118	1	0.388000	0.100000	5.5010	5.6120
01/07/19	11:50:35.565	119	1	0.388000	0.099000	5.4870	5.5790
01/07/19	11:50:35.779	120	1	0.401000	0.109000	5.4120	5.5130
01/07/19	11:50:35.991	121	1	0.426000	0.107000	5.3740	5.4660
01/07/19	11:50:36.203	122	1	0.435000	0.107000	5.2960	5.4130
01/07/19	11:50:36.356	123	1	0.435000	0.110000	5.2940	5.3800
01/07/19	11:50:36.568	124	1	0.434000	0.117000	5.2160	5.3000
01/07/19	11:50:36.781	125	1	0.461000	0.116000	5.1450	5.2750
01/07/19	11:50:36.990	126	1	0.460000	0.116000	5.1140	5.2030
01/07/19	11:50:37.156	127	1	0.460000	0.115000	5.0590	5.1560
01/07/19	11:50:37.362	128	1	0.479000	0.121000	5.0150	5.1010
01/07/19	11:50:37.570	129	1	0.495000	0.121000	4.9460	5.0600
01/07/19	11:50:37.784	130	1	0.499000	0.124000	4.8960	5.0070
01/07/19	11:50:37.962	131	1	0.499000	0.126000	4.8550	4.9600
01/07/19	11:50:38.174	132	1	0.519000	0.129000	4.8050	4.8970
01/07/19	11:50:38.384	133	1	0.529000	0.129000	4.7610	4.8500
01/07/19	11:50:38.592	134	1	0.541000	0.131000	4.6670	4.8060
01/07/19	11:50:38.752	135	1	0.541000	0.131000	4.6830	4.7730
01/07/19	11:50:38.961	136	1	0.565000	0.131000	4.6310	4.7390
01/07/19	11:50:39.168	137	1	0.576000	0.141000	4.5650	4.6480
01/07/19	11:50:39.377	138	1	0.581000	0.143000	4.4980	4.6150
01/07/19	11:50:39.583	139	1	0.581000	0.143000	4.4600	4.5430
01/07/19	11:50:39.756	140	1	0.583000	0.143000	4.3990	4.5020
01/07/19	11:50:39.963	141	1	0.599000	0.147000	4.3660	4.4660
01/07/19	11:50:40.177	142	1	0.615000	0.151000	4.3080	4.3970
01/07/19	11:50:40.391	143	1	0.615000	0.152000	4.2610	4.3580
01/07/19	11:50:40.562	144	1	0.625000	0.152000	4.2090	4.3000
01/07/19	11:50:40.775	145	1	0.642000	0.155000	4.1640	4.2340
01/07/19	11:50:40.985	146	1	0.655000	0.158000	4.1020	4.2010
01/07/19	11:50:41.192	147	1	0.655000	0.160000	4.0520	4.1530
01/07/19	11:50:41.354	148	1	0.659000	0.160000	4.0070	4.0970
01/07/19	11:50:41.578	149	1	0.678000	0.162000	3.9510	4.0390
01/07/19	11:50:41.776	150	1	0.685000	0.165000	3.9200	4.0050
01/07/19	11:50:41.982	151	1	0.685000	0.171000	3.8530	3.9380
01/07/19	11:50:42.197	152	1	0.703000	0.171000	3.7800	3.8930
01/07/19	11:50:42.358	153	1	0.705000	0.171000	3.7410	3.8420
01/07/19	11:50:42.568	154	1	0.721000	0.174000	3.6900	3.7920
01/07/19	11:50:42.779	155	1	0.721000	0.176000	3.6320	3.7300
01/07/19	11:50:42.989	156	1	0.732000	0.177000	3.5950	3.6940
01/07/19	11:50:43.161	157	1	0.748000	0.177000	3.5450	3.6320
01/07/19	11:50:43.377	158	1	0.760000	0.183000	3.4750	3.5590
01/07/19	11:50:43.582	159	1	0.760000	0.181000	3.4210	3.5030
01/07/19	11:50:43.795	160	1	0.762000	0.184000	3.3650	3.4560
01/07/19	11:50:43.953	161	1	0.773000	0.184000	3.3210	3.4170
01/07/19	11:50:44.164	162	1	0.773000	0.188000	3.2700	3.3720
01/07/19	11:50:44.373	163	1	0.786000	0.190000	3.2170	3.3070
01/07/19	11:50:44.581	164	1	0.797000	0.191000	3.1380	3.2570
01/07/19	11:50:44.795	165	1	0.799000	0.191000	3.1020	3.2040
01/07/19	11:50:44.956	166	1	0.799000	0.190000	3.0570	3.1560
01/07/19	11:50:45.170	167	1	0.814000	0.196000	3.0150	3.1030
01/07/19	11:50:45.376	168	1	0.836000	0.199000	2.9700	3.0410
01/07/19	11:50:45.583	169	1	0.850000	0.199000	2.8890	3.0050
01/07/19	11:50:45.797	170	1	0.846000	0.202000	2.8470	2.9430
01/07/19	11:50:45.961	171	1	0.846000	0.203000	2.8050	2.8980
01/07/19	11:50:46.174	172	1	0.870000	0.206000	2.7460	2.8250
01/07/19	11:50:46.382	173	1	0.877000	0.206000	2.6870	2.7860
01/07/19	11:50:46.595	174	1	0.883000	0.207000	2.6510	2.7360
01/07/19	11:50:46.754	175	1	0.883000	0.212000	2.5920	2.6770
01/07/19	11:50:46.971	176	1	0.902000	0.213000	2.5420	2.6350
01/07/19	11:50:47.177	177	1	0.913000	0.213000	2.4690	2.5840
01/07/19	11:50:47.389	178	1	0.913000	0.215000	2.4270	2.5140
01/07/19	11:50:47.556	179	1	0.913000	0.217000	2.3680	2.4690
01/07/19	11:50:47.769	180	1	0.930000	0.219000	2.3090	2.3970
01/07/19	11:50:47.980	181	1	0.935000	0.219000	2.2640	2.3550
01/07/19	11:50:48.192	182	1	0.948000	0.221000	2.2140	2.3130
01/07/19	11:50:48.358	183	1	0.948000	0.224000	2.1580	2.2510
01/07/19	11:50:48.569	184	1	0.962000	0.225000	2.1040	2.2000
01/07/19	11:50:48.780	185	1	0.972000	0.225000	2.0340	2.1580
01/07/19	11:50:48.991	186	1	0.975000	0.227000	2.0120	2.1020
01/07/19	11:50:49.151	187	1	0.975000	0.232000	1.9560	2.0440
01/07/19	11:50:49.365	188	1	1.001000	0.234000	1.9200	2.0070
01/07/19	11:50:49.571	189	1	1.014000	0.234000	1.8610	1.9430
01/07/19	11:50:49.780	190	1	1.021000	0.238000	1.8020	1.9010
01/07/19	11:50:50.005	191	1	1.021000	0.239000	1.7370	1.8250
01/07/19	11:50:50.154	192	1	1.028000	0.239000	1.6950	1.7830
01/07/19	11:50:50.368	193	1	1.044000	0.240000	1.6420	1.7380
01/07/19	11:50:50.579	194	1	1.049000	0.244000	1.5720	1.6680
01/07/19	11:50:50.786	195	1	1.049000	0.244000	1.5330	1.6260
01/07/19	11:50:50.960	196	1	1.053000	0.244000	1.4800	1.5670
01/07/19	11:50:51.170	197	1	1.074000	0.248000	1.4260	1.5340
01/07/19	11:50:51.384	198	1	1.082000	0.251000	1.3680	1.4640
01/07/19	11:50:51.596	199	1	1.082000	0.252000	1.3030	1.3850
01/07/19	11:50:51.760	200	1	1.090000	0.252000	1.2550	1.3540
01/07/19	11:50:51.969	201	1	1.102000	0.251000	1.2130	1.3320
01/07/19	11:50:52.176	202	1	1.116000	0.258000	1.1410	1.2510
01/07/19	11:50:52.382	203	1	1.116000	0.257000	1.1010	1.2090
01/07/19	11:50:52.588	204	1	1.117000	0.260000	1.0450	1.1360
01/07/19	11:50:52.754	205	1	1.137000	0.260000	1.0060	1.1020
01/07/19	11:50:52.968	206	1	1.149000	0.265000	0.9580	1.0520
01/07/19	11:50:53.178	207	1	1.149000	0.267000	0.8830	0.9900
01/07/19	11:50:53.391	208	1	1.161000	0.267000	0.8490	0.9230
01/07/19	11:50:53.559	209	1	1.176000	0.267000	0.7760	0.8890
01/07/19	11:50:53.775	210	1	1.175000	0.269000	0.7340	0.8160
01/07/19	11:50:53.984	211	1	1.175000	0.273000	0.6730	0.7570
01/07/19	11:50:54.200	212	1	1.187000	0.273000	0.6050	0.7070
01/07/19	11:50:54.354	213	1	1.193000	0.273000	0.5610	0.6960
01/07/19	11:50:54.561	214	1	1.193000	0.275000	0.5270	0.6400
01/07/19	11:50:54.769	215	1	1.204000	0.280000	0.4680	0.5670
01/07/19	11:50:54.975	216	1	1.228000	0.282000	0.4010	0.4940
01/07/19	11:50:55.189	217	1	1.228000	0.282000	0.3390	0.4520
01/07/19	11:50:55.406	218	1	1.235000	0.281000	0.2920	0.3990
01/07/19	11:50:55.554	219	1	1.235000	0.285000	0.2520	0.3570
01/07/19	11:50:55.768	220	1	1.256000	0.288000	0.1850	0.2870
01/07/19	11:50:55.975	221	1	1.259000	0.288000	0.1430	0.2500
01/07/19	11:50:56.190	222	1	1.271000	0.289000	0.1010	0.1690
01/07/19	11:50:56.362	223	1	1.271000	0.293000	0.0510	0.1380
01/07/19	11:50:56.574	224	1	1.291000	0.295000	0.0030	0.0930
01/07/19	11:50:56.782	225	1	1.305000	0.295000	-0.0750	0.0200
01/07/19	11:50:56.991	226	1	1.302000	0.298000	-0.1200	-0.0330
01/07/19	11:50:57.151	227	1	1.302000	0.299000	-0.1680	-0.0660
01/07/19	11:50:57.361	228	1	1.321000	0.299000	-0.2210	-0.1250
01/07/19	11:50:57.569	229	1	1.331000	0.301000	-0.2690	-0.1870
01/07/19	11:50:57.776	230	1	1.341000	0.305000	-0.3390	-0.2260
01/07/19	11:50:57.990	231	1	1.341000	0.305000	-0.3950	-0.2820
01/07/19	11:50:58.153	232	1	1.345000	0.305000	-0.4510	-0.3350
01/07/19	11:50:58.367	233	1	1.357000	0.306000	-0.4790	-0.3910
01/07/19	11:50:58.576	234	1	1.377000	0.313000	-0.5570	-0.4590
01/07/19	11:50:58.784	235	1	1.377000	0.311000	-0.5910	-0.5060
01/07/19	11:50:58.990	236	1	1.372000	0.315000	-0.6670	-0.5430
01/07/19	11:50:59.162	237	1	1.387000	0.315000	-0.7030	-0.5930
01/07/19	11:50:59.374	238	1	1.403000	0.318000	-0.7560	-0.6550
01/07/19	11:50:59.583	239	1	1.403000	0.320000	-0.8210	-0.7160
01/07/19	11:50:59.792	240	1	1.412000	0.320000	-0.8400	-0.7670
01/07/19	11:50:59.958	241	1	1.434000	0.320000	-0.9020	-0.7980
01/07/19	11:51:00.161	242	1	1.434000	0.327000	-0.9610	-0.8680
01/07/19	11:51:00.373	243	1	1.441000	0.326000	-1.0230	-0.9210
01/07/19	11:51:00.575	244	1	1.446000	0.328000	-1.0590	-0.9600
01/07/19	11:51:00.784	245	1	1.465000	0.328000	-1.0900	-1.0250
01/07/19	11:51:00.956	246	1	1.465000	0.332000	-1.1790	-1.0640
01/07/19	11:51:01.165	247	1	1.481000	0.334000	-1.2270	-1.1230
01/07/19	11:51:01.371	248	1	1.483000	0.335000	-1.2860	-1.1730
01/07/19	11:51:01.583	249	1	1.491000	0.335000	-1.3390	-1.2460
01/07/19	11:51:01.793	250	1	1.500000	0.337000	-1.4090	-1.2990
01/07/19	11:51:01.960	251	1	1.500000	0.338000	-1.4320	-1.3440
01/07/19	11:51:02.172	252	1	1.516000	0.343000	-1.4740	-1.3970
01/07/19	11:51:02.381	253	1	1.532000	0.343000	-1.5490	-1.4510
01/07/19	11:51:02.589	254	1	1.533000	0.346000	-1.6140	-1.5010
01/07/19	11:51:02.754	255	1	1.533000	0.346000	-1.6310	-1.5740
01/07/19	11:51:02.961	256	1	1.554000	0.351000	-1.6980	-1.5790
01/07/19	11:51:03.167	257	1	1.559000	0.351000	-1.7450	-1.6470
01/07/19	11:51:03.373	258	1	1.572000	0.355000	-1.8020	-1.7110
01/07/19	11:51:03.582	259	1	1.572000	0.356000	-1.8830	-1.7480
01/07/19	11:51:03.758	260	1	1.579000	0.356000	-1.9110	-1.8320
01/07/19	11:51:03.969	261	1	1.592000	0.354000	-1.9610	-1.8570
01/07/19	11:51:04.175	262	1	1.601000	0.359000	-2.0170	-1.9210
01/07/19	11:51:04.383	263	1	1.601000	0.362000	-2.0620	-1.9580
01/07/19	11:51:04.595	264	1	1.610000	0.364000	-2.1240	-2.0330
01/07/19	11:51:04.760	265	1	1.624000	0.364000	-2.1710	-2.0560
01/07/19	11:51:04.969	266	1	1.632000	0.368000	-2.2300	-2.1370
01/07/19	11:51:05.179	267	1	1.632000	0.368000	-2.2670	-2.1760
01/07/19	11:51:05.391	268	1	1.640000	0.372000	-2.3280	-2.2380
01/07/19	11:51:05.552	269	1	1.659000	0.372000	-2.3840	-2.2860
01/07/19	11:51:05.759	270	1	1.659000	0.374000	-2.4260	-2.3190
01/07/19	11:51:05.966	271	1	1.665000	0.377000	-2.4940	-2.3640
01/07/19	11:51:06.172	272	1	1.678000	0.377000	-2.5500	-2.4480
01/07/19	11:51:06.379	273	1	1.685000	0.377000	-2.5890	-2.5130
01/07/19	11:51:06.592	274	1	1.701000	0.378000	-2.6510	-2.5600
01/07/19	11:51:06.757	275	1	1.701000	0.383000	-2.7020	-2.5910
01/07/19	11:51:06.964	276	1	1.714000	0.385000	-2.7360	-2.6310
01/07/19	11:51:07.177	277	1	1.730000	0.385000	-2.8130	-2.7100
01/07/19	11:51:07.384	278	1	1.727000	0.388000	-2.8520	-2.7470
01/07/19	11:51:07.596	279	1	1.727000	0.391000	-2.9200	-2.8320
01/07/19	11:51:07.762	280	1	1.743000	0.391000	-2.9710	-2.8720
01/07/19	11:51:07.967	281	1	1.751000	0.391000	-3.0170	-2.9200
01/07/19	11:51:08.173	282	1	1.761000	0.395000	-3.0850	-2.9570
01/07/19	11:51:08.378	283	1	1.761000	0.395000	-3.1160	-2.9930
01/07/19	11:51:08.589	284	1	1.764000	0.400000	-3.1700	-3.0780
01/07/19	11:51:08.753	285	1	1.787000	0.400000	-3.2260	-3.1150
01/07/19	11:51:08.968	286	1	1.797000	0.403000	-3.2860	-3.1780
01/07/19	11:51:09.180	287	1	1.797000	0.403000	-3.3340	-3.2290
01/07/19	11:51:09.391	288	1	1.801000	0.406000	-3.3940	-3.2910
01/07/19	11:51:09.567	289	1	1.815000	0.406000	-3.4390	-3.3140
01/07/19	11:51:09.776	290	1	1.826000	0.409000	-3.4840	-3.3840
01/07/19	11:51:09.987	291	1	1.826000	0.411000	-3.5350	-3.4410
01/07/19	11:51:10.191	292	1	1.839000	0.414000	-3.6060	-3.5090
01/07/19	11:51:10.354	293	1	1.848000	0.414000	-3.6370	-3.5400
01/07/19	11:51:10.568	294	1	1.864000	0.418000	-3.6740	-3.6060
01/07/19	11:51:10.777	295	1	1.864000	0.421000	-3.7590	-3.6480
01/07/19	11:51:10.982	296	1	1.880000	0.420000	-3.8070	-3.6960
01/07/19	11:51:11.190	297	1	1.884000	0.420000	-3.8640	-3.7590
01/07/19	11:51:11.357	298	1	1.884000	0.422000	-3.9040	-3.8040
01/07/19	11:51:11.566	299	1	1.890000	0.425000	-3.9350	-3.8610
01/07/19	11:51:11.779	300	1	1.917000	0.430000	-4.0140	-3.9060
01/07/19	11:51:11.985	301	1	1.916000	0.430000	-4.0710	-3.9770
01/07/19	11:51:12.159	302	1	1.916000	0.428000	-4.1300	-4.0190
01/07/19	11:51:12.375	303	1	1.925000	0.431000	-4.1640	-4.0590
01/07/19	11:51:12.587	304	1	1.935000	0.435000	-4.2380	-4.1300
01/07/19	11:51:12.800	305	1	1.945000	0.435000	-4.2780	-4.1690
01/07/19	11:51:12.955	306	1	1.945000	0.434000	-4.3350	-4.2230
01/07/19	11:51:13.168	307	1	1.957000	0.438000	-4.3770	-4.2690
01/07/19	11:51:13.376	308	1	1.966000	0.442000	-4.4390	-4.3590
01/07/19	11:51:13.590	309	1	1.979000	0.442000	-4.4990	-4.3880
01/07/19	11:51:13.757	310	1	1.979000	0.442000	-4.5330	-4.4240
01/07/19	11:51:13.968	311	1	1.985000	0.447000	-4.5780	-4.4840
01/07/19	11:51:14.175	312	1	2.004000	0.450000	-4.6520	-4.5350
01/07/19	11:51:14.383	313	1	2.012000	0.450000	-4.6800	-4.5950
01/07/19	11:51:14.590	314	1	2.030000	0.449000	-4.7370	-4.6460
01/07/19	11:51:14.762	315	1	2.030000	0.455000	-4.7940	-4.6880
01/07/19	11:51:14.975	316	1	2.041000	0.456000	-4.8420	-4.7590
01/07/19	11:51:15.182	317	1	2.053000	0.456000	-4.8960	-4.7820
01/07/19	11:51:15.394	318	1	2.059000	0.459000	-4.9470	-4.8610
01/07/19	11:51:15.554	319	1	2.059000	0.462000	-4.9830	-4.8980
01/07/19	11:51:15.762	320	1	2.082000	0.466000	-5.0320	-4.9600
01/07/19	11:51:15.970	321	1	2.092000	0.466000	-5.0910	-4.9970
01/07/19	11:51:16.178	322	1	2.099000	0.468000	-5.1360	-5.0510
01/07/19	11:51:16.402	323	1	2.099000	0.471000	-5.1900	-5.1270
01/07/19	11:51:16.558	324	1	2.112000	0.474000	-5.2190	-5.1640
01/07/19	11:51:16.765	325	1	2.133000	0.474000	-5.2840	-5.2150
01/07/19	11:51:16.976	326	1	2.140000	0.479000	-5.3380	-5.2580
01/07/19	11:51:17.183	327	1	2.140000	0.480000	-5.4110	-5.3260
01/07/19	11:51:17.391	328	1	2.147000	0.479000	-5.4620	-5.4110
01/07/19	11:51:17.566	329	1	2.153000	0.479000	-5.4960	-5.4160
01/07/19	11:51:17.772	330	1	2.171000	0.486000	-5.5560	-5.4760
01/07/19	11:51:17.984	331	1	2.171000	0.485000	-5.6070	-5.5580
01/07/19	11:51:18.189	332	1	2.175000	0.488000	-5.6690	-5.5860
01/07/19	11:51:18.355	333	1	2.187000	0.488000	-5.7120	-5.6570
01/07/19	11:51:18.563	334	1	2.200000	0.491000	-5.7660	-5.6830
01/07/19	11:51:18.772	335	1	2.200000	0.494000	-5.8250	-5.7510
01/07/19	11:51:18.980	336	1	2.211000	0.495000	-5.8790	-5.8020
01/07/19	11:51:19.187	337	1	2.219000	0.495000	-5.9530	-5.8530
01/07/19	11:51:19.354	338	1	2.219000	0.495000	-5.9720	-5.8900
01/07/19	11:51:19.566	339	1	2.219000	0.500000	-6.0180	-5.9600
01/07/19	11:51:19.776	340	1	2.245000	0.503000	-6.0770	-6.0000
01/07/19	11:51:19.984	341	1	2.257000	0.503000	-6.1370	-6.0570
01/07/19	11:51:20.195	342	1	2.264000	0.504000	-6.1930	-6.1080
01/07/19	11:51:20.360	343	1	2.264000	0.506000	-6.2330	-6.1530
01/07/19	11:51:20.572	344	1	2.279000	0.509000	-6.2810	-6.2130
01/07/19	11:51:20.784	345	1	2.292000	0.509000	-6.3320	-6.2720
01/07/19	11:51:20.996	346	1	2.302000	0.512000	-6.4030	-6.3230
01/07/19	11:51:21.154	347	1	2.302000	0.513000	-6.4430	-6.3710
01/07/19	11:51:21.370	348	1	2.314000	0.517000	-6.4910	-6.4170
01/07/19	11:51:21.578	349	1	2.325000	0.517000	-6.5480	-6.4730
01/07/19	11:51:21.786	350	1	2.331000	0.519000	-6.6130	-6.5330
01/07/19	11:51:21.953	351	1	2.331000	0.520000	-6.6530	-6.5840
01/07/19	11:51:22.167	352	1	2.346000	0.524000	-6.6980	-6.6410
01/07/19	11:51:22.378	353	1	2.356000	0.524000	-6.7550	-6.6800
01/07/19	11:51:22.590	354	1	2.365000	0.526000	-6.8170	-6.7370
01/07/19	11:51:22.761	355	1	2.365000	0.528000	-6.8570	-6.7790
01/07/19	11:51:22.973	356	1	2.379000	0.532000	-6.9050	-6.8470
01/07/19	11:51:23.183	357	1	2.391000	0.532000	-6.9530	-6.8810
01/07/19	11:51:23.396	358	1	2.400000	0.534000	-7.0210	-6.9410
01/07/19	11:51:23.554	359	1	2.400000	0.536000	-7.0660	-6.9860
01/07/19	11:51:23.763	360	1	2.414000	0.539000	-7.1060	-7.0200
01/07/19	11:51:23.972	361	1	2.426000	0.539000	-7.1650	-7.1140
01/07/19	11:51:24.180	362	1	2.432000	0.542000	-7.2330	-7.1480
01/07/19	11:51:24.397	363	1	2.432000	0.543000	-7.2850	-7.1990
01/07/19	11:51:24.558	364	1	2.435000	0.545000	-7.3040	-7.2360
01/07/19	11:51:24.766	365	1	2.463000	0.545000	-7.3610	-7.2950
01/07/19	11:51:24.977	366	1	2.470000	0.551000	-7.4230	-7.3600
01/07/19	11:51:25.187	367	1	2.470000	0.553000	-7.4800	-7.4170
01/07/19	11:51:25.395	368	1	2.477000	0.554000	-7.5250	-7.4480
01/07/19	11:51:25.562	369	1	2.493000	0.554000	-7.5790	-7.5020
01/07/19	11:51:25.777	370	1	2.499000	0.558000	-7.6360	-7.5500
01/07/19	11:51:25.982	371	1	2.499000	0.560000	-7.6870	-7.5900
01/07/19	11:51:26.195	372	1	2.507000	0.561000	-7.7270	-7.6780
01/07/19	11:51:26.354	373	1	2.526000	0.561000	-7.7780	-7.7090
01/07/19	11:51:26.567	374	1	2.536000	0.567000	-7.8400	-7.7570
01/07/19	11:51:26.769	375	1	2.536000	0.568000	-7.8910	-7.8170
01/07/19	11:51:26.985	376	1	2.545000	0.570000	-7.9310	-7.8480
01/07/19	11:51:27.194	377	1	2.562000	0.570000	-8.0010	-7.9190
01/07/19	11:51:27.356	378	1	2.562000	0.573000	-8.0300	-7.9360
01/07/19	11:51:27.565	379	1	2.565000	0.577000	-8.0840	-7.9890
01/07/19	11:51:27.773	380	1	2.587000	0.578000	-8.1400	-8.0630
01/07/19	11:51:27.988	381	1	2.593000	0.578000	-8.2000	-8.1080
01/07/19	11:51:28.196	382	1	2.601000	0.580000	-8.2480	-8.1620
01/07/19	11:51:28.361	383	1	2.601000	0.583000	-8.2910	-8.2100
01/07/19	11:51:28.570	384	1	2.618000	0.585000	-8.3330	-8.2730
01/07/19	11:51:28.781	385	1	2.635000	0.585000	-8.3900	-8.3290
01/07/19	11:51:28.998	386	1	2.641000	0.590000	-8.4380	-8.3780
01/07/19	11:51:29.153	387	1	2.641000	0.593000	-8.4830	-8.4170
01/07/19	11:51:29.364	388	1	2.660000	0.596000	-8.5570	-8.4680
01/07/19	11:51:29.571	389	1	2.661000	0.596000	-8.5850	-8.5110
01/07/19	11:51:29.778	390	1	2.680000	0.597000	-8.6480	-8.5820
01/07/19	11:51:29.987	391	1	2.680000	0.599000	-8.7070	-8.6190
01/07/19	11:51:30.154	392	1	2.683000	0.599000	-8.7550	-8.6720
01/07/19	11:51:30.367	393	1	2.700000	0.601000	-8.8200	-8.7180
01/07/19	11:51:30.574	394	1	2.702000	0.604000	-8.8540	-8.7550
01/07/19	11:51:30.787	395	1	2.702000	0.608000	-8.9050	-8.8140
01/07/19	11:51:30.959	396	1	2.717000	0.609000	-8.9340	-8.8590
01/07/19	11:51:31.173	397	1	2.742000	0.609000	-8.9880	-8.9130
01/07/19	11:51:31.382	398	1	2.749000	0.615000	-9.0390	-8.9730
01/07/19	11:51:31.594	399	1	2.749000	0.617000	-9.1070	-9.0320
01/07/19	11:51:31.760	400	1	2.758000	0.617000	-9.1520	-9.0630
01/07/19	11:51:31.967	401	1	2.771000	0.617000	-9.2030	-9.1090
01/07/19	11:51:32.176	402	1	2.780000	0.621000	-9.2480	-9.1740
01/07/19	11:51:32.382	403	1	2.780000	0.625000	-9.3160	-9.2220
01/07/19	11:51:32.596	404	1	2.792000	0.624000	-9.3620	-9.2840
01/07/19	11:51:32.757	405	1	2.802000	0.624000	-9.3870	-9.3210
01/07/19	11:51:32.969	406	1	2.821000	0.632000	-9.4410	-9.3720
01/07/19	11:51:33.185	407	1	2.821000	0.634000	-9.5160	-9.4290
01/07/19	11:51:33.396	408	1	2.831000	0.632000	-9.5390	-9.4750
01/07/19	11:51:33.561	409	1	2.847000	0.632000	-9.5880	-9.5180
01/07/19	11:51:33.771	410	1	2.859000	0.641000	-9.6680	-9.5780
01/07/19	11:51:33.982	411	1	2.859000	0.638000	-9.6880	-9.6270
01/07/19	11:51:34.194	412	1	2.855000	0.644000	-9.7520	-9.6790
01/07/19	11:51:34.357	413	1	2.878000	0.644000	-9.8210	-9.7160
01/07/19	11:51:34.566	414	1	2.879000	0.645000	-9.8410	-9.7680
01/07/19	11:51:34.783	415	1	2.879000	0.651000	-9.9160	-9.8140
01/07/19	11:51:34.990	416	1	2.902000	0.649000	-9.9300	-9.8430
01/07/19	11:51:35.153	417	1	2.920000	0.649000	-9.9760	-9.9150
01/07/19	11:51:35.361	418	1	2.934000	0.659000	-10.0630	-9.9780
01/07/19	11:51:35.570	419	1	2.934000	0.655000	-10.0910	-10.0100
01/07/19	11:51:35.785	420	1	2.931000	0.661000	-10.1400	-10.0620
01/07/19	11:51:35.992	421	1	2.955000	0.661000	-10.1750	-9.3180
01/07/19	11:51:36.162	422	1	2.970000	0.663000	-8.3610	-7.1560
01/07/19	11:51:36.374	423	1	2.970000	0.902000	-6.9050	-5.9830
01/07/19	11:51:36.584	424	1	3.744000	1.092000	-6.3010	-5.5550
01/07/19	11:51:36.796	425	1	4.666000	1.092000	-6.1420	-5.4470
01/07/19	11:51:36.957	426	1	4.809000	1.176000	-6.1310	-5.4420
01/07/19	11:51:37.164	427	1	4.809000	1.214000	-6.2160	-5.5660
01/07/19	11:51:37.373	428	1	4.876000	1.211000	-6.3640	-5.7050
01/07/19	11:51:37.585	429	1	4.865000	1.211000	-6.5000	-5.8560
01/07/19	11:51:37.754	430	1	4.865000	1.193000	-6.6360	-5.9890
01/07/19	11:51:37.967	431	1	4.862000	1.184000	-6.8110	-6.1590
01/07/19	11:51:38.179	432	1	4.808000	1.184000	-7.0100	-6.3260
01/07/19	11:51:38.392	433	1	4.767000	1.171000	-7.1430	-6.4680
01/07/19	11:51:38.558	434	1	4.767000	1.149000	-7.2850	-6.5780
01/07/19	11:51:38.771	435	1	4.749000	1.137000	-7.4150	-6.7230
01/07/19	11:51:38.978	436	1	4.699000	1.137000	-7.5250	-6.8670
01/07/19	11:51:39.190	437	1	4.690000	1.129000	-7.6590	-6.9810
01/07/19	11:51:39.353	438	1	4.690000	1.115000	-7.7520	-7.0710
01/07/19	11:51:39.564	439	1	4.667000	1.112000	-7.8680	-7.2160
01/07/19	11:51:39.771	440	1	4.641000	1.112000	-8.0160	-7.3060
01/07/19	11:51:39.978	441	1	4.614000	1.105000	-8.1180	-7.4200
01/07/19	11:51:40.186	442	1	4.614000	1.092000	-8.2000	-7.5220
01/07/19	11:51:40.357	443	1	4.605000	1.089000	-8.2990	-7.5870
01/07/19	11:51:40.563	444	1	4.590000	1.089000	-8.4010	-7.7060
01/07/19	11:51:40.771	445	1	4.578000	1.085000	-8.5060	-7.7880
01/07/19	11:51:40.987	446	1	4.578000	1.076000	-8.5910	-7.9070
01/07/19	11:51:41.161	447	1	4.565000	1.073000	-8.6650	-7.9810
01/07/19	11:51:41.368	448	1	4.558000	1.073000	-8.7920	-8.0630
01/07/19	11:51:41.582	449	1	4.536000	1.072000	-8.8520	-8.1650
01/07/19	11:51:41.791	450	1	4.542000	1.065000	-8.9540	-8.2700
01/07/19	11:51:41.954	451	1	4.542000	1.061000	-9.0050	-8.3350
01/07/19	11:51:42.161	452	1	4.540000	1.061000	-9.0900	-8.4120
01/07/19	11:51:42.373	453	1	4.535000	1.063000	-9.1780	-8.5080
01/07/19	11:51:42.583	454	1	4.535000	1.059000	-9.2740	-8.6040
01/07/19	11:51:42.788	455	1	4.529000	1.055000	-9.3500	-8.6580
01/07/19	11:51:42.955	456	1	4.518000	1.055000	-9.3870	-8.7460
01/07/19	11:51:43.169	457	1	4.534000	1.054000	-9.4900	-8.8080
01/07/19	11:51:43.376	458	1	4.534000	1.052000	-9.5790	-8.8930
01/07/19	11:51:43.585	459	1	4.521000	1.050000	-9.6570	-8.9670
01/07/19	11:51:43.797	460	1	4.512000	1.049000	-9.7340	-9.0440
01/07/19	11:51:43.966	461	1	4.507000	1.049000	-9.7890	-9.1100
01/07/19	11:51:44.175	462	1	4.507000	1.048000	-9.8800	-9.1980
01/07/19	11:51:44.384	463	1	4.515000	1.046000	-9.9600	-9.2830
01/07/19	11:51:44.593	464	1	4.503000	1.044000	-10.0500	-9.3400
01/07/19	11:51:44.753	465	1	4.496000	1.044000	-10.0960	-9.4050
01/07/19	11:51:44.962	466	1	4.496000	1.044000	-10.1730	-9.5080
01/07/19	11:51:45.169	467	1	4.507000	1.043000	-10.2480	-9.5800
01/07/19	11:51:45.376	468	1	4.500000	1.043000	-10.2970	-9.6490
01/07/19	11:51:45.597	469	1	4.512000	1.040000	-10.4090	-9.7180
01/07/19	11:51:45.797	470	1	4.496000	1.039000	-10.4670	-9.8190
01/07/19	11:51:45.959	471	1	4.496000	1.039000	-10.5300	-9.8680
01/07/19	11:51:46.167	472	1	4.503000	1.039000	-10.5890	-9.9450
01/07/19	11:51:46.381	473	1	4.507000	1.040000	-10.6640	-10.0200
01/07/19	11:51:46.591	474	1	4.506000	1.039000	-10.7620	-10.0860
01/07/19	11:51:46.762	475	1	4.506000	1.035000	-10.8280	-10.1640
01/07/19	11:51:46.975	476	1	4.497000	1.035000	-10.8800	-10.2360
01/07/19	11:51:47.185	477	1	4.502000	1.036000	-10.9600	-10.3190
01/07/19	11:51:47.392	478	1	4.501000	1.036000	-11.0210	-10.3890
01/07/19	11:51:47.558	479	1	4.501000	1.036000	-11.0610	-10.4600
01/07/19	11:51:47.781	480	1	4.516000	1.036000	-11.1850	-10.5410
01/07/19	11:51:47.988	481	1	4.496000	1.040000	-11.2630	-10.6330
01/07/19	11:51:48.187	482	1	4.496000	1.031000	-11.3260	-10.6990
01/07/19	11:51:48.355	483	1	4.491000	1.032000	-11.3950	-10.7570
01/07/19	11:51:48.567	484	1	4.492000	1.032000	-11.4760	-10.8660
01/07/19	11:51:48.778	485	1	4.488000	1.031000	-11.5680	-10.9290
01/07/19	11:51:48.986	486	1	4.488000	1.026000	-11.6480	-10.9900
01/07/19	11:51:49.192	487	1	4.480000	1.025000	-11.6970	-11.1050
01/07/19	11:51:49.359	488	1	4.480000	1.025000	-11.7690	-11.1600
01/07/19	11:51:49.572	489	1	4.482000	1.027000	-11.8470	-11.2320
01/07/19	11:51:49.781	490	1	4.482000	1.025000	-11.9240	-11.3350
01/07/19	11:51:49.992	491	1	4.480000	1.023000	-12.0110	-11.4100
01/07/19	11:51:50.199	492	1	4.472000	1.021000	-12.0740	-11.4650
01/07/19	11:51:50.359	493	1	4.470000	1.021000	-12.1350	-11.5510
01/07/19	11:51:50.573	494	1	4.470000	1.022000	-12.2530	-11.6350
01/07/19	11:51:50.782	495	1	4.473000	1.016000	-12.3130	-11.7300
01/07/19	11:51:50.955	496	1	4.455000	1.016000	-12.3760	-11.7780
01/07/19	11:51:51.163	497	1	4.459000	1.016000	-12.4510	-11.8710
01/07/19	11:51:51.372	498	1	4.459000	1.016000	-12.5350	-11.9890
01/07/19	11:51:51.585	499	1	4.457000	1.014000	-12.6500	-12.0660
01/07/19	11:51:51.794	500	1	4.431000	1.008000	-12.7190	-12.1670
01/07/19	11:51:51.960	501	1	4.430000	1.008000	-12.7820	-12.2420
01/07/19	11:51:52.174	502	1	4.430000	1.008000	-12.8800	-12.3270
01/07/19	11:51:52.384	503	1	4.433000	1.004000	-12.9660	-12.4270
01/07/19	11:51:52.594	504	1	4.412000	1.001000	-13.0580	-12.5190
01/07/19	11:51:52.754	505	1	4.401000	1.001000	-13.1450	-12.6140
01/07/19	11:51:52.961	506	1	4.401000	0.995000	-13.2250	-12.6690
01/07/19	11:51:53.173	507	1	4.392000	0.994000	-13.3150	-12.7930
01/07/19	11:51:53.382	508	1	4.380000	0.994000	-13.4180	-12.9190
01/07/19	11:51:53.589	509	1	4.365000	0.992000	-13.5040	-13.0030
01/07/19	11:51:53.757	510	1	4.365000	0.984000	-13.5820	-13.1010
01/07/19	11:51:53.968	511	1	4.357000	0.982000	-13.6800	-13.2190
01/07/19	11:51:54.179	512	1	4.336000	0.982000	-13.7860	-13.3270
01/07/19	11:51:54.392	513	1	4.321000	0.978000	-13.9100	-13.4330
01/07/19	11:51:54.558	514	1	4.321000	0.968000	-13.9940	-13.5250
01/07/19	11:51:54.769	515	1	4.296000	0.964000	-14.1140	-13.6400
01/07/19	11:51:54.983	516	1	4.267000	0.964000	-14.1890	-13.7640
01/07/19	11:51:55.197	517	1	4.264000	0.957000	-14.2960	-13.8850
01/07/19	11:51:55.358	518	1	4.264000	0.953000	-14.4280	-13.9940
01/07/19	11:51:55.571	519	1	4.246000	0.944000	-14.5260	-14.1500
01/07/19	11:51:55.777	520	1	4.206000	0.944000	-14.6670	-14.2700
01/07/19	11:51:55.985	521	1	4.174000	0.940000	-14.7760	-14.4090
01/07/19	11:51:56.157	522	1	4.174000	0.925000	-14.8710	-14.5440
01/07/19	11:51:56.367	523	1	4.155000	0.922000	-15.0240	-14.6820
01/07/19	11:51:56.572	524	1	4.107000	0.922000	-15.1420	-14.8290
01/07/19	11:51:56.786	525	1	4.084000	0.911000	-15.2830	-14.9980
01/07/19	11:51:56.997	526	1	4.053000	0.895000	-15.4750	-15.1620
01/07/19	11:51:57.162	527	1	4.053000	0.880000	-15.5760	-15.2950
01/07/19	11:51:57.371	528	1	3.983000	0.880000	-15.7690	-15.5390
01/07/19	11:51:57.591	529	1	3.928000	0.875000	-15.9420	-15.7120
01/07/19	11:51:57.803	530	1	3.881000	0.850000	-16.1260	-15.9280
01/07/19	11:51:57.955	531	1	3.881000	0.831000	-16.2380	-16.0690
01/07/19	11:51:58.165	532	1	3.810000	0.831000	-16.3680	-16.2260
01/07/19	11:51:58.380	533	1	3.779000	0.825000	-16.5050	-16.3500
01/07/19	11:51:58.583	534	1	3.779000	0.809000	-16.6130	-16.4980
01/07/19	11:51:58.757	535	1	3.744000	0.804000	-16.7070	-16.5830
01/07/19	11:51:58.967	536	1	3.713000	0.804000	-16.8070	-16.7000
01/07/19	11:51:59.174	537	1	3.697000	0.801000	-16.8830	-16.7650
01/07/19	11:51:59.381	538	1	3.697000	0.795000	-16.9500	-16.8560
01/07/19	11:51:59.591	539	1	3.685000	0.795000	-17.0120	-16.9090
01/07/19	11:51:59.766	540	1	3.682000	0.795000	-17.0440	-16.9730
01/07/19	11:51:59.971	541	1	3.693000	0.796000	-17.1240	-17.0020
01/07/19	11:52:00.182	542	1	3.693000	0.799000	-17.1590	-17.0650
01/07/19	11:52:00.394	543	1	3.687000	0.803000	-17.1620	-17.1070
01/07/19	11:52:00.553	544	1	3.709000	0.803000	-17.2030	-17.1360
01/07/19	11:52:00.763	545	1	3.731000	0.811000	-17.2410	-17.1620
01/07/19	11:52:00.968	546	1	3.731000	0.817000	-17.2670	-17.1890
01/07/19	11:52:01.180	547	1	3.743000	0.822000	-17.2910	-17.2150
01/07/19	11:52:01.399	548	1	3.773000	0.827000	-17.3080	-17.2410
01/07/19	11:52:01.558	549	1	3.792000	0.827000	-17.3170	-17.2380
01/07/19	11:52:01.766	550	1	3.792000	0.841000	-17.3400	-17.2770
01/07/19	11:52:01.974	551	1	3.818000	0.846000	-17.3580	-17.3030
01/07/19	11:52:02.181	552	1	3.853000	0.846000	-17.3670	-17.3210
01/07/19	11:52:02.388	553	1	3.881000	0.852000	-17.4050	-17.3210
01/07/19	11:52:02.561	554	1	3.881000	0.863000	-17.4020	-17.3530
01/07/19	11:52:02.774	555	1	3.892000	0.872000	-17.4260	-17.3700
01/07/19	11:52:02.982	556	1	3.943000	0.872000	-17.4520	-17.3880
01/07/19	11:52:03.194	557	1	3.959000	0.878000	-17.4580	-17.4000
01/07/19	11:52:03.355	558	1	3.959000	0.888000	-17.4780	-17.3850
01/07/19	11:52:03.563	559	1	3.984000	0.895000	-17.4870	-17.4380
01/07/19	11:52:03.771	560	1	4.030000	0.895000	-17.5020	-17.4700
01/07/19	11:52:03.981	561	1	4.053000	0.903000	-17.5370	-17.4850
01/07/19	11:52:04.192	562	1	4.068000	0.913000	-17.5690	-17.4920
01/07/19	11:52:04.357	563	1	4.068000	0.917000	-17.5660	-17.5330
01/07/19	11:52:04.567	564	1	4.111000	0.917000	-17.6160	-17.5330
01/07/19	11:52:04.775	565	1	4.120000	0.926000	-17.6460	-17.5830
01/07/19	11:52:04.982	566	1	4.120000	0.933000	-17.6540	-17.6100
01/07/19	11:52:05.191	567	1	4.140000	0.940000	-17.7040	-17.6450
01/07/19	11:52:05.361	568	1	4.169000	0.940000	-17.7280	-17.6740
01/07/19	11:52:05.573	569	1	4.194000	0.943000	-17.7390	-17.7030
01/07/19	11:52:05.778	570	1	4.194000	0.955000	-17.7860	-17.7270
01/07/19	11:52:05.995	571	1	4.219000	0.957000	-17.8190	-17.7590
01/07/19	11:52:06.156	572	1	4.235000	0.957000	-17.8600	-17.7830
01/07/19	11:52:06.362	573	1	4.257000	0.962000	-17.8540	-17.8410
01/07/19	11:52:06.586	574	1	4.289000	0.973000	-17.8860	-17.8650
01/07/19	11:52:06.801	575	1	4.289000	0.978000	-17.9450	-17.9150
01/07/19	11:52:06.957	576	1	1.184000	0.978000	-17.9510	-17.9120
01/07/19	11:52:07.169	577	1	1.079000	-0.021000	-17.8240	-17.7560
01/07/19	11:52:07.383	578	1	1.079000	-0.022000	-17.5490	-17.5070
01/07/19	11:52:07.589	579	1	1.005000	-0.022000	-17.2560	-17.2020
01/07/19	11:52:07.761	580	1	0.949000	-0.022000	-16.9740	-16.9820
01/07/19	11:52:07.969	581	1	0.904000	-0.022000	-16.6220	-16.6360
01/07/19	11:52:08.184	582	1	0.904000	-0.022000	-16.2640	-16.2920
01/07/19	11:52:08.398	583	1	0.866000	-0.021000	-15.8930	-15.9610
01/07/19	11:52:08.555	584	1	0.834000	-0.021000	-15.6370	-15.7020
01/07/19	11:52:08.775	585	1	0.806000	-0.021000	-15.2890	-15.3480
01/07/19	11:52:08.969	586	1	0.806000	-0.021000	-14.9350	-14.9830
01/07/19	11:52:09.176	587	1	0.791000	-0.025000	-14.5630	-14.6890
01/07/19	11:52:09.382	588	1	0.768000	-0.025000	-14.2350	-14.3410
01/07/19	11:52:09.589	589	1	0.746000	-0.025000	-13.8900	-13.9960
01/07/19	11:52:09.754	590	1	0.746000	-0.025000	-13.6250	-13.7310
01/07/19	11:52:09.968	591	1	0.725000	-0.025000	-13.2830	-13.3970
01/07/19	11:52:10.181	592	1	0.705000	-0.025000	-12.9430	-13.0660
01/07/19	11:52:10.390	593	1	0.687000	-0.025000	-12.5810	-12.7410
01/07/19	11:52:10.567	594	1	0.687000	-0.025000	-12.3280	-12.4760
01/07/19	11:52:10.776	595	1	0.669000	-0.025000	-11.9970	-12.1510
01/07/19	11:52:10.987	596	1	0.651000	-0.025000	-11.6800	-11.8170
01/07/19	11:52:11.195	597	1	0.635000	-0.025000	-11.3750	-11.5090
01/07/19	11:52:11.354	598	1	0.635000	-0.025000	-11.1190	-11.2480
01/07/19	11:52:11.568	599	1	0.620000	-0.025000	-10.8430	-10.9570
01/07/19	11:52:11.783	600	1	0.604000	-0.025000	-10.5060	-10.6260
01/07/19	11:52:11.992	601	1	0.590000	-0.025000	-10.1920	-10.3300
01/07/19	11:52:12.158	602	1	0.590000	-0.025000	-9.9910	-10.1220
01/07/19	11:52:12.364	603	1	0.575000	-0.025000	-9.6920	-9.8150
01/07/19	11:52:12.578	604	1	0.561000	-0.025000	-9.4130	-9.5270
01/07/19	11:52:12.786	605	1	0.547000	-0.025000	-9.1320	-9.2540
01/07/19	11:52:12.997	606	1	0.534000	-0.025000	-8.8720	-8.9980
01/07/19	11:52:13.161	607	1	0.534000	-0.025000	-8.6480	-8.7720
01/07/19	11:52:13.373	608	1	0.521000	-0.025000	-8.3990	-8.4970
01/07/19	11:52:13.585	609	1	0.509000	-0.025000	-8.1380	-8.2620
01/07/19	11:52:13.788	610	1	0.497000	-0.025000	-7.8940	-8.0070
01/07/19	11:52:13.954	611	1	0.497000	-0.025000	-7.6930	-7.7970
01/07/19	11:52:14.162	612	1	0.485000	-0.025000	-7.4270	-7.5730
01/07/19	11:52:14.372	613	1	0.474000	-0.025000	-7.2220	-7.3310
01/07/19	11:52:14.580	614	1	0.474000	-0.025000	-6.9760	-7.1010
01/07/19	11:52:14.786	615	1	0.462000	-0.025000	-6.7380	-6.8630
01/07/19	11:52:14.953	616	1	0.452000	-0.025000	-6.5730	-6.6850
01/07/19	11:52:15.161	617	1	0.442000	-0.025000	-6.3640	-6.4660
01/07/19	11:52:15.375	618	1	0.442000	-0.025000	-6.1540	-6.2450
01/07/19	11:52:15.587	619	1	0.431000	-0.025000	-5.9440	-6.0410
01/07/19	11:52:15.760	620	1	0.421000	-0.025000	-5.7630	-5.8800
