01/07/19	12:16:26.391	C:\Icing\LabView_vi\Icing_2TC_FP_v2.0.vi
Dt (s):		0.200000

Date	Time	# meas	# cycle	V	I	Temp1	Temp2

01/07/19	12:17:34.887	1	0	0.000000	0.002000	6.0270	6.0090
01/07/19	12:17:35.079	2	0	0.000000	0.003000	6.0270	5.9980
01/07/19	12:17:35.285	3	0	-0.001000	0.002000	5.9960	6.0150
01/07/19	12:17:35.506	4	0	-0.001000	0.002000	6.0100	6.0070
01/07/19	12:17:35.715	5	0	0.000000	0.002000	6.0210	5.9960
01/07/19	12:17:35.884	6	0	0.000000	0.002000	6.0100	6.0070
01/07/19	12:17:36.096	7	0	0.000000	0.002000	6.0040	5.9980
01/07/19	12:17:36.305	8	0	0.000000	0.002000	6.0100	6.0180
01/07/19	12:17:36.513	9	0	0.000000	0.002000	5.9850	6.0180
01/07/19	12:17:36.719	10	0	0.000000	0.002000	6.0160	6.0070
01/07/19	12:17:36.885	11	0	0.000000	0.002000	5.9930	6.0120
01/07/19	12:17:37.098	12	0	0.000000	0.002000	6.0070	5.9960
01/07/19	12:17:37.306	13	0	0.000000	0.002000	5.9880	6.0070
01/07/19	12:17:37.515	14	0	0.000000	0.002000	6.0130	6.0070
01/07/19	12:17:37.683	15	0	0.000000	0.002000	6.0040	6.0010
01/07/19	12:17:37.888	16	0	0.000000	0.002000	5.9930	6.0090
01/07/19	12:17:38.096	17	0	0.000000	0.002000	5.9990	6.0070
01/07/19	12:17:38.306	18	0	0.000000	0.002000	6.0070	6.0150
01/07/19	12:17:38.526	19	0	0.000000	0.002000	6.0070	5.9900
Cycle	Time Peltier On:	360.000000	Time Peltier Off:	200.000000	# iterations	1.000000		
01/07/19	12:17:38.685	20	1	0.150000	0.002000	5.9960	5.9980
01/07/19	12:17:38.896	21	1	0.343000	0.097000	5.9520	5.9710
01/07/19	12:17:39.101	22	1	0.343000	0.094000	5.8800	5.8990
01/07/19	12:17:39.309	23	1	0.333000	0.087000	5.8330	5.8300
01/07/19	12:17:39.524	24	1	0.301000	0.087000	5.7780	5.7750
01/07/19	12:17:39.689	25	1	0.285000	0.083000	5.7310	5.7500
01/07/19	12:17:39.902	26	1	0.285000	0.074000	5.6790	5.6860
01/07/19	12:17:40.114	27	1	0.273000	0.071000	5.6340	5.6340
01/07/19	12:17:40.326	28	1	0.247000	0.071000	5.5630	5.5680
01/07/19	12:17:40.484	29	1	0.229000	0.066000	5.5410	5.5370
01/07/19	12:17:40.694	30	1	0.229000	0.059000	5.5160	5.5210
01/07/19	12:17:40.903	31	1	0.225000	0.058000	5.4610	5.4930
01/07/19	12:17:41.112	32	1	0.205000	0.058000	5.4360	5.4430
01/07/19	12:17:41.282	33	1	0.203000	0.053000	5.3970	5.3960
01/07/19	12:17:41.497	34	1	0.203000	0.050000	5.3970	5.3880
01/07/19	12:17:41.710	35	1	0.192000	0.052000	5.3690	5.3690
01/07/19	12:17:41.919	36	1	0.198000	0.052000	5.3390	5.3410
01/07/19	12:17:42.089	37	1	0.192000	0.051000	5.3140	5.3080
01/07/19	12:17:42.302	38	1	0.192000	0.047000	5.2890	5.3160
01/07/19	12:17:42.513	39	1	0.189000	0.046000	5.2780	5.2830
01/07/19	12:17:42.723	40	1	0.188000	0.046000	5.2590	5.2750
01/07/19	12:17:42.883	41	1	0.185000	0.048000	5.2560	5.2610
01/07/19	12:17:43.106	42	1	0.185000	0.049000	5.2510	5.2580
01/07/19	12:17:43.304	43	1	0.192000	0.050000	5.2180	5.2230
01/07/19	12:17:43.529	44	1	0.193000	0.050000	5.2150	5.2170
01/07/19	12:17:43.684	45	1	0.196000	0.048000	5.2040	5.2000
01/07/19	12:17:43.891	46	1	0.196000	0.050000	5.1900	5.1920
01/07/19	12:17:44.105	47	1	0.201000	0.050000	5.1620	5.1760
01/07/19	12:17:44.315	48	1	0.199000	0.050000	5.1290	5.1590
01/07/19	12:17:44.488	49	1	0.192000	0.049000	5.1570	5.1480
01/07/19	12:17:44.699	50	1	0.192000	0.052000	5.1040	5.1340
01/07/19	12:17:44.909	51	1	0.210000	0.048000	5.1070	5.1310
01/07/19	12:17:45.121	52	1	0.203000	0.048000	5.0990	5.1090
01/07/19	12:17:45.281	53	1	0.207000	0.050000	5.0930	5.0980
01/07/19	12:17:45.487	54	1	0.207000	0.053000	5.0680	5.0870
01/07/19	12:17:45.694	55	1	0.215000	0.053000	5.0570	5.1040
01/07/19	12:17:45.903	56	1	0.212000	0.053000	5.0600	5.0510
01/07/19	12:17:46.111	57	1	0.223000	0.053000	5.0410	5.0320
01/07/19	12:17:46.279	58	1	0.223000	0.056000	5.0330	5.0290
01/07/19	12:17:46.494	59	1	0.225000	0.056000	5.0190	5.0070
01/07/19	12:17:46.700	60	1	0.228000	0.056000	4.9880	4.9990
01/07/19	12:17:46.909	61	1	0.223000	0.057000	4.9860	5.0070
01/07/19	12:17:47.122	62	1	0.223000	0.056000	4.9610	4.9930
01/07/19	12:17:47.290	63	1	0.230000	0.055000	4.9720	4.9490
01/07/19	12:17:47.500	64	1	0.241000	0.055000	4.9750	4.9570
01/07/19	12:17:47.710	65	1	0.248000	0.060000	4.9390	4.9350
01/07/19	12:17:47.919	66	1	0.248000	0.059000	4.9330	4.9300
01/07/19	12:17:48.081	67	1	0.243000	0.060000	4.9140	4.8940
01/07/19	12:17:48.290	68	1	0.248000	0.060000	4.9030	4.8880
01/07/19	12:17:48.500	69	1	0.248000	0.060000	4.8830	4.8770
01/07/19	12:17:48.706	70	1	0.248000	0.060000	4.8750	4.8550
01/07/19	12:17:48.922	71	1	0.249000	0.062000	4.8340	4.8660
01/07/19	12:17:49.081	72	1	0.244000	0.062000	4.8370	4.8410
01/07/19	12:17:49.290	73	1	0.251000	0.058000	4.8170	4.8220
01/07/19	12:17:49.498	74	1	0.251000	0.060000	4.7980	4.8000
01/07/19	12:17:49.712	75	1	0.252000	0.060000	4.7980	4.8000
01/07/19	12:17:49.921	76	1	0.259000	0.060000	4.7760	4.7860
01/07/19	12:17:50.089	77	1	0.257000	0.062000	4.7790	4.7610
01/07/19	12:17:50.302	78	1	0.257000	0.064000	4.7400	4.7590
01/07/19	12:17:50.510	79	1	0.267000	0.061000	4.7620	4.7310
01/07/19	12:17:50.719	80	1	0.274000	0.061000	4.7290	4.7370
01/07/19	12:17:50.880	81	1	0.269000	0.066000	4.7120	4.7280
01/07/19	12:17:51.089	82	1	0.269000	0.064000	4.7010	4.6950
01/07/19	12:17:51.296	83	1	0.271000	0.064000	4.6930	4.6810
01/07/19	12:17:51.502	84	1	0.275000	0.064000	4.6570	4.6900
01/07/19	12:17:51.710	85	1	0.268000	0.065000	4.6630	4.6730
01/07/19	12:17:51.922	86	1	0.268000	0.066000	4.6460	4.6370
01/07/19	12:17:52.080	87	1	0.279000	0.067000	4.6460	4.6260
01/07/19	12:17:52.293	88	1	0.287000	0.067000	4.5940	4.6260
01/07/19	12:17:52.500	89	1	0.271000	0.068000	4.6070	4.6180
01/07/19	12:17:52.713	90	1	0.271000	0.067000	4.6100	4.5930
01/07/19	12:17:52.881	91	1	0.285000	0.071000	4.5770	4.5760
01/07/19	12:17:53.090	92	1	0.290000	0.071000	4.5660	4.5540
01/07/19	12:17:53.300	93	1	0.290000	0.068000	4.5440	4.5460
01/07/19	12:17:53.508	94	1	0.290000	0.068000	4.5470	4.5320
01/07/19	12:17:53.718	95	1	0.291000	0.070000	4.5160	4.5240
01/07/19	12:17:53.883	96	1	0.291000	0.070000	4.5160	4.5070
01/07/19	12:17:54.096	97	1	0.300000	0.069000	4.4780	4.4990
01/07/19	12:17:54.313	98	1	0.300000	0.068000	4.4800	4.4960
01/07/19	12:17:54.514	99	1	0.294000	0.070000	4.4670	4.4710
01/07/19	12:17:54.681	100	1	0.304000	0.070000	4.4610	4.4660
01/07/19	12:17:54.895	101	1	0.309000	0.071000	4.4360	4.4490
01/07/19	12:17:55.108	102	1	0.309000	0.071000	4.4280	4.4490
01/07/19	12:17:55.321	103	1	0.306000	0.073000	4.4060	4.4190
01/07/19	12:17:55.488	104	1	0.307000	0.073000	4.4000	4.4160
01/07/19	12:17:55.697	105	1	0.314000	0.071000	4.3810	4.3830
01/07/19	12:17:55.908	106	1	0.314000	0.072000	4.3640	4.3860
01/07/19	12:17:56.118	107	1	0.312000	0.072000	4.3450	4.3670
01/07/19	12:17:56.282	108	1	0.312000	0.072000	4.3480	4.3670
01/07/19	12:17:56.488	109	1	0.320000	0.072000	4.3170	4.3440
01/07/19	12:17:56.695	110	1	0.320000	0.073000	4.3060	4.3310
01/07/19	12:17:56.904	111	1	0.318000	0.074000	4.3010	4.3090
01/07/19	12:17:57.111	112	1	0.323000	0.074000	4.2790	4.3140
01/07/19	12:17:57.284	113	1	0.322000	0.075000	4.2980	4.2980
01/07/19	12:17:57.492	114	1	0.322000	0.079000	4.2680	4.2730
01/07/19	12:17:57.698	115	1	0.339000	0.077000	4.2680	4.2480
01/07/19	12:17:57.912	116	1	0.342000	0.077000	4.2400	4.2510
01/07/19	12:17:58.123	117	1	0.339000	0.079000	4.2320	4.2370
01/07/19	12:17:58.288	118	1	0.339000	0.079000	4.2320	4.2370
01/07/19	12:17:58.500	119	1	0.343000	0.081000	4.2070	4.1870
01/07/19	12:17:58.712	120	1	0.347000	0.081000	4.1790	4.1930
01/07/19	12:17:58.921	121	1	0.341000	0.080000	4.1760	4.1930
01/07/19	12:17:59.128	122	1	0.341000	0.080000	4.1510	4.1530
01/07/19	12:17:59.282	123	1	0.350000	0.079000	4.1540	4.1480
01/07/19	12:17:59.500	124	1	0.358000	0.079000	4.1290	4.1230
01/07/19	12:17:59.709	125	1	0.355000	0.082000	4.0980	4.1230
01/07/19	12:17:59.921	126	1	0.355000	0.079000	4.0980	4.0920
01/07/19	12:18:00.084	127	1	0.348000	0.081000	4.0760	4.0950
01/07/19	12:18:00.293	128	1	0.352000	0.081000	4.0700	4.0690
01/07/19	12:18:00.500	129	1	0.355000	0.080000	4.0450	4.0610
01/07/19	12:18:00.712	130	1	0.355000	0.080000	4.0420	4.0360
01/07/19	12:18:00.923	131	1	0.354000	0.082000	4.0330	4.0390
01/07/19	12:18:01.089	132	1	0.363000	0.082000	4.0250	4.0080
01/07/19	12:18:01.301	133	1	0.368000	0.083000	4.0030	4.0080
01/07/19	12:18:01.513	134	1	0.368000	0.084000	3.9770	3.9880
01/07/19	12:18:01.723	135	1	0.369000	0.082000	3.9770	3.9850
01/07/19	12:18:01.882	136	1	0.370000	0.082000	3.9520	3.9600
01/07/19	12:18:02.091	137	1	0.366000	0.084000	3.9770	3.9660
01/07/19	12:18:02.299	138	1	0.366000	0.089000	3.9440	3.9460
01/07/19	12:18:02.506	139	1	0.387000	0.087000	3.9070	3.9290
01/07/19	12:18:02.728	140	1	0.373000	0.084000	3.9210	3.9180
01/07/19	12:18:02.881	141	1	0.387000	0.084000	3.8930	3.8980
01/07/19	12:18:03.094	142	1	0.387000	0.087000	3.8930	3.9100
01/07/19	12:18:03.306	143	1	0.383000	0.089000	3.8540	3.8730
01/07/19	12:18:03.512	144	1	0.382000	0.089000	3.8740	3.8730
01/07/19	12:18:03.686	145	1	0.395000	0.086000	3.8630	3.8650
01/07/19	12:18:03.895	146	1	0.395000	0.091000	3.8400	3.8340
01/07/19	12:18:04.109	147	1	0.400000	0.090000	3.8040	3.8420
01/07/19	12:18:04.317	148	1	0.390000	0.090000	3.7980	3.7890
01/07/19	12:18:04.481	149	1	0.394000	0.088000	3.7760	3.7890
01/07/19	12:18:04.689	150	1	0.394000	0.089000	3.7810	3.7750
01/07/19	12:18:04.897	151	1	0.394000	0.091000	3.7530	3.7500
01/07/19	12:18:05.121	152	1	0.399000	0.091000	3.7340	3.7530
01/07/19	12:18:05.322	153	1	0.401000	0.090000	3.7420	3.7330
01/07/19	12:18:05.480	154	1	0.401000	0.093000	3.7140	3.7500
01/07/19	12:18:05.695	155	1	0.411000	0.091000	3.7000	3.7050
01/07/19	12:18:05.903	156	1	0.409000	0.091000	3.6860	3.7130
01/07/19	12:18:06.117	157	1	0.410000	0.092000	3.6720	3.6910
01/07/19	12:18:06.288	158	1	0.410000	0.092000	3.6640	3.6660
01/07/19	12:18:06.497	159	1	0.411000	0.093000	3.6610	3.6380
01/07/19	12:18:06.709	160	1	0.421000	0.093000	3.6300	3.6430
01/07/19	12:18:06.923	161	1	0.414000	0.095000	3.6270	3.6460
01/07/19	12:18:07.081	162	1	0.414000	0.095000	3.6300	3.6240
01/07/19	12:18:07.287	163	1	0.422000	0.098000	3.5960	3.6100
01/07/19	12:18:07.493	164	1	0.424000	0.098000	3.5770	3.5820
01/07/19	12:18:07.707	165	1	0.425000	0.095000	3.5710	3.5760
01/07/19	12:18:07.912	166	1	0.425000	0.096000	3.5660	3.5760
01/07/19	12:18:08.079	167	1	0.429000	0.098000	3.5540	3.5370
01/07/19	12:18:08.292	168	1	0.434000	0.098000	3.5460	3.5290
01/07/19	12:18:08.499	169	1	0.445000	0.097000	3.5070	3.5230
01/07/19	12:18:08.713	170	1	0.445000	0.097000	3.5210	3.5200
01/07/19	12:18:08.919	171	1	0.434000	0.101000	3.4760	3.4920
01/07/19	12:18:09.085	172	1	0.434000	0.101000	3.4530	3.4860
01/07/19	12:18:09.299	173	1	0.434000	0.097000	3.4840	3.4840
01/07/19	12:18:09.510	174	1	0.434000	0.102000	3.4560	3.4640
01/07/19	12:18:09.724	175	1	0.454000	0.101000	3.4230	3.4360
01/07/19	12:18:09.882	176	1	0.445000	0.101000	3.4250	3.4250
01/07/19	12:18:10.095	177	1	0.453000	0.099000	3.4140	3.4160
01/07/19	12:18:10.309	178	1	0.453000	0.102000	3.4090	3.4110
01/07/19	12:18:10.511	179	1	0.455000	0.103000	3.3810	3.3910
01/07/19	12:18:10.679	180	1	0.456000	0.103000	3.3780	3.3860
01/07/19	12:18:10.888	181	1	0.465000	0.102000	3.3360	3.3720
01/07/19	12:18:11.096	182	1	0.465000	0.100000	3.3160	3.3410
01/07/19	12:18:11.310	183	1	0.452000	0.100000	3.3440	3.3130
01/07/19	12:18:11.523	184	1	0.470000	0.106000	3.3190	3.3160
01/07/19	12:18:11.688	185	1	0.470000	0.106000	3.2770	3.3160
01/07/19	12:18:11.901	186	1	0.470000	0.101000	3.2830	3.2900
01/07/19	12:18:12.116	187	1	0.457000	0.104000	3.2880	3.2820
01/07/19	12:18:12.318	188	1	0.478000	0.104000	3.2600	3.2650
01/07/19	12:18:12.482	189	1	0.475000	0.107000	3.2460	3.2340
01/07/19	12:18:12.695	190	1	0.475000	0.106000	3.2380	3.2510
01/07/19	12:18:12.900	191	1	0.476000	0.107000	3.2210	3.2230
01/07/19	12:18:13.125	192	1	0.480000	0.107000	3.1820	3.2230
01/07/19	12:18:13.279	193	1	0.471000	0.107000	3.1930	3.2060
01/07/19	12:18:13.492	194	1	0.471000	0.107000	3.1840	3.1890
01/07/19	12:18:13.705	195	1	0.485000	0.109000	3.1650	3.1560
01/07/19	12:18:13.918	196	1	0.486000	0.109000	3.1480	3.1610
01/07/19	12:18:14.092	197	1	0.487000	0.108000	3.1510	3.1470
01/07/19	12:18:14.303	198	1	0.487000	0.110000	3.1340	3.1250
01/07/19	12:18:14.507	199	1	0.497000	0.110000	3.0890	3.1080
01/07/19	12:18:14.719	200	1	0.486000	0.110000	3.0950	3.1030
01/07/19	12:18:14.882	201	1	0.495000	0.106000	3.0750	3.0910
01/07/19	12:18:15.089	202	1	0.495000	0.110000	3.0810	3.0890
01/07/19	12:18:15.305	203	1	0.496000	0.112000	3.0560	3.0610
01/07/19	12:18:15.504	204	1	0.500000	0.112000	3.0360	3.0550
01/07/19	12:18:15.711	205	1	0.501000	0.111000	3.0280	3.0330
01/07/19	12:18:15.882	206	1	0.501000	0.111000	3.0280	3.0190
01/07/19	12:18:16.092	207	1	0.506000	0.113000	3.0080	3.0130
01/07/19	12:18:16.299	208	1	0.513000	0.113000	2.9740	3.0020
01/07/19	12:18:16.512	209	1	0.508000	0.114000	2.9720	2.9790
01/07/19	12:18:16.718	210	1	0.508000	0.113000	2.9490	2.9630
01/07/19	12:18:16.893	211	1	0.511000	0.113000	2.9410	2.9370
01/07/19	12:18:17.103	212	1	0.515000	0.113000	2.9130	2.9710
01/07/19	12:18:17.311	213	1	0.509000	0.114000	2.9270	2.9370
01/07/19	12:18:17.520	214	1	0.509000	0.116000	2.9130	2.9120
01/07/19	12:18:17.679	215	1	0.524000	0.116000	2.9130	2.9090
01/07/19	12:18:17.888	216	1	0.535000	0.116000	2.8730	2.8980
01/07/19	12:18:18.102	217	1	0.525000	0.119000	2.8510	2.8920
01/07/19	12:18:18.319	218	1	0.525000	0.115000	2.8540	2.8560
01/07/19	12:18:18.520	219	1	0.523000	0.117000	2.8540	2.8560
01/07/19	12:18:18.685	220	1	0.540000	0.117000	2.8400	2.8390
01/07/19	12:18:18.892	221	1	0.541000	0.119000	2.8060	2.8110
01/07/19	12:18:19.100	222	1	0.541000	0.117000	2.7950	2.7920
01/07/19	12:18:19.311	223	1	0.535000	0.118000	2.8230	2.7890
01/07/19	12:18:19.523	224	1	0.555000	0.123000	2.7730	2.7890
01/07/19	12:18:19.689	225	1	0.544000	0.123000	2.7610	2.7640
01/07/19	12:18:19.902	226	1	0.544000	0.119000	2.7470	2.7610
01/07/19	12:18:20.112	227	1	0.545000	0.120000	2.7330	2.7240
01/07/19	12:18:20.321	228	1	0.549000	0.120000	2.7280	2.7240
01/07/19	12:18:20.482	229	1	0.556000	0.120000	2.7330	2.7050
01/07/19	12:18:20.687	230	1	0.556000	0.124000	2.6860	2.6940
01/07/19	12:18:20.911	231	1	0.563000	0.121000	2.6940	2.6850
01/07/19	12:18:21.124	232	1	0.564000	0.125000	2.6690	2.6770
01/07/19	12:18:21.284	233	1	0.562000	0.125000	2.6550	2.6520
01/07/19	12:18:21.492	234	1	0.562000	0.123000	2.6240	2.6540
01/07/19	12:18:21.703	235	1	0.563000	0.121000	2.6020	2.6400
01/07/19	12:18:21.911	236	1	0.554000	0.121000	2.6100	2.6260
01/07/19	12:18:22.121	237	1	0.567000	0.120000	2.5880	2.6070
01/07/19	12:18:22.288	238	1	0.567000	0.124000	2.5820	2.6040
01/07/19	12:18:22.501	239	1	0.565000	0.124000	2.5570	2.5730
01/07/19	12:18:22.709	240	1	0.566000	0.124000	2.5600	2.5590
01/07/19	12:18:22.918	241	1	0.576000	0.123000	2.5340	2.5560
01/07/19	12:18:23.085	242	1	0.576000	0.124000	2.5340	2.5250
01/07/19	12:18:23.289	243	1	0.571000	0.127000	2.5120	2.5110
01/07/19	12:18:23.496	244	1	0.578000	0.127000	2.5010	2.5000
01/07/19	12:18:23.704	245	1	0.582000	0.126000	2.4900	2.4920
01/07/19	12:18:23.911	246	1	0.582000	0.127000	2.4700	2.4780
01/07/19	12:18:24.082	247	1	0.582000	0.127000	2.4560	2.4470
01/07/19	12:18:24.293	248	1	0.583000	0.127000	2.4450	2.4390
01/07/19	12:18:24.501	249	1	0.588000	0.127000	2.4250	2.4500
01/07/19	12:18:24.712	250	1	0.588000	0.128000	2.4220	2.4080
01/07/19	12:18:24.886	251	1	0.589000	0.129000	2.4030	2.4250
01/07/19	12:18:25.099	252	1	0.592000	0.129000	2.4060	2.3970
01/07/19	12:18:25.307	253	1	0.599000	0.129000	2.3780	2.3880
01/07/19	12:18:25.516	254	1	0.599000	0.130000	2.3490	2.3630
01/07/19	12:18:25.681	255	1	0.598000	0.128000	2.3660	2.3460
01/07/19	12:18:25.889	256	1	0.608000	0.128000	2.3380	2.3460
01/07/19	12:18:26.114	257	1	0.604000	0.134000	2.3300	2.3460
01/07/19	12:18:26.309	258	1	0.604000	0.132000	2.3070	2.3400
01/07/19	12:18:26.516	259	1	0.608000	0.132000	2.2820	2.2980
01/07/19	12:18:26.684	260	1	0.605000	0.132000	2.3020	2.3040
01/07/19	12:18:26.891	261	1	0.619000	0.132000	2.2790	2.2820
01/07/19	12:18:27.104	262	1	0.619000	0.134000	2.2600	2.2620
01/07/19	12:18:27.311	263	1	0.616000	0.134000	2.2460	2.2620
01/07/19	12:18:27.523	264	1	0.618000	0.134000	2.2430	2.2140
01/07/19	12:18:27.689	265	1	0.624000	0.134000	2.2290	2.2310
01/07/19	12:18:27.901	266	1	0.624000	0.136000	2.2010	2.2060
01/07/19	12:18:28.113	267	1	0.625000	0.136000	2.1810	2.2060
01/07/19	12:18:28.317	268	1	0.623000	0.136000	2.1620	2.1780
01/07/19	12:18:28.526	269	1	0.620000	0.135000	2.1650	2.1720
01/07/19	12:18:28.679	270	1	0.620000	0.137000	2.1620	2.1780
01/07/19	12:18:28.892	271	1	0.631000	0.139000	2.1510	2.1500
01/07/19	12:18:29.106	272	1	0.637000	0.139000	2.1340	2.1190
01/07/19	12:18:29.308	273	1	0.639000	0.139000	2.1140	2.1190
01/07/19	12:18:29.481	274	1	0.639000	0.139000	2.0940	2.1050
01/07/19	12:18:29.693	275	1	0.639000	0.138000	2.0660	2.1000
01/07/19	12:18:29.904	276	1	0.633000	0.138000	2.0780	2.0740
01/07/19	12:18:30.111	277	1	0.648000	0.137000	2.0660	2.0570
01/07/19	12:18:30.320	278	1	0.648000	0.141000	2.0470	2.0460
01/07/19	12:18:30.489	279	1	0.648000	0.141000	2.0470	2.0290
01/07/19	12:18:30.701	280	1	0.657000	0.141000	2.0100	2.0350
01/07/19	12:18:30.913	281	1	0.648000	0.143000	2.0050	2.0070
01/07/19	12:18:31.123	282	1	0.648000	0.142000	1.9880	2.0100
01/07/19	12:18:31.282	283	1	0.654000	0.142000	1.9660	1.9650
01/07/19	12:18:31.489	284	1	0.652000	0.142000	1.9570	1.9620
01/07/19	12:18:31.703	285	1	0.656000	0.141000	1.9490	1.9650
01/07/19	12:18:31.919	286	1	0.656000	0.143000	1.9150	1.9400
01/07/19	12:18:32.118	287	1	0.660000	0.141000	1.9210	1.9430
01/07/19	12:18:32.280	288	1	0.664000	0.141000	1.9150	1.9200
01/07/19	12:18:32.497	289	1	0.667000	0.144000	1.9070	1.9010
01/07/19	12:18:32.710	290	1	0.667000	0.146000	1.8680	1.8870
01/07/19	12:18:32.917	291	1	0.673000	0.144000	1.8820	1.8750
01/07/19	12:18:33.089	292	1	0.677000	0.144000	1.8560	1.8360
01/07/19	12:18:33.298	293	1	0.674000	0.147000	1.8400	1.8420
01/07/19	12:18:33.506	294	1	0.674000	0.146000	1.8140	1.8390
01/07/19	12:18:33.721	295	1	0.675000	0.145000	1.8280	1.8140
01/07/19	12:18:33.881	296	1	0.685000	0.145000	1.8030	1.8050
01/07/19	12:18:34.088	297	1	0.683000	0.148000	1.7920	1.8080
01/07/19	12:18:34.297	298	1	0.683000	0.149000	1.7780	1.7880
01/07/19	12:18:34.503	299	1	0.687000	0.149000	1.7530	1.7720
01/07/19	12:18:34.710	300	1	0.685000	0.149000	1.7670	1.7350
01/07/19	12:18:34.917	301	1	0.699000	0.148000	1.7440	1.7440
01/07/19	12:18:35.085	302	1	0.699000	0.151000	1.7130	1.7300
01/07/19	12:18:35.292	303	1	0.698000	0.149000	1.7110	1.7020
01/07/19	12:18:35.505	304	1	0.698000	0.149000	1.6970	1.6760
01/07/19	12:18:35.716	305	1	0.699000	0.151000	1.6740	1.6680
01/07/19	12:18:35.888	306	1	0.699000	0.151000	1.6570	1.6540
01/07/19	12:18:36.102	307	1	0.700000	0.151000	1.6350	1.6370
01/07/19	12:18:36.313	308	1	0.698000	0.151000	1.6350	1.6090
01/07/19	12:18:36.520	309	1	0.705000	0.150000	1.6350	1.6290
01/07/19	12:18:36.680	310	1	0.705000	0.154000	1.6150	1.6120
01/07/19	12:18:36.894	311	1	0.711000	0.154000	1.5930	1.6010
01/07/19	12:18:37.095	312	1	0.710000	0.154000	1.5730	1.5900
01/07/19	12:18:37.304	313	1	0.710000	0.153000	1.5620	1.5730
01/07/19	12:18:37.515	314	1	0.710000	0.153000	1.5310	1.5480
01/07/19	12:18:37.682	315	1	0.712000	0.151000	1.5590	1.5560
01/07/19	12:18:37.889	316	1	0.724000	0.151000	1.5120	1.5220
01/07/19	12:18:38.105	317	1	0.711000	0.157000	1.5170	1.5030
01/07/19	12:18:38.322	318	1	0.723000	0.156000	1.5140	1.4890
01/07/19	12:18:38.488	319	1	0.723000	0.156000	1.4980	1.4940
01/07/19	12:18:38.701	320	1	0.731000	0.158000	1.4580	1.4660
01/07/19	12:18:38.910	321	1	0.731000	0.155000	1.4440	1.4720
01/07/19	12:18:39.122	322	1	0.721000	0.155000	1.4360	1.4580
01/07/19	12:18:39.280	323	1	0.725000	0.155000	1.4050	1.4520
01/07/19	12:18:39.494	324	1	0.724000	0.156000	1.4110	1.4130
01/07/19	12:18:39.702	325	1	0.724000	0.157000	1.4110	1.4100
01/07/19	12:18:39.908	326	1	0.731000	0.160000	1.4020	1.3960
01/07/19	12:18:40.122	327	1	0.741000	0.160000	1.4020	1.3850
01/07/19	12:18:40.286	328	1	0.752000	0.160000	1.3630	1.3600
01/07/19	12:18:40.493	329	1	0.752000	0.160000	1.3460	1.3490
01/07/19	12:18:40.705	330	1	0.744000	0.160000	1.3210	1.3460
01/07/19	12:18:40.917	331	1	0.741000	0.160000	1.3300	1.3260
01/07/19	12:18:41.089	332	1	0.750000	0.159000	1.3160	1.3120
01/07/19	12:18:41.301	333	1	0.750000	0.162000	1.2900	1.2950
01/07/19	12:18:41.509	334	1	0.753000	0.161000	1.2680	1.2930
01/07/19	12:18:41.721	335	1	0.747000	0.160000	1.2540	1.2840
01/07/19	12:18:41.882	336	1	0.750000	0.160000	1.2340	1.2620
01/07/19	12:18:42.089	337	1	0.750000	0.160000	1.2260	1.2620
01/07/19	12:18:42.303	338	1	0.748000	0.161000	1.2120	1.2480
01/07/19	12:18:42.511	339	1	0.755000	0.161000	1.2030	1.2280
01/07/19	12:18:42.685	340	1	0.759000	0.162000	1.2230	1.2030
01/07/19	12:18:42.891	341	1	0.759000	0.167000	1.1890	1.1940
01/07/19	12:18:43.107	342	1	0.773000	0.165000	1.2010	1.1780
01/07/19	12:18:43.321	343	1	0.779000	0.169000	1.1700	1.1690
01/07/19	12:18:43.488	344	1	0.775000	0.169000	1.1450	1.1520
01/07/19	12:18:43.697	345	1	0.775000	0.166000	1.1470	1.1330
01/07/19	12:18:43.913	346	1	0.773000	0.168000	1.1280	1.1240
01/07/19	12:18:44.079	347	1	0.780000	0.168000	1.1080	1.1240
01/07/19	12:18:44.305	348	1	0.782000	0.168000	1.1050	1.1160
01/07/19	12:18:44.502	349	1	0.782000	0.169000	1.0630	1.1080
01/07/19	12:18:44.727	350	1	0.785000	0.166000	1.0630	1.0710
01/07/19	12:18:44.880	351	1	0.781000	0.166000	1.0580	1.0850
01/07/19	12:18:45.089	352	1	0.791000	0.168000	1.0380	1.0490
01/07/19	12:18:45.302	353	1	0.791000	0.169000	1.0190	1.0430
01/07/19	12:18:45.509	354	1	0.788000	0.168000	1.0160	1.0240
01/07/19	12:18:45.723	355	1	0.795000	0.171000	0.9960	1.0290
01/07/19	12:18:45.889	356	1	0.792000	0.171000	1.0020	1.0010
01/07/19	12:18:46.104	357	1	0.792000	0.173000	0.9990	0.9820
01/07/19	12:18:46.313	358	1	0.802000	0.175000	0.9710	0.9620
01/07/19	12:18:46.480	359	1	0.804000	0.175000	0.9540	0.9700
01/07/19	12:18:46.689	360	1	0.804000	0.172000	0.9200	0.9650
01/07/19	12:18:46.914	361	1	0.804000	0.171000	0.9120	0.9230
01/07/19	12:18:47.118	362	1	0.799000	0.172000	0.9040	0.8970
01/07/19	12:18:47.282	363	1	0.805000	0.172000	0.8950	0.9060
01/07/19	12:18:47.491	364	1	0.810000	0.173000	0.8760	0.8780
01/07/19	12:18:47.704	365	1	0.810000	0.174000	0.8760	0.8810
01/07/19	12:18:47.913	366	1	0.811000	0.176000	0.8420	0.8750
01/07/19	12:18:48.121	367	1	0.812000	0.173000	0.8110	0.8300
01/07/19	12:18:48.288	368	1	0.806000	0.173000	0.8200	0.8270
01/07/19	12:18:48.501	369	1	0.806000	0.175000	0.8140	0.8110
01/07/19	12:18:48.713	370	1	0.817000	0.177000	0.8030	0.8220
01/07/19	12:18:48.925	371	1	0.826000	0.177000	0.7750	0.8080
01/07/19	12:18:49.084	372	1	0.821000	0.177000	0.7860	0.7880
01/07/19	12:18:49.297	373	1	0.821000	0.180000	0.7550	0.7660
01/07/19	12:18:49.506	374	1	0.835000	0.178000	0.7580	0.7630
01/07/19	12:18:49.709	375	1	0.836000	0.178000	0.7380	0.7410
01/07/19	12:18:49.918	376	1	0.837000	0.180000	0.7190	0.7350
01/07/19	12:18:50.084	377	1	0.837000	0.179000	0.7100	0.7130
01/07/19	12:18:50.293	378	1	0.834000	0.180000	0.7270	0.7010
01/07/19	12:18:50.502	379	1	0.855000	0.180000	0.6910	0.6820
01/07/19	12:18:50.717	380	1	0.847000	0.185000	0.6600	0.6680
01/07/19	12:18:50.889	381	1	0.847000	0.180000	0.6430	0.6700
01/07/19	12:18:51.096	382	1	0.841000	0.180000	0.6260	0.6510
01/07/19	12:18:51.309	383	1	0.841000	0.180000	0.6230	0.6370
01/07/19	12:18:51.518	384	1	0.848000	0.179000	0.6150	0.6170
01/07/19	12:18:51.729	385	1	0.852000	0.183000	0.5870	0.6120
01/07/19	12:18:51.887	386	1	0.852000	0.182000	0.5900	0.5890
01/07/19	12:18:52.094	387	1	0.856000	0.182000	0.5790	0.5780
01/07/19	12:18:52.304	388	1	0.860000	0.184000	0.5590	0.5610
01/07/19	12:18:52.513	389	1	0.860000	0.185000	0.5560	0.5420
01/07/19	12:18:52.682	390	1	0.862000	0.186000	0.5530	0.5360
01/07/19	12:18:52.890	391	1	0.873000	0.186000	0.5230	0.5190
01/07/19	12:18:53.105	392	1	0.868000	0.188000	0.4890	0.5140
01/07/19	12:18:53.318	393	1	0.868000	0.183000	0.5000	0.4880
01/07/19	12:18:53.489	394	1	0.860000	0.188000	0.4690	0.4940
01/07/19	12:18:53.702	395	1	0.869000	0.188000	0.4750	0.4720
01/07/19	12:18:53.912	396	1	0.878000	0.185000	0.4670	0.4800
01/07/19	12:18:54.127	397	1	0.883000	0.190000	0.4330	0.4410
01/07/19	12:18:54.280	398	1	0.883000	0.187000	0.4100	0.4490
01/07/19	12:18:54.489	399	1	0.875000	0.187000	0.4380	0.4300
01/07/19	12:18:54.697	400	1	0.890000	0.186000	0.4100	0.4210
01/07/19	12:18:54.904	401	1	0.890000	0.190000	0.3800	0.3930
01/07/19	12:18:55.111	402	1	0.888000	0.189000	0.3660	0.3850
01/07/19	12:18:55.284	403	1	0.888000	0.189000	0.3460	0.3730
01/07/19	12:18:55.492	404	1	0.883000	0.190000	0.3540	0.3620
01/07/19	12:18:55.699	405	1	0.883000	0.192000	0.3240	0.3540
01/07/19	12:18:55.911	406	1	0.894000	0.191000	0.3150	0.3340
01/07/19	12:18:56.123	407	1	0.895000	0.192000	0.3100	0.2920
01/07/19	12:18:56.288	408	1	0.900000	0.192000	0.3040	0.3030
01/07/19	12:18:56.504	409	1	0.900000	0.194000	0.2760	0.2810
01/07/19	12:18:56.710	410	1	0.905000	0.192000	0.2650	0.2700
01/07/19	12:18:56.917	411	1	0.905000	0.193000	0.2420	0.2640
01/07/19	12:18:57.129	412	1	0.901000	0.193000	0.2450	0.2450
01/07/19	12:18:57.282	413	1	0.901000	0.193000	0.2170	0.2360
01/07/19	12:18:57.495	414	1	0.910000	0.193000	0.2120	0.2250
01/07/19	12:18:57.706	415	1	0.910000	0.193000	0.1840	0.2110
01/07/19	12:18:57.914	416	1	0.908000	0.195000	0.1750	0.1830
01/07/19	12:18:58.081	417	1	0.908000	0.195000	0.1750	0.1750
01/07/19	12:18:58.294	418	1	0.911000	0.196000	0.1810	0.1690
01/07/19	12:18:58.504	419	1	0.929000	0.196000	0.1390	0.1520
01/07/19	12:18:58.716	420	1	0.921000	0.199000	0.1300	0.1210
01/07/19	12:18:58.889	421	1	0.921000	0.197000	0.1130	0.1520
01/07/19	12:18:59.101	422	1	0.925000	0.197000	0.1110	0.1130
01/07/19	12:18:59.308	423	1	0.931000	0.197000	0.0990	0.0990
01/07/19	12:18:59.521	424	1	0.931000	0.199000	0.0850	0.0850
01/07/19	12:18:59.727	425	1	0.936000	0.200000	0.0600	0.0620
01/07/19	12:18:59.881	426	1	0.936000	0.198000	0.0570	0.0620
01/07/19	12:19:00.095	427	1	0.937000	0.198000	0.0520	0.0480
01/07/19	12:19:00.303	428	1	0.945000	0.200000	0.0240	0.0260
01/07/19	12:19:00.514	429	1	0.945000	0.200000	-0.0010	0.0340
01/07/19	12:19:00.681	430	1	0.939000	0.200000	-0.0210	0.0060
01/07/19	12:19:00.897	431	1	0.936000	0.200000	-0.0180	0.0060
01/07/19	12:19:01.113	432	1	0.944000	0.199000	-0.0350	-0.0080
01/07/19	12:19:01.325	433	1	0.946000	0.202000	-0.0430	-0.0360
01/07/19	12:19:01.484	434	1	0.946000	0.203000	-0.0880	-0.0580
01/07/19	12:19:01.694	435	1	0.938000	0.203000	-0.0880	-0.0550
01/07/19	12:19:01.903	436	1	0.946000	0.199000	-0.0690	-0.0640
01/07/19	12:19:02.112	437	1	0.946000	0.206000	-0.0830	-0.0860
01/07/19	12:19:02.323	438	1	0.960000	0.206000	-0.1250	-0.1080
01/07/19	12:19:02.485	439	1	0.953000	0.206000	-0.1360	-0.1080
01/07/19	12:19:02.695	440	1	0.955000	0.202000	-0.1470	-0.1250
01/07/19	12:19:02.906	441	1	0.955000	0.204000	-0.1530	-0.1590
01/07/19	12:19:03.115	442	1	0.957000	0.205000	-0.1440	-0.1480
01/07/19	12:19:03.286	443	1	0.973000	0.205000	-0.1750	-0.1620
01/07/19	12:19:03.498	444	1	0.970000	0.209000	-0.1720	-0.1930
01/07/19	12:19:03.711	445	1	0.970000	0.210000	-0.1980	-0.2040
01/07/19	12:19:03.923	446	1	0.978000	0.208000	-0.2140	-0.2230
01/07/19	12:19:04.082	447	1	0.977000	0.208000	-0.2340	-0.2120
01/07/19	12:19:04.295	448	1	0.976000	0.208000	-0.2540	-0.2290
01/07/19	12:19:04.505	449	1	0.976000	0.207000	-0.2420	-0.2320
01/07/19	12:19:04.713	450	1	0.975000	0.211000	-0.2730	-0.2400
01/07/19	12:19:04.916	451	1	0.981000	0.209000	-0.3040	-0.2740
01/07/19	12:19:05.083	452	1	0.975000	0.209000	-0.3150	-0.2910
01/07/19	12:19:05.293	453	1	0.975000	0.209000	-0.3010	-0.3050
01/07/19	12:19:05.508	454	1	0.979000	0.212000	-0.3320	-0.3350
01/07/19	12:19:05.725	455	1	0.988000	0.210000	-0.3320	-0.3410
01/07/19	12:19:05.889	456	1	0.994000	0.210000	-0.3570	-0.3550
01/07/19	12:19:06.102	457	1	0.994000	0.211000	-0.3680	-0.3490
01/07/19	12:19:06.311	458	1	0.991000	0.212000	-0.3910	-0.3580
01/07/19	12:19:06.522	459	1	0.991000	0.211000	-0.3940	-0.4110
01/07/19	12:19:06.684	460	1	0.999000	0.211000	-0.3910	-0.4030
01/07/19	12:19:06.891	461	1	0.999000	0.215000	-0.4080	-0.4080
01/07/19	12:19:07.099	462	1	1.007000	0.215000	-0.4500	-0.4110
01/07/19	12:19:07.305	463	1	0.998000	0.215000	-0.4440	-0.4190
01/07/19	12:19:07.516	464	1	1.008000	0.212000	-0.4690	-0.4420
01/07/19	12:19:07.681	465	1	1.008000	0.214000	-0.4690	-0.4670
01/07/19	12:19:07.898	466	1	1.005000	0.216000	-0.4970	-0.4870
01/07/19	12:19:08.109	467	1	1.007000	0.216000	-0.4780	-0.4900
01/07/19	12:19:08.321	468	1	1.023000	0.214000	-0.5200	-0.5090
01/07/19	12:19:08.487	469	1	1.023000	0.216000	-0.5310	-0.5060
01/07/19	12:19:08.699	470	1	1.015000	0.216000	-0.5370	-0.5180
01/07/19	12:19:08.911	471	1	1.023000	0.216000	-0.5450	-0.5510
01/07/19	12:19:09.122	472	1	1.026000	0.218000	-0.5420	-0.5680
01/07/19	12:19:09.282	473	1	1.026000	0.221000	-0.5870	-0.5820
01/07/19	12:19:09.489	474	1	1.034000	0.218000	-0.5870	-0.5680
01/07/19	12:19:09.696	475	1	1.032000	0.218000	-0.5980	-0.5740
01/07/19	12:19:09.903	476	1	1.036000	0.220000	-0.6180	-0.6130
01/07/19	12:19:10.110	477	1	1.036000	0.220000	-0.6290	-0.6210
01/07/19	12:19:10.317	478	1	1.033000	0.221000	-0.6490	-0.6300
01/07/19	12:19:10.485	479	1	1.038000	0.221000	-0.6460	-0.6630
01/07/19	12:19:10.695	480	1	1.045000	0.221000	-0.6630	-0.6740
01/07/19	12:19:10.903	481	1	1.045000	0.223000	-0.6910	-0.6830
01/07/19	12:19:11.118	482	1	1.046000	0.222000	-0.7050	-0.6940
01/07/19	12:19:11.288	483	1	1.044000	0.222000	-0.7240	-0.7160
01/07/19	12:19:11.501	484	1	1.044000	0.222000	-0.7270	-0.7360
01/07/19	12:19:11.713	485	1	1.044000	0.223000	-0.7190	-0.7220
01/07/19	12:19:11.921	486	1	1.048000	0.226000	-0.7440	-0.7560
01/07/19	12:19:12.079	487	1	1.056000	0.226000	-0.7660	-0.7500
01/07/19	12:19:12.290	488	1	1.056000	0.225000	-0.8000	-0.7840
01/07/19	12:19:12.498	489	1	1.056000	0.223000	-0.7610	-0.7980
01/07/19	12:19:12.708	490	1	1.051000	0.230000	-0.8110	-0.7980
01/07/19	12:19:12.917	491	1	1.058000	0.225000	-0.8140	-0.8150
01/07/19	12:19:13.083	492	1	1.065000	0.225000	-0.8220	-0.8170
01/07/19	12:19:13.300	493	1	1.065000	0.228000	-0.8390	-0.8370
01/07/19	12:19:13.513	494	1	1.069000	0.228000	-0.8760	-0.8540
01/07/19	12:19:13.687	495	1	1.063000	0.228000	-0.8810	-0.8680
01/07/19	12:19:13.899	496	1	1.068000	0.226000	-0.8870	-0.8650
01/07/19	12:19:14.111	497	1	1.068000	0.228000	-0.8810	-0.8960
01/07/19	12:19:14.316	498	1	1.072000	0.231000	-0.9290	-0.9410
01/07/19	12:19:14.482	499	1	1.073000	0.231000	-0.9230	-0.9320
01/07/19	12:19:14.692	500	1	1.081000	0.227000	-0.9430	-0.9290
01/07/19	12:19:14.899	501	1	1.081000	0.230000	-0.9460	-0.9430
01/07/19	12:19:15.107	502	1	1.080000	0.231000	-0.9510	-0.9430
01/07/19	12:19:15.314	503	1	1.090000	0.233000	-0.9820	-0.9800
01/07/19	12:19:15.480	504	1	1.085000	0.233000	-0.9770	-0.9770
01/07/19	12:19:15.694	505	1	1.085000	0.234000	-0.9990	-0.9770
01/07/19	12:19:15.904	506	1	1.096000	0.233000	-1.0210	-1.0250
01/07/19	12:19:16.111	507	1	1.091000	0.233000	-1.0300	-1.0020
01/07/19	12:19:16.325	508	1	1.095000	0.232000	-1.0380	-1.0530
01/07/19	12:19:16.489	509	1	1.095000	0.234000	-1.0580	-1.0560
01/07/19	12:19:16.704	510	1	1.102000	0.234000	-1.0630	-1.0670
01/07/19	12:19:16.914	511	1	1.105000	0.236000	-1.0800	-1.0720
01/07/19	12:19:17.123	512	1	1.106000	0.236000	-1.1050	-1.0860
01/07/19	12:19:17.282	513	1	1.106000	0.236000	-1.1190	-1.1260
01/07/19	12:19:17.493	514	1	1.104000	0.235000	-1.1390	-1.1260
01/07/19	12:19:17.707	515	1	1.103000	0.235000	-1.1220	-1.1450
01/07/19	12:19:17.925	516	1	1.119000	0.234000	-1.1530	-1.1730
01/07/19	12:19:18.085	517	1	1.119000	0.239000	-1.1500	-1.1590
01/07/19	12:19:18.296	518	1	1.113000	0.239000	-1.1870	-1.1760
01/07/19	12:19:18.505	519	1	1.116000	0.239000	-1.1780	-1.1820
01/07/19	12:19:18.720	520	1	1.126000	0.237000	-1.2090	-1.2180
01/07/19	12:19:18.886	521	1	1.126000	0.238000	-1.2010	-1.2240
01/07/19	12:19:19.099	522	1	1.119000	0.241000	-1.2370	-1.2400
01/07/19	12:19:19.311	523	1	1.124000	0.239000	-1.2430	-1.2520
01/07/19	12:19:19.522	524	1	1.128000	0.239000	-1.2760	-1.2630
01/07/19	12:19:19.684	525	1	1.128000	0.238000	-1.2620	-1.2660
01/07/19	12:19:19.897	526	1	1.122000	0.242000	-1.3020	-1.2800
01/07/19	12:19:20.106	527	1	1.126000	0.242000	-1.3210	-1.2850
01/07/19	12:19:20.313	528	1	1.126000	0.239000	-1.3210	-1.3080
01/07/19	12:19:20.481	529	1	1.126000	0.241000	-1.3350	-1.3250
01/07/19	12:19:20.695	530	1	1.133000	0.241000	-1.3320	-1.3410
01/07/19	12:19:20.902	531	1	1.143000	0.241000	-1.3410	-1.3360
01/07/19	12:19:21.110	532	1	1.148000	0.244000	-1.3740	-1.3500
01/07/19	12:19:21.322	533	1	1.141000	0.243000	-1.3800	-1.3970
01/07/19	12:19:21.488	534	1	1.141000	0.244000	-1.3910	-1.3670
01/07/19	12:19:21.700	535	1	1.149000	0.244000	-1.4250	-1.4000
01/07/19	12:19:21.912	536	1	1.143000	0.245000	-1.3970	-1.3950
01/07/19	12:19:22.119	537	1	1.160000	0.248000	-1.4280	-1.4420
01/07/19	12:19:22.279	538	1	1.160000	0.246000	-1.4420	-1.4250
01/07/19	12:19:22.492	539	1	1.159000	0.246000	-1.4560	-1.4370
01/07/19	12:19:22.698	540	1	1.159000	0.247000	-1.4610	-1.4480
01/07/19	12:19:22.925	541	1	1.166000	0.248000	-1.4750	-1.4950
01/07/19	12:19:23.085	542	1	1.166000	0.249000	-1.4810	-1.5040
01/07/19	12:19:23.302	543	1	1.171000	0.249000	-1.5090	-1.4950
01/07/19	12:19:23.510	544	1	1.169000	0.250000	-1.5400	-1.5230
01/07/19	12:19:23.732	545	1	1.163000	0.247000	-1.5510	-1.5230
01/07/19	12:19:23.885	546	1	1.163000	0.248000	-1.5340	-1.5570
01/07/19	12:19:24.095	547	1	1.180000	0.248000	-1.5590	-1.5630
01/07/19	12:19:24.310	548	1	1.177000	0.252000	-1.5620	-1.5770
01/07/19	12:19:24.518	549	1	1.185000	0.253000	-1.6010	-1.5770
01/07/19	12:19:24.694	550	1	1.185000	0.250000	-1.5960	-1.5800
01/07/19	12:19:24.898	551	1	1.187000	0.250000	-1.6270	-1.5990
01/07/19	12:19:25.112	552	1	1.180000	0.253000	-1.6350	-1.6100
01/07/19	12:19:25.318	553	1	1.184000	0.252000	-1.6270	-1.6380
01/07/19	12:19:25.531	554	1	1.184000	0.255000	-1.6630	-1.6580
01/07/19	12:19:25.683	555	1	1.194000	0.255000	-1.6710	-1.6440
01/07/19	12:19:25.896	556	1	1.192000	0.252000	-1.6850	-1.6830
01/07/19	12:19:26.109	557	1	1.192000	0.254000	-1.7130	-1.6860
01/07/19	12:19:26.318	558	1	1.193000	0.252000	-1.6910	-1.7220
01/07/19	12:19:26.483	559	1	1.199000	0.252000	-1.7390	-1.7280
01/07/19	12:19:26.696	560	1	1.191000	0.257000	-1.7470	-1.7450
01/07/19	12:19:26.906	561	1	1.191000	0.255000	-1.7440	-1.7420
01/07/19	12:19:27.112	562	1	1.199000	0.256000	-1.7580	-1.7620
01/07/19	12:19:27.286	563	1	1.205000	0.256000	-1.7890	-1.7700
01/07/19	12:19:27.496	564	1	1.203000	0.256000	-1.7830	-1.7870
01/07/19	12:19:27.709	565	1	1.203000	0.257000	-1.8230	-1.7980
01/07/19	12:19:27.917	566	1	1.209000	0.254000	-1.8450	-1.8040
01/07/19	12:19:28.086	567	1	1.201000	0.254000	-1.8250	-1.8370
01/07/19	12:19:28.304	568	1	1.215000	0.255000	-1.8420	-1.8430
01/07/19	12:19:28.497	569	1	1.215000	0.258000	-1.8760	-1.8320
01/07/19	12:19:28.705	570	1	1.217000	0.257000	-1.8700	-1.8680
01/07/19	12:19:28.913	571	1	1.220000	0.260000	-1.8870	-1.8630
01/07/19	12:19:29.086	572	1	1.220000	0.260000	-1.8900	-1.9020
01/07/19	12:19:29.292	573	1	1.220000	0.262000	-1.8960	-1.8820
01/07/19	12:19:29.506	574	1	1.229000	0.262000	-1.9350	-1.9070
01/07/19	12:19:29.712	575	1	1.222000	0.260000	-1.9350	-1.9330
01/07/19	12:19:29.926	576	1	1.230000	0.260000	-1.9490	-1.9350
01/07/19	12:19:30.085	577	1	1.230000	0.262000	-1.9660	-1.9490
01/07/19	12:19:30.299	578	1	1.233000	0.263000	-1.9570	-1.9520
01/07/19	12:19:30.511	579	1	1.244000	0.266000	-1.9800	-1.9800
01/07/19	12:19:30.717	580	1	1.243000	0.266000	-2.0020	-1.9890
01/07/19	12:19:30.885	581	1	1.243000	0.263000	-1.9960	-1.9860
01/07/19	12:19:31.087	582	1	1.240000	0.267000	-2.0050	-2.0140
01/07/19	12:19:31.314	583	1	1.254000	0.267000	-2.0330	-2.0250
01/07/19	12:19:31.512	584	1	1.252000	0.267000	-2.0580	-2.0360
01/07/19	12:19:31.685	585	1	1.252000	0.266000	-2.0610	-2.0560
01/07/19	12:19:31.895	586	1	1.249000	0.267000	-2.0970	-2.0750
01/07/19	12:19:32.107	587	1	1.248000	0.267000	-2.1110	-2.0840
01/07/19	12:19:32.314	588	1	1.247000	0.265000	-2.1030	-2.1010
01/07/19	12:19:32.487	589	1	1.247000	0.268000	-2.1170	-2.1090
01/07/19	12:19:32.700	590	1	1.262000	0.269000	-2.1250	-2.1230
01/07/19	12:19:32.908	591	1	1.266000	0.269000	-2.1590	-2.1430
01/07/19	12:19:33.122	592	1	1.260000	0.270000	-2.1480	-2.1480
01/07/19	12:19:33.281	593	1	1.260000	0.268000	-2.1790	-2.1740
01/07/19	12:19:33.501	594	1	1.270000	0.269000	-2.1930	-2.1880
01/07/19	12:19:33.700	595	1	1.267000	0.269000	-2.1900	-2.1820
01/07/19	12:19:33.914	596	1	1.276000	0.270000	-2.2010	-2.2070
01/07/19	12:19:34.124	597	1	1.279000	0.272000	-2.2370	-2.2320
01/07/19	12:19:34.281	598	1	1.279000	0.271000	-2.2400	-2.2300
01/07/19	12:19:34.493	599	1	1.277000	0.271000	-2.2430	-2.2460
01/07/19	12:19:34.701	600	1	1.285000	0.271000	-2.2770	-2.2720
01/07/19	12:19:34.910	601	1	1.285000	0.271000	-2.2790	-2.2830
01/07/19	12:19:35.119	602	1	1.278000	0.273000	-2.3130	-2.2880
01/07/19	12:19:35.289	603	1	1.278000	0.273000	-2.2910	-2.2910
01/07/19	12:19:35.502	604	1	1.293000	0.270000	-2.3490	-2.3020
01/07/19	12:19:35.713	605	1	1.277000	0.270000	-2.3330	-2.3330
01/07/19	12:19:35.919	606	1	1.277000	0.275000	-2.3470	-2.3390
01/07/19	12:19:36.082	607	1	1.293000	0.275000	-2.3550	-2.3500
01/07/19	12:19:36.290	608	1	1.299000	0.275000	-2.3520	-2.3610
01/07/19	12:19:36.502	609	1	1.299000	0.278000	-2.3780	-2.3810
01/07/19	12:19:36.710	610	1	1.306000	0.277000	-2.4200	-2.3890
01/07/19	12:19:36.880	611	1	1.295000	0.277000	-2.4280	-2.3780
01/07/19	12:19:37.096	612	1	1.298000	0.274000	-2.4310	-2.4310
01/07/19	12:19:37.307	613	1	1.298000	0.277000	-2.4360	-2.4170
01/07/19	12:19:37.521	614	1	1.304000	0.279000	-2.4500	-2.4510
01/07/19	12:19:37.688	615	1	1.309000	0.279000	-2.4620	-2.4540
01/07/19	12:19:37.901	616	1	1.314000	0.279000	-2.4840	-2.4540
01/07/19	12:19:38.111	617	1	1.311000	0.279000	-2.4950	-2.4760
01/07/19	12:19:38.318	618	1	1.311000	0.279000	-2.5060	-2.5130
01/07/19	12:19:38.479	619	1	1.317000	0.279000	-2.5230	-2.4930
01/07/19	12:19:38.687	620	1	1.320000	0.281000	-2.5150	-2.5100
01/07/19	12:19:38.899	621	1	1.320000	0.283000	-2.5370	-2.5180
01/07/19	12:19:39.123	622	1	1.331000	0.283000	-2.5480	-2.5570
01/07/19	12:19:39.286	623	1	1.332000	0.283000	-2.5710	-2.5710
01/07/19	12:19:39.494	624	1	1.329000	0.283000	-2.5600	-2.5830
01/07/19	12:19:39.703	625	1	1.329000	0.287000	-2.5930	-2.5880
01/07/19	12:19:39.912	626	1	1.343000	0.285000	-2.6130	-2.5910
01/07/19	12:19:40.080	627	1	1.334000	0.285000	-2.6160	-2.6020
01/07/19	12:19:40.293	628	1	1.341000	0.285000	-2.6440	-2.6360
01/07/19	12:19:40.502	629	1	1.341000	0.283000	-2.6700	-2.6650
01/07/19	12:19:40.709	630	1	1.336000	0.283000	-2.6410	-2.6480
01/07/19	12:19:40.917	631	1	1.351000	0.283000	-2.6900	-2.6730
01/07/19	12:19:41.089	632	1	1.341000	0.288000	-2.6980	-2.6850
01/07/19	12:19:41.302	633	1	1.341000	0.286000	-2.7150	-2.7020
01/07/19	12:19:41.511	634	1	1.345000	0.286000	-2.7270	-2.7040
01/07/19	12:19:41.719	635	1	1.347000	0.286000	-2.7320	-2.7240
01/07/19	12:19:41.879	636	1	1.353000	0.287000	-2.7380	-2.7500
01/07/19	12:19:42.088	637	1	1.353000	0.289000	-2.7320	-2.7330
01/07/19	12:19:42.314	638	1	1.361000	0.292000	-2.7720	-2.7640
01/07/19	12:19:42.515	639	1	1.358000	0.292000	-2.7890	-2.7670
01/07/19	12:19:42.720	640	1	1.359000	0.289000	-2.7860	-2.7840
01/07/19	12:19:42.887	641	1	1.359000	0.292000	-2.8030	-2.8120
01/07/19	12:19:43.094	642	1	1.370000	0.291000	-2.8170	-2.8120
01/07/19	12:19:43.304	643	1	1.371000	0.291000	-2.8400	-2.8230
01/07/19	12:19:43.514	644	1	1.367000	0.292000	-2.8740	-2.8600
01/07/19	12:19:43.688	645	1	1.367000	0.289000	-2.8940	-2.8520
01/07/19	12:19:43.901	646	1	1.362000	0.289000	-2.8850	-2.8800
01/07/19	12:19:44.113	647	1	1.371000	0.289000	-2.9050	-2.8830
01/07/19	12:19:44.320	648	1	1.370000	0.291000	-2.8990	-2.9110
01/07/19	12:19:44.485	649	1	1.370000	0.294000	-2.9160	-2.9080
01/07/19	12:19:44.688	650	1	1.380000	0.294000	-2.9360	-2.9280
01/07/19	12:19:44.916	651	1	1.382000	0.294000	-2.9450	-2.9310
01/07/19	12:19:45.111	652	1	1.385000	0.294000	-2.9590	-2.9510
01/07/19	12:19:45.282	653	1	1.385000	0.294000	-2.9590	-2.9650
01/07/19	12:19:45.496	654	1	1.388000	0.297000	-2.9700	-2.9850
01/07/19	12:19:45.710	655	1	1.396000	0.297000	-3.0010	-2.9820
01/07/19	12:19:45.924	656	1	1.390000	0.298000	-3.0180	-3.0080
01/07/19	12:19:46.089	657	1	1.390000	0.296000	-3.0440	-3.0100
01/07/19	12:19:46.302	658	1	1.391000	0.295000	-3.0350	-3.0130
01/07/19	12:19:46.512	659	1	1.396000	0.295000	-3.0550	-3.0440
01/07/19	12:19:46.723	660	1	1.399000	0.298000	-3.0470	-3.0440
01/07/19	12:19:46.881	661	1	1.399000	0.300000	-3.0860	-3.0640
01/07/19	12:19:47.087	662	1	1.405000	0.298000	-3.0950	-3.0900
01/07/19	12:19:47.295	663	1	1.403000	0.298000	-3.0980	-3.0870
01/07/19	12:19:47.519	664	1	1.411000	0.299000	-3.0950	-3.0980
01/07/19	12:19:47.719	665	1	1.411000	0.302000	-3.1230	-3.1240
01/07/19	12:19:47.883	666	1	1.418000	0.302000	-3.1260	-3.1320
01/07/19	12:19:48.098	667	1	1.422000	0.302000	-3.1540	-3.1490
01/07/19	12:19:48.312	668	1	1.417000	0.303000	-3.1710	-3.1720
01/07/19	12:19:48.483	669	1	1.417000	0.301000	-3.1830	-3.1660
01/07/19	12:19:48.700	670	1	1.419000	0.302000	-3.2170	-3.1810
01/07/19	12:19:48.908	671	1	1.412000	0.302000	-3.2200	-3.2260
01/07/19	12:19:49.118	672	1	1.418000	0.299000	-3.2220	-3.2090
01/07/19	12:19:49.285	673	1	1.418000	0.303000	-3.2540	-3.2030
01/07/19	12:19:49.507	674	1	1.422000	0.301000	-3.2540	-3.2290
01/07/19	12:19:49.709	675	1	1.425000	0.301000	-3.2560	-3.2490
01/07/19	12:19:49.918	676	1	1.433000	0.303000	-3.2590	-3.2340
01/07/19	12:19:50.084	677	1	1.433000	0.307000	-3.2880	-3.2600
01/07/19	12:19:50.299	678	1	1.439000	0.305000	-3.2930	-3.2740
01/07/19	12:19:50.513	679	1	1.441000	0.305000	-3.3050	-3.3110
01/07/19	12:19:50.718	680	1	1.442000	0.308000	-3.3220	-3.3080
01/07/19	12:19:50.881	681	1	1.442000	0.307000	-3.3390	-3.3190
01/07/19	12:19:51.093	682	1	1.443000	0.307000	-3.3580	-3.3390
01/07/19	12:19:51.308	683	1	1.445000	0.307000	-3.3610	-3.3340
01/07/19	12:19:51.516	684	1	1.451000	0.307000	-3.3670	-3.3790
01/07/19	12:19:51.689	685	1	1.451000	0.310000	-3.3840	-3.3680
01/07/19	12:19:51.901	686	1	1.455000	0.310000	-3.4210	-3.3960
01/07/19	12:19:52.113	687	1	1.447000	0.310000	-3.4070	-3.4100
01/07/19	12:19:52.323	688	1	1.460000	0.307000	-3.4260	-3.4270
01/07/19	12:19:52.482	689	1	1.460000	0.310000	-3.4430	-3.4410
01/07/19	12:19:52.689	690	1	1.462000	0.311000	-3.4490	-3.4380
01/07/19	12:19:52.918	691	1	1.465000	0.311000	-3.4860	-3.4530
01/07/19	12:19:53.117	692	1	1.461000	0.312000	-3.4860	-3.4640
01/07/19	12:19:53.284	693	1	1.461000	0.312000	-3.5110	-3.4840
01/07/19	12:19:53.492	694	1	1.466000	0.311000	-3.5230	-3.4950
01/07/19	12:19:53.699	695	1	1.464000	0.311000	-3.5170	-3.5150
01/07/19	12:19:53.912	696	1	1.475000	0.311000	-3.5280	-3.5400
01/07/19	12:19:54.118	697	1	1.475000	0.315000	-3.5400	-3.5430
01/07/19	12:19:54.292	698	1	1.479000	0.316000	-3.5540	-3.5350
01/07/19	12:19:54.497	699	1	1.483000	0.316000	-3.5770	-3.5720
01/07/19	12:19:54.711	700	1	1.481000	0.316000	-3.5910	-3.5690
01/07/19	12:19:54.924	701	1	1.481000	0.315000	-3.6160	-3.5910
01/07/19	12:19:55.084	702	1	1.481000	0.314000	-3.5960	-3.6060
01/07/19	12:19:55.293	703	1	1.494000	0.314000	-3.6330	-3.6200
01/07/19	12:19:55.502	704	1	1.488000	0.319000	-3.6300	-3.6370
01/07/19	12:19:55.715	705	1	1.488000	0.319000	-3.6500	-3.6540
01/07/19	12:19:55.918	706	1	1.498000	0.319000	-3.6790	-3.6620
01/07/19	12:19:56.087	707	1	1.492000	0.319000	-3.6730	-3.6540
01/07/19	12:19:56.294	708	1	1.503000	0.318000	-3.6840	-3.6820
01/07/19	12:19:56.502	709	1	1.503000	0.322000	-3.7160	-3.7220
01/07/19	12:19:56.712	710	1	1.506000	0.319000	-3.7330	-3.6960
01/07/19	12:19:56.920	711	1	1.500000	0.319000	-3.7270	-3.7270
01/07/19	12:19:57.090	712	1	1.507000	0.319000	-3.7610	-3.7500
01/07/19	12:19:57.304	713	1	1.507000	0.319000	-3.7670	-3.7500
01/07/19	12:19:57.510	714	1	1.502000	0.321000	-3.7580	-3.7640
01/07/19	12:19:57.683	715	1	1.518000	0.321000	-3.7890	-3.7810
01/07/19	12:19:57.891	716	1	1.513000	0.323000	-3.7920	-3.7810
01/07/19	12:19:58.116	717	1	1.513000	0.324000	-3.7950	-3.7900
01/07/19	12:19:58.318	718	1	1.521000	0.325000	-3.8090	-3.8290
01/07/19	12:19:58.481	719	1	1.527000	0.325000	-3.8090	-3.8380
01/07/19	12:19:58.694	720	1	1.535000	0.327000	-3.8600	-3.8630
01/07/19	12:19:58.900	721	1	1.535000	0.324000	-3.8800	-3.8520
01/07/19	12:19:59.117	722	1	1.523000	0.323000	-3.8860	-3.8690
01/07/19	12:19:59.318	723	1	1.526000	0.323000	-3.8880	-3.8920
01/07/19	12:19:59.489	724	1	1.530000	0.325000	-3.9310	-3.9060
01/07/19	12:19:59.701	725	1	1.530000	0.323000	-3.9420	-3.9090
01/07/19	12:19:59.911	726	1	1.521000	0.324000	-3.9310	-3.9230
01/07/19	12:20:00.118	727	1	1.535000	0.324000	-3.9680	-3.9310
01/07/19	12:20:00.282	728	1	1.529000	0.327000	-3.9590	-3.9600
01/07/19	12:20:00.489	729	1	1.529000	0.328000	-3.9730	-3.9600
01/07/19	12:20:00.696	730	1	1.540000	0.328000	-3.9900	-3.9710
01/07/19	12:20:00.903	731	1	1.539000	0.328000	-4.0160	-4.0080
01/07/19	12:20:01.116	732	1	1.538000	0.328000	-4.0190	-3.9910
01/07/19	12:20:01.282	733	1	1.538000	0.329000	-4.0360	-4.0220
01/07/19	12:20:01.495	734	1	1.545000	0.329000	-4.0440	-4.0190
01/07/19	12:20:01.706	735	1	1.548000	0.329000	-4.0610	-4.0560
01/07/19	12:20:01.913	736	1	1.551000	0.330000	-4.0670	-4.0650
01/07/19	12:20:02.088	737	1	1.551000	0.331000	-4.0670	-4.0650
01/07/19	12:20:02.301	738	1	1.554000	0.333000	-4.0670	-4.0760
01/07/19	12:20:02.511	739	1	1.566000	0.333000	-4.0900	-4.0820
01/07/19	12:20:02.718	740	1	1.567000	0.335000	-4.1070	-4.0900
01/07/19	12:20:02.882	741	1	1.567000	0.335000	-4.1350	-4.1040
01/07/19	12:20:03.101	742	1	1.566000	0.333000	-4.1490	-4.1360
01/07/19	12:20:03.313	743	1	1.562000	0.333000	-4.1580	-4.1440
01/07/19	12:20:03.530	744	1	1.566000	0.332000	-4.1660	-4.1670
01/07/19	12:20:03.680	745	1	1.566000	0.334000	-4.1860	-4.1640
01/07/19	12:20:03.891	746	1	1.571000	0.334000	-4.2000	-4.1780
01/07/19	12:20:04.104	747	1	1.571000	0.334000	-4.2090	-4.1980
01/07/19	12:20:04.311	748	1	1.576000	0.335000	-4.2200	-4.2180
01/07/19	12:20:04.526	749	1	1.576000	0.337000	-4.2140	-4.2320
01/07/19	12:20:04.687	750	1	1.579000	0.339000	-4.2430	-4.2210
01/07/19	12:20:04.892	751	1	1.583000	0.339000	-4.2620	-4.2490
01/07/19	12:20:05.103	752	1	1.585000	0.337000	-4.2620	-4.2550
01/07/19	12:20:05.312	753	1	1.585000	0.339000	-4.2940	-4.2800
01/07/19	12:20:05.520	754	1	1.591000	0.338000	-4.2960	-4.3030
01/07/19	12:20:05.682	755	1	1.593000	0.338000	-4.2960	-4.3140
01/07/19	12:20:05.896	756	1	1.601000	0.341000	-4.3250	-4.3170
01/07/19	12:20:06.105	757	1	1.601000	0.340000	-4.3420	-4.3280
01/07/19	12:20:06.317	758	1	1.598000	0.341000	-4.3560	-4.3450
01/07/19	12:20:06.488	759	1	1.599000	0.341000	-4.3450	-4.3540
01/07/19	12:20:06.701	760	1	1.610000	0.341000	-4.3760	-4.3740
01/07/19	12:20:06.912	761	1	1.610000	0.342000	-4.4150	-4.3850
01/07/19	12:20:07.124	762	1	1.608000	0.340000	-4.4070	-4.4080
01/07/19	12:20:07.287	763	1	1.607000	0.340000	-4.4150	-4.4100
01/07/19	12:20:07.495	764	1	1.612000	0.343000	-4.4270	-4.4130
01/07/19	12:20:07.710	765	1	1.612000	0.344000	-4.4490	-4.4130
01/07/19	12:20:07.916	766	1	1.617000	0.344000	-4.4690	-4.4470
01/07/19	12:20:08.083	767	1	1.613000	0.344000	-4.4520	-4.4440
01/07/19	12:20:08.300	768	1	1.628000	0.346000	-4.4890	-4.4950
01/07/19	12:20:08.509	769	1	1.628000	0.345000	-4.5060	-4.4810
01/07/19	12:20:08.715	770	1	1.619000	0.345000	-4.4950	-4.5070
01/07/19	12:20:08.887	771	1	1.632000	0.345000	-4.5170	-4.5100
01/07/19	12:20:09.100	772	1	1.630000	0.349000	-4.5320	-4.5290
01/07/19	12:20:09.314	773	1	1.630000	0.347000	-4.5570	-4.5290
01/07/19	12:20:09.524	774	1	1.630000	0.347000	-4.5400	-4.5440
01/07/19	12:20:09.683	775	1	1.640000	0.347000	-4.5630	-4.5610
01/07/19	12:20:09.897	776	1	1.643000	0.350000	-4.5850	-4.5890
01/07/19	12:20:10.106	777	1	1.643000	0.350000	-4.5940	-4.6000
01/07/19	12:20:10.330	778	1	1.640000	0.350000	-4.6140	-4.6060
01/07/19	12:20:10.485	779	1	1.643000	0.350000	-4.6280	-4.6290
01/07/19	12:20:10.692	780	1	1.644000	0.350000	-4.6360	-4.6290
01/07/19	12:20:10.898	781	1	1.644000	0.352000	-4.6480	-4.6510
01/07/19	12:20:11.116	782	1	1.648000	0.353000	-4.6850	-4.6800
01/07/19	12:20:11.291	783	1	1.644000	0.353000	-4.6900	-4.6770
01/07/19	12:20:11.501	784	1	1.646000	0.350000	-4.6730	-4.6910
01/07/19	12:20:11.712	785	1	1.646000	0.356000	-4.6960	-4.7020
01/07/19	12:20:11.919	786	1	1.664000	0.355000	-4.7190	-4.7140
01/07/19	12:20:12.079	787	1	1.659000	0.355000	-4.7300	-4.7280
01/07/19	12:20:12.289	788	1	1.662000	0.354000	-4.7470	-4.7450
01/07/19	12:20:12.502	789	1	1.662000	0.355000	-4.7580	-4.7730
01/07/19	12:20:12.712	790	1	1.664000	0.355000	-4.7610	-4.7530
01/07/19	12:20:12.921	791	1	1.671000	0.355000	-4.7780	-4.7820
01/07/19	12:20:13.083	792	1	1.672000	0.357000	-4.7950	-4.7930
01/07/19	12:20:13.299	793	1	1.672000	0.357000	-4.7950	-4.7900
01/07/19	12:20:13.509	794	1	1.672000	0.358000	-4.8180	-4.8180
01/07/19	12:20:13.718	795	1	1.675000	0.358000	-4.8410	-4.8210
01/07/19	12:20:13.888	796	1	1.677000	0.357000	-4.8580	-4.8350
01/07/19	12:20:14.101	797	1	1.677000	0.358000	-4.8460	-4.8640
01/07/19	12:20:14.306	798	1	1.678000	0.361000	-4.8690	-4.8810
01/07/19	12:20:14.521	799	1	1.685000	0.361000	-4.8830	-4.8860
01/07/19	12:20:14.681	800	1	1.690000	0.360000	-4.9000	-4.8780
01/07/19	12:20:14.887	801	1	1.690000	0.360000	-4.9370	-4.9120
01/07/19	12:20:15.098	802	1	1.690000	0.358000	-4.9200	-4.9200
01/07/19	12:20:15.307	803	1	1.694000	0.358000	-4.9480	-4.9200
01/07/19	12:20:15.513	804	1	1.691000	0.362000	-4.9620	-4.9490
01/07/19	12:20:15.685	805	1	1.691000	0.361000	-4.9600	-4.9570
01/07/19	12:20:15.896	806	1	1.693000	0.364000	-4.9910	-5.0000
01/07/19	12:20:16.107	807	1	1.697000	0.364000	-5.0020	-4.9770
01/07/19	12:20:16.317	808	1	1.700000	0.362000	-5.0080	-5.0110
01/07/19	12:20:16.489	809	1	1.700000	0.364000	-5.0250	-5.0220
01/07/19	12:20:16.702	810	1	1.704000	0.364000	-5.0130	-5.0280
01/07/19	12:20:16.913	811	1	1.719000	0.364000	-5.0530	-5.0280
01/07/19	12:20:17.125	812	1	1.709000	0.367000	-5.0620	-5.0510
01/07/19	12:20:17.283	813	1	1.709000	0.365000	-5.0530	-5.0680
01/07/19	12:20:17.496	814	1	1.713000	0.368000	-5.1070	-5.0880
01/07/19	12:20:17.705	815	1	1.708000	0.368000	-5.1150	-5.0880
01/07/19	12:20:17.914	816	1	1.711000	0.363000	-5.1210	-5.1160
01/07/19	12:20:18.082	817	1	1.711000	0.366000	-5.1300	-5.1130
01/07/19	12:20:18.297	818	1	1.716000	0.366000	-5.1410	-5.1390
01/07/19	12:20:18.507	819	1	1.722000	0.366000	-5.1610	-5.1390
01/07/19	12:20:18.722	820	1	1.723000	0.367000	-5.1830	-5.1440
01/07/19	12:20:18.890	821	1	1.723000	0.366000	-5.1660	-5.1610
01/07/19	12:20:19.100	822	1	1.721000	0.370000	-5.1890	-5.1760
01/07/19	12:20:19.316	823	1	1.735000	0.370000	-5.2030	-5.1760
01/07/19	12:20:19.479	824	1	1.736000	0.370000	-5.2230	-5.1950
01/07/19	12:20:19.688	825	1	1.736000	0.369000	-5.2230	-5.1980
01/07/19	12:20:19.898	826	1	1.733000	0.373000	-5.2510	-5.2320
01/07/19	12:20:20.112	827	1	1.737000	0.373000	-5.2510	-5.2350
01/07/19	12:20:20.321	828	1	1.745000	0.371000	-5.2850	-5.2440
01/07/19	12:20:20.484	829	1	1.745000	0.371000	-5.2770	-5.2690
01/07/19	12:20:20.695	830	1	1.739000	0.374000	-5.3050	-5.3030
01/07/19	12:20:20.906	831	1	1.747000	0.374000	-5.3000	-5.3000
01/07/19	12:20:21.112	832	1	1.753000	0.373000	-5.3080	-5.3170
01/07/19	12:20:21.286	833	1	1.753000	0.376000	-5.3280	-5.3370
01/07/19	12:20:21.498	834	1	1.760000	0.375000	-5.3450	-5.3400
01/07/19	12:20:21.711	835	1	1.758000	0.375000	-5.3700	-5.3650
01/07/19	12:20:21.923	836	1	1.756000	0.376000	-5.3790	-5.3600
01/07/19	12:20:22.082	837	1	1.756000	0.375000	-5.3760	-5.3880
01/07/19	12:20:22.296	838	1	1.763000	0.378000	-5.4020	-5.3990
01/07/19	12:20:22.506	839	1	1.764000	0.378000	-5.4070	-5.3940
01/07/19	12:20:22.716	840	1	1.770000	0.377000	-5.4210	-5.4250
01/07/19	12:20:22.885	841	1	1.770000	0.378000	-5.4440	-5.4330
01/07/19	12:20:23.093	842	1	1.771000	0.377000	-5.4500	-5.4390
01/07/19	12:20:23.306	843	1	1.776000	0.377000	-5.4580	-5.4500
01/07/19	12:20:23.515	844	1	1.779000	0.379000	-5.4750	-5.4760
01/07/19	12:20:23.688	845	1	1.779000	0.380000	-5.4890	-5.4730
01/07/19	12:20:23.901	846	1	1.780000	0.380000	-5.4890	-5.4930
01/07/19	12:20:24.112	847	1	1.787000	0.380000	-5.5150	-5.5130
01/07/19	12:20:24.320	848	1	1.784000	0.382000	-5.5490	-5.5270
01/07/19	12:20:24.532	849	1	1.784000	0.379000	-5.5380	-5.5500
01/07/19	12:20:24.686	850	1	1.779000	0.382000	-5.5490	-5.5550
01/07/19	12:20:24.897	851	1	1.793000	0.382000	-5.5890	-5.5670
01/07/19	12:20:25.111	852	1	1.785000	0.383000	-5.5910	-5.5890
01/07/19	12:20:25.320	853	1	1.785000	0.382000	-5.5890	-5.5810
01/07/19	12:20:25.481	854	1	1.790000	0.385000	-5.6250	-5.6150
01/07/19	12:20:25.694	855	1	1.792000	0.385000	-5.6310	-5.6090
01/07/19	12:20:25.901	856	1	1.796000	0.382000	-5.6280	-5.6230
01/07/19	12:20:26.112	857	1	1.796000	0.387000	-5.6600	-5.6350
01/07/19	12:20:26.320	858	1	1.805000	0.384000	-5.6600	-5.6430
01/07/19	12:20:26.488	859	1	1.807000	0.384000	-5.6570	-5.6690
01/07/19	12:20:26.699	860	1	1.814000	0.386000	-5.6770	-5.7050
01/07/19	12:20:26.910	861	1	1.814000	0.388000	-5.6770	-5.6830
01/07/19	12:20:27.118	862	1	1.816000	0.390000	-5.7250	-5.6940
01/07/19	12:20:27.279	863	1	1.810000	0.390000	-5.7330	-5.7200
01/07/19	12:20:27.500	864	1	1.814000	0.386000	-5.7360	-5.7390
01/07/19	12:20:27.709	865	1	1.814000	0.389000	-5.7560	-5.7510
01/07/19	12:20:27.906	866	1	1.821000	0.388000	-5.7590	-5.7370
01/07/19	12:20:28.112	867	1	1.826000	0.388000	-5.7870	-5.7650
01/07/19	12:20:28.285	868	1	1.823000	0.390000	-5.7900	-5.7930
01/07/19	12:20:28.497	869	1	1.823000	0.391000	-5.8180	-5.7930
01/07/19	12:20:28.711	870	1	1.830000	0.389000	-5.8040	-5.8100
01/07/19	12:20:28.917	871	1	1.836000	0.389000	-5.8320	-5.8130
01/07/19	12:20:29.089	872	1	1.836000	0.393000	-5.8520	-5.8530
01/07/19	12:20:29.298	873	1	1.836000	0.391000	-5.8490	-5.8560
01/07/19	12:20:29.507	874	1	1.833000	0.394000	-5.8550	-5.8610
01/07/19	12:20:29.717	875	1	1.846000	0.394000	-5.8830	-5.8670
01/07/19	12:20:29.883	876	1	1.841000	0.395000	-5.9230	-5.8810
01/07/19	12:20:30.089	877	1	1.841000	0.391000	-5.9150	-5.8920
01/07/19	12:20:30.314	878	1	1.836000	0.394000	-5.9290	-5.9260
01/07/19	12:20:30.519	879	1	1.846000	0.394000	-5.9290	-5.9410
01/07/19	12:20:30.716	880	1	1.851000	0.394000	-5.9540	-5.9410
01/07/19	12:20:30.880	881	1	1.851000	0.395000	-5.9770	-5.9430
01/07/19	12:20:31.095	882	1	1.850000	0.394000	-5.9680	-5.9690
01/07/19	12:20:31.303	883	1	1.860000	0.394000	-5.9830	-5.9770
01/07/19	12:20:31.512	884	1	1.860000	0.398000	-6.0170	-5.9920
01/07/19	12:20:31.687	885	1	1.860000	0.396000	-6.0080	-6.0090
01/07/19	12:20:31.899	886	1	1.856000	0.399000	-6.0390	-6.0060
01/07/19	12:20:32.107	887	1	1.860000	0.399000	-6.0220	-6.0280
01/07/19	12:20:32.319	888	1	1.872000	0.397000	-6.0560	-6.0340
01/07/19	12:20:32.526	889	1	1.872000	0.399000	-6.0620	-6.0540
01/07/19	12:20:32.684	890	1	1.868000	0.400000	-6.0790	-6.0650
01/07/19	12:20:32.897	891	1	1.872000	0.400000	-6.0930	-6.0850
01/07/19	12:20:33.107	892	1	1.875000	0.400000	-6.0960	-6.0960
01/07/19	12:20:33.319	893	1	1.875000	0.402000	-6.1210	-6.1080
01/07/19	12:20:33.485	894	1	1.879000	0.401000	-6.1190	-6.1160
01/07/19	12:20:33.693	895	1	1.886000	0.401000	-6.1410	-6.1310
01/07/19	12:20:33.901	896	1	1.884000	0.404000	-6.1640	-6.1390
01/07/19	12:20:34.110	897	1	1.884000	0.402000	-6.1470	-6.1640
01/07/19	12:20:34.323	898	1	1.882000	0.406000	-6.1890	-6.1670
01/07/19	12:20:34.488	899	1	1.886000	0.406000	-6.1980	-6.1870
01/07/19	12:20:34.702	900	1	1.890000	0.403000	-6.2210	-6.1990
01/07/19	12:20:34.914	901	1	1.890000	0.403000	-6.2010	-6.1930
01/07/19	12:20:35.127	902	1	1.887000	0.408000	-6.2290	-6.2210
01/07/19	12:20:35.284	903	1	1.900000	0.408000	-6.2290	-6.2380
01/07/19	12:20:35.497	904	1	1.908000	0.407000	-6.2570	-6.2470
01/07/19	12:20:35.704	905	1	1.908000	0.406000	-6.2690	-6.2610
01/07/19	12:20:35.912	906	1	1.901000	0.408000	-6.2970	-6.2690
01/07/19	12:20:36.085	907	1	1.900000	0.408000	-6.2910	-6.2860
01/07/19	12:20:36.298	908	1	1.909000	0.406000	-6.3080	-6.3150
01/07/19	12:20:36.510	909	1	1.909000	0.409000	-6.3170	-6.3090
01/07/19	12:20:36.717	910	1	1.911000	0.410000	-6.3400	-6.3200
01/07/19	12:20:36.889	911	1	1.911000	0.410000	-6.3450	-6.3400
01/07/19	12:20:37.100	912	1	1.918000	0.409000	-6.3760	-6.3570
01/07/19	12:20:37.313	913	1	1.918000	0.409000	-6.3710	-6.3770
01/07/19	12:20:37.528	914	1	1.912000	0.412000	-6.3910	-6.3800
01/07/19	12:20:37.689	915	1	1.920000	0.412000	-6.4130	-6.4000
01/07/19	12:20:37.895	916	1	1.921000	0.411000	-6.4100	-6.4030
01/07/19	12:20:38.105	917	1	1.921000	0.413000	-6.4270	-6.4200
01/07/19	12:20:38.319	918	1	1.928000	0.413000	-6.4530	-6.4310
01/07/19	12:20:38.480	919	1	1.925000	0.413000	-6.4590	-6.4250
01/07/19	12:20:38.692	920	1	1.925000	0.413000	-6.4730	-6.4540
01/07/19	12:20:38.901	921	1	1.930000	0.413000	-6.4950	-6.4760
01/07/19	12:20:39.113	922	1	1.930000	0.413000	-6.4840	-6.4900
01/07/19	12:20:39.287	923	1	1.944000	0.413000	-6.5010	-6.4990
01/07/19	12:20:39.499	924	1	1.944000	0.416000	-6.5180	-6.5070
01/07/19	12:20:39.707	925	1	1.945000	0.416000	-6.5180	-6.5020
01/07/19	12:20:39.920	926	1	1.953000	0.416000	-6.5240	-6.5360
01/07/19	12:20:40.082	927	1	1.957000	0.419000	-6.5580	-6.5410
01/07/19	12:20:40.293	928	1	1.957000	0.417000	-6.5610	-6.5530
01/07/19	12:20:40.503	929	1	1.950000	0.419000	-6.5950	-6.5560
01/07/19	12:20:40.711	930	1	1.949000	0.419000	-6.6170	-6.5900
01/07/19	12:20:40.879	931	1	1.950000	0.417000	-6.6060	-6.5920
01/07/19	12:20:41.092	932	1	1.950000	0.420000	-6.6230	-6.6210
01/07/19	12:20:41.300	933	1	1.959000	0.419000	-6.6260	-6.6210
01/07/19	12:20:41.511	934	1	1.966000	0.419000	-6.6400	-6.6430
01/07/19	12:20:41.721	935	1	1.968000	0.422000	-6.6660	-6.6690
01/07/19	12:20:41.890	936	1	1.968000	0.420000	-6.6660	-6.6600
01/07/19	12:20:42.103	937	1	1.964000	0.423000	-6.6830	-6.6800
01/07/19	12:20:42.314	938	1	1.972000	0.423000	-6.6830	-6.6970
01/07/19	12:20:42.523	939	1	1.980000	0.422000	-6.7020	-6.7000
01/07/19	12:20:42.682	940	1	1.980000	0.425000	-6.7170	-6.7060
01/07/19	12:20:42.889	941	1	1.981000	0.425000	-6.7310	-6.7090
01/07/19	12:20:43.098	942	1	1.981000	0.425000	-6.7530	-6.7480
01/07/19	12:20:43.309	943	1	1.982000	0.425000	-6.7650	-6.7620
01/07/19	12:20:43.516	944	1	1.982000	0.424000	-6.7850	-6.7960
01/07/19	12:20:43.685	945	1	1.983000	0.425000	-6.7930	-6.7510
01/07/19	12:20:43.892	946	1	1.987000	0.425000	-6.8040	-6.7910
01/07/19	12:20:44.103	947	1	1.991000	0.426000	-6.8020	-6.8020
01/07/19	12:20:44.315	948	1	1.991000	0.428000	-6.8410	-6.8280
01/07/19	12:20:44.487	949	1	1.997000	0.426000	-6.8410	-6.8160
01/07/19	12:20:44.700	950	1	1.996000	0.426000	-6.8470	-6.8360
01/07/19	12:20:44.912	951	1	2.003000	0.428000	-6.8870	-6.8670
01/07/19	12:20:45.124	952	1	2.003000	0.427000	-6.8980	-6.8640
01/07/19	12:20:45.283	953	1	1.994000	0.427000	-6.8950	-6.8730
01/07/19	12:20:45.498	954	1	2.003000	0.427000	-6.9180	-6.9210
01/07/19	12:20:45.711	955	1	2.003000	0.429000	-6.9230	-6.9130
01/07/19	12:20:45.884	956	1	2.003000	0.431000	-6.9320	-6.8900
01/07/19	12:20:46.090	957	1	2.009000	0.432000	-6.9460	-6.9470
01/07/19	12:20:46.301	958	1	2.013000	0.432000	-6.9800	-6.9380
01/07/19	12:20:46.514	959	1	2.008000	0.432000	-6.9460	-6.9490
01/07/19	12:20:46.687	960	1	2.008000	0.436000	-6.9770	-6.9720
01/07/19	12:20:46.900	961	1	2.028000	0.434000	-6.9970	-6.9890
01/07/19	12:20:47.105	962	1	2.022000	0.434000	-7.0030	-7.0060
01/07/19	12:20:47.324	963	1	2.027000	0.433000	-7.0060	-7.0060
01/07/19	12:20:47.479	964	1	2.027000	0.436000	-7.0080	-7.0340
01/07/19	12:20:47.692	965	1	2.034000	0.438000	-7.0340	-7.0230
01/07/19	12:20:47.892	966	1	2.037000	0.438000	-7.0570	-7.0400
01/07/19	12:20:48.104	967	1	2.034000	0.437000	-7.0930	-7.0490
01/07/19	12:20:48.329	968	1	2.034000	0.433000	-7.0960	-7.0740
01/07/19	12:20:48.480	969	1	2.025000	0.436000	-7.1050	-7.0860
01/07/19	12:20:48.694	970	1	2.036000	0.436000	-7.1080	-7.0970
01/07/19	12:20:48.912	971	1	2.043000	0.436000	-7.1390	-7.1280
01/07/19	12:20:49.091	972	1	2.043000	0.436000	-7.1500	-7.1280
01/07/19	12:20:49.301	973	1	2.037000	0.437000	-7.1470	-7.1390
01/07/19	12:20:49.510	974	1	2.047000	0.437000	-7.1700	-7.1540
01/07/19	12:20:49.724	975	1	2.046000	0.439000	-7.1700	-7.1850
01/07/19	12:20:49.881	976	1	2.046000	0.441000	-7.1840	-7.1760
01/07/19	12:20:50.087	977	1	2.054000	0.442000	-7.1980	-7.2050
01/07/19	12:20:50.304	978	1	2.057000	0.442000	-7.2180	-7.2020
01/07/19	12:20:50.510	979	1	2.058000	0.442000	-7.2180	-7.2240
01/07/19	12:20:50.723	980	1	2.058000	0.443000	-7.2490	-7.2410
01/07/19	12:20:50.885	981	1	2.064000	0.441000	-7.2610	-7.2470
01/07/19	12:20:51.093	982	1	2.062000	0.441000	-7.2520	-7.2530
01/07/19	12:20:51.300	983	1	2.073000	0.442000	-7.2890	-7.2670
01/07/19	12:20:51.515	984	1	2.073000	0.442000	-7.2830	-7.3010
01/07/19	12:20:51.691	985	1	2.064000	0.446000	-7.3060	-7.3010
01/07/19	12:20:51.902	986	1	2.072000	0.446000	-7.3310	-7.2920
01/07/19	12:20:52.114	987	1	2.070000	0.444000	-7.3340	-7.3260
01/07/19	12:20:52.322	988	1	2.070000	0.446000	-7.3430	-7.3350
01/07/19	12:20:52.482	989	1	2.077000	0.447000	-7.3460	-7.3660
01/07/19	12:20:52.692	990	1	2.086000	0.447000	-7.3570	-7.3600
01/07/19	12:20:52.901	991	1	2.091000	0.448000	-7.3990	-7.3800
01/07/19	12:20:53.117	992	1	2.091000	0.446000	-7.3940	-7.3940
01/07/19	12:20:53.322	993	1	2.079000	0.448000	-7.3970	-7.4060
01/07/19	12:20:53.483	994	1	2.094000	0.448000	-7.4160	-7.4140
01/07/19	12:20:53.700	995	1	2.097000	0.451000	-7.4360	-7.4230
01/07/19	12:20:53.911	996	1	2.097000	0.449000	-7.4500	-7.4400
01/07/19	12:20:54.123	997	1	2.094000	0.450000	-7.4700	-7.4510
01/07/19	12:20:54.288	998	1	2.096000	0.450000	-7.4730	-7.4740
01/07/19	12:20:54.501	999	1	2.103000	0.449000	-7.4960	-7.4850
01/07/19	12:20:54.713	1000	1	2.103000	0.450000	-7.5070	-7.4910
01/07/19	12:20:54.924	1001	1	2.100000	0.452000	-7.5160	-7.4990
01/07/19	12:20:55.083	1002	1	2.107000	0.452000	-7.5410	-7.5160
01/07/19	12:20:55.297	1003	1	2.104000	0.452000	-7.5440	-7.5360
01/07/19	12:20:55.505	1004	1	2.104000	0.452000	-7.5580	-7.5330
01/07/19	12:20:55.711	1005	1	2.108000	0.453000	-7.5720	-7.5530
01/07/19	12:20:55.918	1006	1	2.112000	0.453000	-7.5580	-7.5760
01/07/19	12:20:56.084	1007	1	2.126000	0.453000	-7.5860	-7.5790
01/07/19	12:20:56.298	1008	1	2.126000	0.455000	-7.5950	-7.6010
01/07/19	12:20:56.505	1009	1	2.120000	0.456000	-7.6090	-7.5980
01/07/19	12:20:56.714	1010	1	2.127000	0.456000	-7.6230	-7.6270
01/07/19	12:20:56.888	1011	1	2.128000	0.457000	-7.6430	-7.6350
01/07/19	12:20:57.097	1012	1	2.128000	0.458000	-7.6430	-7.6410
01/07/19	12:20:57.309	1013	1	2.130000	0.459000	-7.6860	-7.6640
01/07/19	12:20:57.522	1014	1	2.125000	0.459000	-7.6720	-7.6690
01/07/19	12:20:57.680	1015	1	2.137000	0.455000	-7.6970	-7.6810
01/07/19	12:20:57.887	1016	1	2.137000	0.458000	-7.7060	-7.7000
01/07/19	12:20:58.096	1017	1	2.134000	0.459000	-7.7170	-7.7120
01/07/19	12:20:58.303	1018	1	2.142000	0.459000	-7.7510	-7.7230
01/07/19	12:20:58.511	1019	1	2.136000	0.461000	-7.7420	-7.7370
01/07/19	12:20:58.684	1020	1	2.136000	0.461000	-7.7420	-7.7320
01/07/19	12:20:58.895	1021	1	2.146000	0.463000	-7.7650	-7.7660
01/07/19	12:20:59.102	1022	1	2.150000	0.463000	-7.7710	-7.7770
01/07/19	12:20:59.313	1023	1	2.157000	0.462000	-7.7910	-7.8000
01/07/19	12:20:59.524	1024	1	2.157000	0.463000	-7.7910	-7.8000
01/07/19	12:20:59.689	1025	1	2.155000	0.465000	-7.8190	-7.8190
01/07/19	12:20:59.903	1026	1	2.158000	0.465000	-7.8160	-7.8310
01/07/19	12:21:00.107	1027	1	2.166000	0.464000	-7.8270	-7.8530
01/07/19	12:21:00.319	1028	1	2.166000	0.467000	-7.8700	-7.8590
01/07/19	12:21:00.485	1029	1	2.171000	0.464000	-7.8840	-7.8820
01/07/19	12:21:00.689	1030	1	2.162000	0.464000	-7.8810	-7.8650
01/07/19	12:21:00.898	1031	1	2.171000	0.464000	-7.9180	-7.9100
01/07/19	12:21:01.104	1032	1	2.171000	0.464000	-7.9210	-7.9020
01/07/19	12:21:01.311	1033	1	2.162000	0.466000	-7.9350	-7.9070
01/07/19	12:21:01.482	1034	1	2.170000	0.466000	-7.9460	-7.9360
01/07/19	12:21:01.690	1035	1	2.174000	0.466000	-7.9610	-7.9610
01/07/19	12:21:01.899	1036	1	2.174000	0.467000	-7.9630	-7.9550
01/07/19	12:21:02.112	1037	1	2.175000	0.469000	-7.9630	-7.9440
01/07/19	12:21:02.319	1038	1	2.187000	0.469000	-8.0030	-7.9920
01/07/19	12:21:02.493	1039	1	2.179000	0.471000	-7.9890	-7.9950
01/07/19	12:21:02.697	1040	1	2.179000	0.472000	-8.0120	-8.0120
01/07/19	12:21:02.905	1041	1	2.193000	0.471000	-8.0260	-8.0210
01/07/19	12:21:03.114	1042	1	2.191000	0.471000	-8.0230	-8.0660
01/07/19	12:21:03.281	1043	1	2.201000	0.471000	-8.0570	-8.0520
01/07/19	12:21:03.487	1044	1	2.201000	0.472000	-8.0820	-8.0740
01/07/19	12:21:03.694	1045	1	2.196000	0.471000	-8.0710	-8.0630
01/07/19	12:21:03.905	1046	1	2.202000	0.471000	-8.0970	-8.0740
01/07/19	12:21:04.110	1047	1	2.200000	0.474000	-8.1280	-8.0890
01/07/19	12:21:04.317	1048	1	2.200000	0.471000	-8.1250	-8.1170
01/07/19	12:21:04.481	1049	1	2.196000	0.474000	-8.1390	-8.1200
01/07/19	12:21:04.694	1050	1	2.205000	0.474000	-8.1450	-8.1260
01/07/19	12:21:04.905	1051	1	2.208000	0.474000	-8.1620	-8.1430
01/07/19	12:21:05.111	1052	1	2.208000	0.475000	-8.1670	-8.1770
01/07/19	12:21:05.292	1053	1	2.209000	0.477000	-8.1870	-8.1820
01/07/19	12:21:05.502	1054	1	2.214000	0.477000	-8.1870	-8.1940
01/07/19	12:21:05.707	1055	1	2.220000	0.476000	-8.2100	-8.1990
01/07/19	12:21:05.917	1056	1	2.220000	0.478000	-8.2040	-8.2050
01/07/19	12:21:06.082	1057	1	2.222000	0.481000	-8.2270	-8.2080
01/07/19	12:21:06.288	1058	1	2.229000	0.481000	-8.2640	-8.2330
01/07/19	12:21:06.514	1059	1	2.221000	0.480000	-8.2440	-8.2450
01/07/19	12:21:06.715	1060	1	2.221000	0.482000	-8.2520	-8.2530
01/07/19	12:21:06.926	1061	1	2.236000	0.483000	-8.2890	-8.3010
01/07/19	12:21:07.084	1062	1	2.233000	0.483000	-8.3010	-8.2900
01/07/19	12:21:07.292	1063	1	2.236000	0.480000	-8.3010	-8.3100
01/07/19	12:21:07.507	1064	1	2.236000	0.483000	-8.3350	-8.3130
01/07/19	12:21:07.720	1065	1	2.243000	0.481000	-8.3460	-8.3320
01/07/19	12:21:07.890	1066	1	2.241000	0.481000	-8.3520	-8.3470
01/07/19	12:21:08.105	1067	1	2.244000	0.482000	-8.3660	-8.3490
01/07/19	12:21:08.317	1068	1	2.244000	0.483000	-8.3860	-8.3980
01/07/19	12:21:08.525	1069	1	2.245000	0.483000	-8.3970	-8.3780
01/07/19	12:21:08.685	1070	1	2.248000	0.483000	-8.3910	-8.3860
01/07/19	12:21:08.890	1071	1	2.255000	0.484000	-8.4140	-8.3980
01/07/19	12:21:09.097	1072	1	2.255000	0.486000	-8.4390	-8.4200
01/07/19	12:21:09.319	1073	1	2.257000	0.485000	-8.4680	-8.4090
01/07/19	12:21:09.526	1074	1	2.249000	0.483000	-8.4510	-8.4370
01/07/19	12:21:09.684	1075	1	2.261000	0.483000	-8.4620	-8.4540
01/07/19	12:21:09.896	1076	1	2.261000	0.488000	-8.4880	-8.4630
01/07/19	12:21:10.111	1077	1	2.265000	0.487000	-8.4820	-8.4770
01/07/19	12:21:10.317	1078	1	2.272000	0.487000	-8.5050	-8.4880
01/07/19	12:21:10.490	1079	1	2.270000	0.490000	-8.5190	-8.5000
01/07/19	12:21:10.702	1080	1	2.270000	0.489000	-8.5070	-8.5140
01/07/19	12:21:10.914	1081	1	2.270000	0.493000	-8.5360	-8.5340
01/07/19	12:21:11.127	1082	1	2.277000	0.491000	-8.5410	-8.5360
01/07/19	12:21:11.284	1083	1	2.285000	0.491000	-8.5530	-8.5420
01/07/19	12:21:11.496	1084	1	2.285000	0.493000	-8.5560	-8.5680
01/07/19	12:21:11.705	1085	1	2.286000	0.495000	-8.5900	-8.5870
01/07/19	12:21:11.914	1086	1	2.287000	0.495000	-8.6120	-8.5960
01/07/19	12:21:12.082	1087	1	2.286000	0.493000	-8.6410	-8.6020
01/07/19	12:21:12.290	1088	1	2.286000	0.491000	-8.6210	-8.6070
01/07/19	12:21:12.500	1089	1	2.283000	0.495000	-8.6320	-8.6240
01/07/19	12:21:12.716	1090	1	2.299000	0.495000	-8.6430	-8.6530
01/07/19	12:21:12.889	1091	1	2.303000	0.495000	-8.6460	-8.6440
01/07/19	12:21:13.097	1092	1	2.303000	0.498000	-8.6800	-8.6670
01/07/19	12:21:13.306	1093	1	2.306000	0.495000	-8.7030	-8.6870
01/07/19	12:21:13.515	1094	1	2.298000	0.495000	-8.7260	-8.7090
01/07/19	12:21:13.682	1095	1	2.300000	0.495000	-8.7200	-8.7120
01/07/19	12:21:13.891	1096	1	2.300000	0.497000	-8.7400	-8.7210
01/07/19	12:21:14.098	1097	1	2.306000	0.497000	-8.7400	-8.7430
01/07/19	12:21:14.305	1098	1	2.313000	0.497000	-8.7400	-8.7520
01/07/19	12:21:14.512	1099	1	2.321000	0.499000	-8.7820	-8.7430
01/07/19	12:21:14.681	1100	1	2.321000	0.498000	-8.7680	-8.7770
01/07/19	12:21:14.889	1101	1	2.311000	0.502000	-8.8080	-8.7970
01/07/19	12:21:15.103	1102	1	2.315000	0.502000	-8.8220	-8.7970
01/07/19	12:21:15.314	1103	1	2.316000	0.499000	-8.8250	-8.8200
01/07/19	12:21:15.524	1104	1	2.316000	0.501000	-8.6040	-7.9610
01/07/19	12:21:15.689	1105	1	2.323000	0.530000	-7.8760	-7.7490
01/07/19	12:21:15.903	1106	1	2.713000	0.530000	-7.9150	-7.8700
01/07/19	12:21:16.110	1107	1	2.720000	0.623000	-8.0710	-8.0120
01/07/19	12:21:16.320	1108	1	2.720000	0.604000	-8.2100	-8.1910
01/07/19	12:21:16.531	1109	1	2.671000	0.587000	-8.3690	-8.3440
01/07/19	12:21:16.681	1110	1	2.574000	0.587000	-8.4650	-8.4430
01/07/19	12:21:16.895	1111	1	2.533000	0.569000	-8.5580	-8.5450
01/07/19	12:21:17.103	1112	1	2.533000	0.551000	-8.6690	-8.6530
01/07/19	12:21:17.309	1113	1	2.502000	0.539000	-8.7540	-8.7380
01/07/19	12:21:17.518	1114	1	2.435000	0.539000	-8.8220	-8.8140
01/07/19	12:21:17.683	1115	1	2.413000	0.530000	-8.8790	-8.8540
01/07/19	12:21:17.902	1116	1	2.413000	0.519000	-8.9010	-8.9050
01/07/19	12:21:18.109	1117	1	2.396000	0.519000	-8.9550	-8.9470
01/07/19	12:21:18.316	1118	1	2.376000	0.519000	-8.9580	-8.9700
01/07/19	12:21:18.489	1119	1	2.381000	0.514000	-8.9920	-8.9840
01/07/19	12:21:18.702	1120	1	2.381000	0.514000	-9.0150	-8.9950
01/07/19	12:21:18.911	1121	1	2.374000	0.512000	-9.0260	-9.0150
01/07/19	12:21:19.119	1122	1	2.375000	0.512000	-9.0600	-9.0440
01/07/19	12:21:19.285	1123	1	2.364000	0.513000	-9.0520	-9.0630
01/07/19	12:21:19.490	1124	1	2.364000	0.515000	-9.0660	-9.0690
01/07/19	12:21:19.697	1125	1	2.378000	0.515000	-9.0800	-9.0720
01/07/19	12:21:19.923	1126	1	2.378000	0.515000	-9.0690	-9.0830
01/07/19	12:21:20.113	1127	1	2.391000	0.515000	-9.1000	-9.0810
01/07/19	12:21:20.281	1128	1	2.391000	0.516000	-9.0970	-9.1000
01/07/19	12:21:20.494	1129	1	2.385000	0.518000	-9.0860	-9.1090
01/07/19	12:21:20.704	1130	1	2.405000	0.518000	-9.0940	-9.0920
01/07/19	12:21:20.912	1131	1	2.410000	0.523000	-9.1200	-9.1150
01/07/19	12:21:21.122	1132	1	2.410000	0.522000	-9.1420	-9.1290
01/07/19	12:21:21.288	1133	1	2.408000	0.522000	-9.1650	-9.1510
01/07/19	12:21:21.500	1134	1	2.402000	0.522000	-9.1200	-9.1660
01/07/19	12:21:21.712	1135	1	2.427000	0.520000	-9.1710	-9.1430
01/07/19	12:21:21.927	1136	1	2.417000	0.524000	-9.1540	-9.1680
01/07/19	12:21:22.088	1137	1	2.417000	0.528000	-9.1960	-9.2000
01/07/19	12:21:22.294	1138	1	2.421000	0.528000	-9.1880	-9.2080
01/07/19	12:21:22.507	1139	1	2.432000	0.526000	-9.1960	-9.2140
01/07/19	12:21:22.713	1140	1	2.432000	0.529000	-9.2220	-9.2250
01/07/19	12:21:22.882	1141	1	2.436000	0.528000	-9.2470	-9.2340
01/07/19	12:21:23.095	1142	1	2.430000	0.528000	-9.2560	-9.2560
01/07/19	12:21:23.312	1143	1	2.434000	0.527000	-9.2470	-9.2760
01/07/19	12:21:23.522	1144	1	2.434000	0.531000	-9.2750	-9.3070
01/07/19	12:21:23.688	1145	1	2.444000	0.530000	-9.2920	-9.2960
01/07/19	12:21:23.901	1146	1	2.443000	0.530000	-9.2950	-9.3210
01/07/19	12:21:24.109	1147	1	2.447000	0.530000	-9.3180	-9.3160
01/07/19	12:21:24.320	1148	1	2.447000	0.530000	-9.3290	-9.3440
01/07/19	12:21:24.479	1149	1	2.445000	0.531000	-9.3520	-9.3470
01/07/19	12:21:24.689	1150	1	2.445000	0.531000	-9.3660	-9.3610
01/07/19	12:21:24.898	1151	1	2.448000	0.530000	-9.3920	-9.3840
01/07/19	12:21:25.117	1152	1	2.448000	0.530000	-9.4060	-9.3920
01/07/19	12:21:25.326	1153	1	2.447000	0.531000	-9.4110	-9.4060
01/07/19	12:21:25.485	1154	1	2.450000	0.531000	-9.4110	-9.4290
01/07/19	12:21:25.692	1155	1	2.457000	0.531000	-9.4400	-9.4290
01/07/19	12:21:25.905	1156	1	2.457000	0.532000	-9.4340	-9.4580
01/07/19	12:21:26.115	1157	1	2.456000	0.535000	-9.4600	-9.4830
01/07/19	12:21:26.323	1158	1	2.463000	0.534000	-9.4770	-9.4630
01/07/19	12:21:26.488	1159	1	2.464000	0.534000	-9.4940	-9.5040
01/07/19	12:21:26.701	1160	1	2.464000	0.534000	-9.4970	-9.4810
01/07/19	12:21:26.909	1161	1	2.466000	0.535000	-9.5120	-9.5180
01/07/19	12:21:27.118	1162	1	2.469000	0.535000	-9.5290	-9.5380
01/07/19	12:21:27.283	1163	1	2.470000	0.535000	-9.5660	-9.5500
01/07/19	12:21:27.489	1164	1	2.470000	0.533000	-9.5520	-9.5580
01/07/19	12:21:27.696	1165	1	2.465000	0.537000	-9.5780	-9.5810
01/07/19	12:21:27.902	1166	1	2.475000	0.537000	-9.6040	-9.5780
01/07/19	12:21:28.111	1167	1	2.470000	0.536000	-9.5840	-9.5900
01/07/19	12:21:28.319	1168	1	2.470000	0.539000	-9.6120	-9.6160
01/07/19	12:21:28.486	1169	1	2.486000	0.538000	-9.6240	-9.6130
01/07/19	12:21:28.693	1170	1	2.484000	0.538000	-9.6350	-9.6270
01/07/19	12:21:28.905	1171	1	2.488000	0.538000	-9.6440	-9.6360
01/07/19	12:21:29.116	1172	1	2.488000	0.540000	-9.6730	-9.6650
01/07/19	12:21:29.288	1173	1	2.491000	0.538000	-9.6840	-9.6680
01/07/19	12:21:29.501	1174	1	2.489000	0.538000	-9.6960	-9.7020
01/07/19	12:21:29.710	1175	1	2.492000	0.539000	-9.7130	-9.7080
01/07/19	12:21:29.919	1176	1	2.492000	0.540000	-9.7160	-9.7110
01/07/19	12:21:30.081	1177	1	2.494000	0.541000	-9.7330	-9.7450
01/07/19	12:21:30.287	1178	1	2.498000	0.541000	-9.7650	-9.7250
01/07/19	12:21:30.495	1179	1	2.491000	0.541000	-9.7560	-9.7480
01/07/19	12:21:30.702	1180	1	2.491000	0.543000	-9.7790	-9.7800
01/07/19	12:21:30.909	1181	1	2.505000	0.542000	-9.7910	-9.7860
01/07/19	12:21:31.123	1182	1	2.502000	0.542000	-9.7910	-9.8120
01/07/19	12:21:31.285	1183	1	2.509000	0.542000	-9.8020	-9.8140
01/07/19	12:21:31.496	1184	1	2.509000	0.545000	-9.8170	-9.8170
01/07/19	12:21:31.707	1185	1	2.514000	0.546000	-9.8310	-9.8550
01/07/19	12:21:31.918	1186	1	2.518000	0.546000	-9.8430	-9.8350
01/07/19	12:21:32.092	1187	1	2.519000	0.546000	-9.8630	-9.8660
01/07/19	12:21:32.304	1188	1	2.519000	0.546000	-9.8600	-9.8550
01/07/19	12:21:32.515	1189	1	2.520000	0.548000	-9.8890	-9.8750
01/07/19	12:21:32.723	1190	1	2.524000	0.547000	-9.9090	-9.8890
01/07/19	12:21:32.883	1191	1	2.521000	0.547000	-9.9260	-9.9150
01/07/19	12:21:33.099	1192	1	2.521000	0.546000	-9.9230	-9.9440
01/07/19	12:21:33.323	1193	1	2.522000	0.549000	-9.9580	-9.9380
01/07/19	12:21:33.484	1194	1	2.526000	0.549000	-9.9660	-9.9470
01/07/19	12:21:33.699	1195	1	2.529000	0.547000	-9.9780	-9.9580
01/07/19	12:21:33.911	1196	1	2.529000	0.549000	-9.9840	-9.9810
01/07/19	12:21:34.116	1197	1	2.530000	0.550000	-9.9980	-10.0040
01/07/19	12:21:34.283	1198	1	2.538000	0.550000	-10.0120	-9.9900
01/07/19	12:21:34.501	1199	1	2.538000	0.550000	-10.0120	-10.0270
01/07/19	12:21:34.707	1200	1	2.538000	0.552000	-10.0440	-10.0420
