28/06/19	18:51:01.691	C:\Icing\LabView_vi\Icing_2TC_FP_v2.1.vi
Dt (s):		0.200000
test with constant cooling rate
Date	Time	# meas	# cycle	V	I	Temp1	Temp2

28/06/19	18:53:10.921	1	0	0.000000	0.002000	6.0220	6.0300
28/06/19	18:53:11.112	2	0	-0.001000	0.002000	6.0490	6.0300
28/06/19	18:53:11.316	3	0	-0.001000	0.002000	6.0330	6.0380
28/06/19	18:53:11.542	4	0	-0.001000	0.002000	6.0330	6.0540
28/06/19	18:53:11.751	5	0	-0.001000	0.002000	6.0360	6.0430
28/06/19	18:53:11.918	6	0	-0.001000	0.002000	6.0300	6.0270
28/06/19	18:53:12.131	7	0	-0.001000	0.002000	6.0250	6.0430
28/06/19	18:53:12.339	8	0	-0.001000	0.002000	6.0470	6.0430
28/06/19	18:53:12.545	9	0	0.000000	0.002000	6.0330	6.0350
28/06/19	18:53:12.711	10	0	-0.001000	0.002000	6.0580	6.0320
28/06/19	18:53:12.919	11	0	-0.001000	0.002000	6.0360	6.0570
28/06/19	18:53:13.130	12	0	-0.001000	0.002000	6.0410	6.0320
28/06/19	18:53:13.338	13	0	-0.001000	0.002000	6.0270	6.0430
28/06/19	18:53:13.565	14	0	-0.001000	0.002000	6.0360	6.0350
28/06/19	18:53:13.714	15	0	-0.001000	0.002000	6.0300	6.0410
28/06/19	18:53:13.922	16	0	-0.001000	0.002000	6.0270	6.0350
28/06/19	18:53:14.129	17	0	-0.001000	0.002000	6.0440	6.0320
28/06/19	18:53:14.343	18	0	-0.001000	0.002000	6.0410	6.0100
28/06/19	18:53:14.549	19	0	-0.001000	0.002000	6.0250	6.0380
28/06/19	18:53:14.717	20	0	-0.001000	0.002000	6.0440	6.0430
28/06/19	18:53:14.928	21	0	-0.001000	0.002000	6.0360	6.0380
28/06/19	18:53:15.139	22	0	-0.001000	0.002000	6.0300	6.0350
28/06/19	18:53:15.348	23	0	0.000000	0.002000	6.0300	6.0630
28/06/19	18:53:15.508	24	0	0.000000	0.002000	6.0250	6.0520
28/06/19	18:53:15.718	25	0	0.000000	0.002000	6.0380	6.0490
28/06/19	18:53:15.943	26	0	-0.001000	0.002000	6.0490	6.0380
28/06/19	18:53:16.147	27	0	-0.001000	0.002000	6.0550	6.0520
28/06/19	18:53:16.348	28	0	-0.001000	0.002000	6.0800	6.1010
28/06/19	18:53:16.514	29	0	-0.001000	0.002000	6.2340	6.6290
28/06/19	18:53:16.721	30	0	0.000000	0.002000	7.3280	7.6370
28/06/19	18:53:16.934	31	0	-0.001000	0.002000	7.8080	8.2050
28/06/19	18:53:17.141	32	0	-0.001000	0.002000	8.2800	8.7110
28/06/19	18:53:17.354	33	0	-0.001000	0.002000	8.5210	9.0280
28/06/19	18:53:17.517	34	0	-0.001000	0.002000	8.5700	9.0640
28/06/19	18:53:17.724	35	0	-0.001000	0.003000	8.5680	9.0030
28/06/19	18:53:17.925	36	0	-0.001000	0.003000	8.7830	9.3650
28/06/19	18:53:18.131	37	0	0.000000	0.002000	8.9460	9.4180
28/06/19	18:53:18.338	38	0	-0.001000	0.002000	8.8960	9.2820
28/06/19	18:53:18.546	39	0	-0.001000	0.002000	8.7690	9.1300
28/06/19	18:53:18.714	40	0	-0.001000	0.002000	8.6780	9.0010
28/06/19	18:53:18.922	41	0	-0.001000	0.003000	8.5450	8.8490
28/06/19	18:53:19.129	42	0	-0.001000	0.003000	8.4320	8.7110
28/06/19	18:53:19.343	43	0	-0.001000	0.003000	8.3220	8.5560
28/06/19	18:53:19.549	44	0	-0.001000	0.003000	8.2090	8.4400
28/06/19	18:53:19.719	45	0	-0.001000	0.003000	8.1290	8.3460
28/06/19	18:53:19.927	46	0	0.000000	0.003000	8.0180	8.2250
28/06/19	18:53:20.133	47	0	-0.001000	0.003000	7.9320	8.1280
28/06/19	18:53:20.345	48	0	-0.001000	0.003000	7.8410	8.0290
28/06/19	18:53:20.511	49	0	-0.001000	0.003000	7.7670	7.9430
28/06/19	18:53:20.737	50	0	-0.001000	0.003000	7.6840	7.8550
28/06/19	18:53:20.937	51	0	-0.001000	0.003000	7.6150	7.7720
28/06/19	18:53:21.141	52	0	-0.001000	0.003000	7.5490	7.6590
Cycle	Time Peltier On:	120	Time Peltier Off:	150	# iterations	2		control P	0.0250	DT °C/min	10.0000
28/06/19	18:53:21.313	53	1	-0.001000	1.827000	7.4990	7.6120
28/06/19	18:53:21.520	54	1	0.334000	1.827000	7.3660	7.5040
28/06/19	18:53:21.731	55	1	0.290000	0.093000	7.2750	7.3830
28/06/19	18:53:21.940	56	1	0.290000	0.075000	7.1570	7.2750
28/06/19	18:53:22.149	57	1	0.269000	0.064000	7.0680	7.1700
28/06/19	18:53:22.317	58	1	0.208000	0.064000	6.9850	7.0930
28/06/19	18:53:22.529	59	1	0.189000	0.056000	6.8860	7.0130
28/06/19	18:53:22.738	60	1	0.189000	0.042000	6.7980	6.9100
28/06/19	18:53:22.944	61	1	0.157000	0.035000	6.7260	6.8520
28/06/19	18:53:23.110	62	1	0.120000	0.035000	6.6730	6.7890
28/06/19	18:53:23.321	63	1	0.109000	0.029000	6.6240	6.7200
28/06/19	18:53:23.525	64	1	0.109000	0.026000	6.5630	6.6590
28/06/19	18:53:23.736	65	1	0.100000	0.023000	6.5380	6.6120
28/06/19	18:53:23.942	66	1	0.093000	0.023000	6.4830	6.5600
28/06/19	18:53:24.110	67	1	0.082000	0.025000	6.4410	6.5240
28/06/19	18:53:24.318	68	1	0.082000	0.020000	6.4030	6.4580
28/06/19	18:53:24.532	69	1	0.079000	0.019000	6.3560	6.4380
28/06/19	18:53:24.739	70	1	0.068000	0.019000	6.3200	6.4020
28/06/19	18:53:24.952	71	1	0.068000	0.017000	6.2840	6.3440
28/06/19	18:53:25.117	72	1	0.068000	0.018000	6.2620	6.3250
28/06/19	18:53:25.330	73	1	0.067000	0.018000	6.2430	6.3090
28/06/19	18:53:25.539	74	1	0.076000	0.018000	6.2260	6.2510
28/06/19	18:53:25.754	75	1	0.083000	0.020000	6.1760	6.2390
28/06/19	18:53:25.911	76	1	0.083000	0.020000	6.1600	6.2090
28/06/19	18:53:26.117	77	1	0.078000	0.023000	6.1270	6.1900
28/06/19	18:53:26.327	78	1	0.084000	0.023000	6.1210	6.1700
28/06/19	18:53:26.546	79	1	0.097000	0.022000	6.0910	6.1260
28/06/19	18:53:26.745	80	1	0.097000	0.026000	6.0770	6.1010
28/06/19	18:53:26.913	81	1	0.097000	0.029000	6.0330	6.0790
28/06/19	18:53:27.123	82	1	0.101000	0.029000	6.0270	6.0660
28/06/19	18:53:27.331	83	1	0.115000	0.027000	5.9800	6.0320
28/06/19	18:53:27.545	84	1	0.115000	0.029000	5.9720	6.0080
28/06/19	18:53:27.721	85	1	0.108000	0.032000	5.9420	5.9830
28/06/19	18:53:27.933	86	1	0.123000	0.032000	5.9250	5.9610
28/06/19	18:53:28.142	87	1	0.130000	0.033000	5.9000	5.9360
28/06/19	18:53:28.308	88	1	0.130000	0.036000	5.9060	5.9250
28/06/19	18:53:28.519	89	1	0.140000	0.041000	5.8750	5.8920
28/06/19	18:53:28.727	90	1	0.152000	0.041000	5.8450	5.8670
28/06/19	18:53:28.953	91	1	0.154000	0.041000	5.8310	5.8530
28/06/19	18:53:29.111	92	1	0.154000	0.044000	5.8010	5.8310
28/06/19	18:53:29.321	93	1	0.164000	0.044000	5.7840	5.7950
28/06/19	18:53:29.534	94	1	0.174000	0.044000	5.7570	5.7810
28/06/19	18:53:29.745	95	1	0.177000	0.046000	5.7320	5.7590
28/06/19	18:53:29.911	96	1	0.177000	0.047000	5.7100	5.7420
28/06/19	18:53:30.123	97	1	0.184000	0.049000	5.6880	5.7120
28/06/19	18:53:30.334	98	1	0.192000	0.049000	5.6630	5.7070
28/06/19	18:53:30.545	99	1	0.197000	0.050000	5.6440	5.6600
28/06/19	18:53:30.716	100	1	0.197000	0.054000	5.6210	5.6570
28/06/19	18:53:30.925	101	1	0.205000	0.055000	5.5860	5.6130
28/06/19	18:53:31.145	102	1	0.211000	0.055000	5.5910	5.5820
28/06/19	18:53:31.358	103	1	0.229000	0.055000	5.5390	5.5740
28/06/19	18:53:31.511	104	1	0.229000	0.057000	5.5330	5.5490
28/06/19	18:53:31.724	105	1	0.227000	0.061000	5.5000	5.5350
28/06/19	18:53:31.942	106	1	0.234000	0.061000	5.4810	5.4970
28/06/19	18:53:32.110	107	1	0.243000	0.061000	5.4360	5.4660
28/06/19	18:53:32.326	108	1	0.243000	0.060000	5.4310	5.4280
28/06/19	18:53:32.541	109	1	0.237000	0.064000	5.3920	5.4420
28/06/19	18:53:32.716	110	1	0.249000	0.064000	5.3760	5.3920
28/06/19	18:53:32.931	111	1	0.258000	0.064000	5.3700	5.3640
28/06/19	18:53:33.136	112	1	0.258000	0.069000	5.3370	5.3500
28/06/19	18:53:33.349	113	1	0.272000	0.069000	5.3120	5.3340
28/06/19	18:53:33.510	114	1	0.277000	0.069000	5.2760	5.3200
28/06/19	18:53:33.718	115	1	0.279000	0.070000	5.2540	5.2680
28/06/19	18:53:33.928	116	1	0.279000	0.071000	5.2160	5.2430
28/06/19	18:53:34.135	117	1	0.284000	0.070000	5.1910	5.2400
28/06/19	18:53:34.343	118	1	0.289000	0.070000	5.2020	5.2070
28/06/19	18:53:34.509	119	1	0.306000	0.072000	5.1490	5.1740
28/06/19	18:53:34.724	120	1	0.306000	0.075000	5.1240	5.1540
28/06/19	18:53:34.932	121	1	0.302000	0.076000	5.0940	5.1210
28/06/19	18:53:35.140	122	1	0.307000	0.076000	5.0660	5.0960
28/06/19	18:53:35.348	123	1	0.311000	0.076000	5.0470	5.0690
28/06/19	18:53:35.515	124	1	0.311000	0.079000	5.0530	5.0440
28/06/19	18:53:35.729	125	1	0.321000	0.085000	5.0080	5.0160
28/06/19	18:53:35.940	126	1	0.332000	0.085000	4.9920	4.9940
28/06/19	18:53:36.146	127	1	0.340000	0.082000	4.9560	4.9530
28/06/19	18:53:36.313	128	1	0.340000	0.084000	4.9260	4.9420
28/06/19	18:53:36.517	129	1	0.343000	0.084000	4.8980	4.9390
28/06/19	18:53:36.725	130	1	0.347000	0.084000	4.8620	4.8870
28/06/19	18:53:36.934	131	1	0.348000	0.085000	4.8400	4.8700
28/06/19	18:53:37.145	132	1	0.348000	0.086000	4.8210	4.8480
28/06/19	18:53:37.313	133	1	0.353000	0.088000	4.7930	4.8040
28/06/19	18:53:37.520	134	1	0.365000	0.088000	4.7650	4.7840
28/06/19	18:53:37.736	135	1	0.367000	0.089000	4.7460	4.7680
28/06/19	18:53:37.947	136	1	0.367000	0.091000	4.7160	4.7130
28/06/19	18:53:38.114	137	1	0.375000	0.092000	4.6990	4.7070
28/06/19	18:53:38.330	138	1	0.386000	0.092000	4.6660	4.6960
28/06/19	18:53:38.536	139	1	0.388000	0.094000	4.6520	4.6850
28/06/19	18:53:38.745	140	1	0.388000	0.096000	4.6160	4.6130
28/06/19	18:53:38.910	141	1	0.397000	0.096000	4.5830	4.6050
28/06/19	18:53:39.118	142	1	0.397000	0.096000	4.5560	4.5880
28/06/19	18:53:39.324	143	1	0.404000	0.097000	4.5230	4.5470
28/06/19	18:53:39.532	144	1	0.404000	0.097000	4.5090	4.5000
28/06/19	18:53:39.758	145	1	0.405000	0.099000	4.4510	4.4860
28/06/19	18:53:39.909	146	1	0.403000	0.099000	4.4370	4.4590
28/06/19	18:53:40.118	147	1	0.411000	0.098000	4.4310	4.4530
28/06/19	18:53:40.334	148	1	0.411000	0.102000	4.3960	4.4030
28/06/19	18:53:40.548	149	1	0.425000	0.102000	4.3790	4.3840
28/06/19	18:53:40.713	150	1	0.434000	0.102000	4.3350	4.3650
28/06/19	18:53:40.925	151	1	0.430000	0.104000	4.3210	4.3320
28/06/19	18:53:41.137	152	1	0.430000	0.105000	4.3020	4.3090
28/06/19	18:53:41.350	153	1	0.442000	0.107000	4.2660	4.2930
28/06/19	18:53:41.510	154	1	0.446000	0.107000	4.2410	4.2600
28/06/19	18:53:41.724	155	1	0.451000	0.107000	4.2240	4.2160
28/06/19	18:53:41.937	156	1	0.451000	0.109000	4.1860	4.2050
28/06/19	18:53:42.141	157	1	0.459000	0.109000	4.1430	4.1710
28/06/19	18:53:42.311	158	1	0.458000	0.109000	4.1240	4.1510
28/06/19	18:53:42.523	159	1	0.462000	0.108000	4.1290	4.1210
28/06/19	18:53:42.731	160	1	0.462000	0.114000	4.0900	4.0900
28/06/19	18:53:42.942	161	1	0.481000	0.114000	4.0480	4.0650
28/06/19	18:53:43.148	162	1	0.476000	0.114000	4.0370	4.0420
28/06/19	18:53:43.316	163	1	0.487000	0.112000	4.0010	4.0280
28/06/19	18:53:43.529	164	1	0.487000	0.115000	3.9640	3.9920
28/06/19	18:53:43.743	165	1	0.490000	0.114000	3.9470	3.9670
28/06/19	18:53:43.955	166	1	0.497000	0.114000	3.9170	3.9390
28/06/19	18:53:44.108	167	1	0.499000	0.117000	3.8830	3.9020
28/06/19	18:53:44.318	168	1	0.499000	0.117000	3.8580	3.8880
28/06/19	18:53:44.531	169	1	0.500000	0.118000	3.8270	3.8490
28/06/19	18:53:44.736	170	1	0.506000	0.118000	3.8070	3.8240
28/06/19	18:53:44.945	171	1	0.514000	0.118000	3.7740	3.8070
28/06/19	18:53:45.113	172	1	0.514000	0.120000	3.7650	3.7700
28/06/19	18:53:45.321	173	1	0.515000	0.123000	3.7370	3.7510
28/06/19	18:53:45.527	174	1	0.530000	0.123000	3.7090	3.7170
28/06/19	18:53:45.741	175	1	0.532000	0.123000	3.6560	3.6780
28/06/19	18:53:45.949	176	1	0.532000	0.122000	3.6390	3.6750
28/06/19	18:53:46.116	177	1	0.526000	0.124000	3.6280	3.6300
28/06/19	18:53:46.321	178	1	0.545000	0.124000	3.6030	3.6190
28/06/19	18:53:46.544	179	1	0.550000	0.127000	3.5490	3.5880
28/06/19	18:53:46.714	180	1	0.550000	0.124000	3.5300	3.5660
28/06/19	18:53:46.920	181	1	0.541000	0.126000	3.5050	3.5380
28/06/19	18:53:47.125	182	1	0.553000	0.126000	3.4820	3.4990
28/06/19	18:53:47.333	183	1	0.557000	0.128000	3.4650	3.4990
28/06/19	18:53:47.558	184	1	0.557000	0.131000	3.4350	3.4480
28/06/19	18:53:47.713	185	1	0.567000	0.131000	3.4120	3.4400
28/06/19	18:53:47.920	186	1	0.574000	0.131000	3.4040	3.3950
28/06/19	18:53:48.133	187	1	0.585000	0.133000	3.3510	3.3560
28/06/19	18:53:48.341	188	1	0.585000	0.133000	3.3230	3.3470
28/06/19	18:53:48.550	189	1	0.581000	0.135000	3.2970	3.3280
28/06/19	18:53:48.718	190	1	0.588000	0.135000	3.2750	3.3190
28/06/19	18:53:48.928	191	1	0.594000	0.136000	3.2550	3.2660
28/06/19	18:53:49.146	192	1	0.594000	0.138000	3.2080	3.2380
28/06/19	18:53:49.309	193	1	0.603000	0.137000	3.1990	3.1990
28/06/19	18:53:49.516	194	1	0.607000	0.137000	3.1570	3.2020
28/06/19	18:53:49.727	195	1	0.604000	0.139000	3.1350	3.1680
28/06/19	18:53:49.950	196	1	0.604000	0.139000	3.1070	3.1230
28/06/19	18:53:50.110	197	1	0.610000	0.140000	3.0700	3.1010
28/06/19	18:53:50.322	198	1	0.615000	0.140000	3.0730	3.0700
28/06/19	18:53:50.532	199	1	0.629000	0.140000	3.0230	3.0730
28/06/19	18:53:50.740	200	1	0.629000	0.142000	3.0000	3.0190
28/06/19	18:53:50.909	201	1	0.625000	0.144000	2.9920	3.0000
28/06/19	18:53:51.123	202	1	0.644000	0.144000	2.9580	2.9890
28/06/19	18:53:51.331	203	1	0.641000	0.147000	2.8970	2.9350
28/06/19	18:53:51.539	204	1	0.641000	0.143000	2.8940	2.9240
28/06/19	18:53:51.752	205	1	0.633000	0.147000	2.8710	2.8770
28/06/19	18:53:51.916	206	1	0.651000	0.147000	2.8270	2.8740
28/06/19	18:53:52.126	207	1	0.650000	0.148000	2.8290	2.8370
28/06/19	18:53:52.339	208	1	0.650000	0.152000	2.7820	2.8230
28/06/19	18:53:52.544	209	1	0.664000	0.150000	2.7540	2.7810
28/06/19	18:53:52.709	210	1	0.663000	0.150000	2.7540	2.7420
28/06/19	18:53:52.916	211	1	0.679000	0.151000	2.7120	2.7360
28/06/19	18:53:53.143	212	1	0.679000	0.154000	2.6890	2.7170
28/06/19	18:53:53.341	213	1	0.678000	0.156000	2.6440	2.6750
28/06/19	18:53:53.509	214	1	0.678000	0.156000	2.6420	2.6690
28/06/19	18:53:53.726	215	1	0.693000	0.154000	2.6140	2.6380
28/06/19	18:53:53.938	216	1	0.693000	0.159000	2.5720	2.5800
28/06/19	18:53:54.148	217	1	0.698000	0.157000	2.5380	2.5520
28/06/19	18:53:54.315	218	1	0.697000	0.157000	2.5240	2.5490
28/06/19	18:53:54.520	219	1	0.704000	0.158000	2.4900	2.4930
28/06/19	18:53:54.742	220	1	0.704000	0.159000	2.4620	2.4950
28/06/19	18:53:54.916	221	1	0.706000	0.160000	2.4400	2.4590
28/06/19	18:53:55.124	222	1	0.715000	0.160000	2.4150	2.4420
28/06/19	18:53:55.336	223	1	0.719000	0.162000	2.3840	2.3830
28/06/19	18:53:55.542	224	1	0.719000	0.162000	2.3730	2.3780
28/06/19	18:53:55.743	225	1	0.721000	0.165000	2.3330	2.3580
28/06/19	18:53:55.908	226	1	0.729000	0.165000	2.3250	2.3220
28/06/19	18:53:56.120	227	1	0.743000	0.165000	2.2890	2.2970
28/06/19	18:53:56.328	228	1	0.743000	0.167000	2.2380	2.2600
28/06/19	18:53:56.535	229	1	0.743000	0.165000	2.2210	2.2490
28/06/19	18:53:56.750	230	1	0.743000	0.165000	2.1910	2.2150
28/06/19	18:53:56.916	231	1	0.749000	0.167000	2.1740	2.1960
28/06/19	18:53:57.129	232	1	0.749000	0.170000	2.1340	2.1820
28/06/19	18:53:57.339	233	1	0.757000	0.169000	2.0920	2.1450
28/06/19	18:53:57.549	234	1	0.752000	0.169000	2.0760	2.1140
28/06/19	18:53:57.709	235	1	0.760000	0.168000	2.0620	2.1090
28/06/19	18:53:57.919	236	1	0.760000	0.172000	2.0310	2.0390
28/06/19	18:53:58.128	237	1	0.768000	0.173000	2.0060	2.0250
28/06/19	18:53:58.336	238	1	0.776000	0.173000	1.9860	1.9970
28/06/19	18:53:58.544	239	1	0.782000	0.174000	1.9470	1.9860
28/06/19	18:53:58.712	240	1	0.782000	0.175000	1.9240	1.9660
28/06/19	18:53:58.920	241	1	0.784000	0.176000	1.9160	1.9240
28/06/19	18:53:59.131	242	1	0.799000	0.176000	1.8600	1.8820
28/06/19	18:53:59.338	243	1	0.791000	0.179000	1.8510	1.8570
28/06/19	18:53:59.546	244	1	0.791000	0.179000	1.8320	1.8510
28/06/19	18:53:59.713	245	1	0.801000	0.181000	1.8040	1.8290
28/06/19	18:53:59.924	246	1	0.813000	0.181000	1.7530	1.8090
28/06/19	18:54:00.137	247	1	0.808000	0.182000	1.7310	1.7590
28/06/19	18:54:00.344	248	1	0.808000	0.181000	1.6830	1.7360
28/06/19	18:54:00.505	249	1	0.815000	0.181000	1.6860	1.7220
28/06/19	18:54:00.713	250	1	0.824000	0.179000	1.6530	1.6800
28/06/19	18:54:00.922	251	1	0.824000	0.184000	1.6470	1.6520
28/06/19	18:54:01.135	252	1	0.826000	0.187000	1.6020	1.6440
28/06/19	18:54:01.340	253	1	0.836000	0.186000	1.5960	1.5900
28/06/19	18:54:01.509	254	1	0.847000	0.186000	1.5600	1.5990
28/06/19	18:54:01.718	255	1	0.847000	0.189000	1.5350	1.5650
28/06/19	18:54:01.932	256	1	0.848000	0.190000	1.4960	1.5180
28/06/19	18:54:02.140	257	1	0.851000	0.189000	1.4760	1.4760
28/06/19	18:54:02.347	258	1	0.857000	0.189000	1.4510	1.4760
28/06/19	18:54:02.515	259	1	0.857000	0.191000	1.4310	1.4620
28/06/19	18:54:02.729	260	1	0.862000	0.194000	1.3920	1.4170
28/06/19	18:54:02.942	261	1	0.868000	0.193000	1.3720	1.3860
28/06/19	18:54:03.149	262	1	0.875000	0.193000	1.3470	1.3720
28/06/19	18:54:03.309	263	1	0.875000	0.195000	1.3390	1.3470
28/06/19	18:54:03.525	264	1	0.880000	0.198000	1.2830	1.3130
28/06/19	18:54:03.734	265	1	0.882000	0.196000	1.2600	1.2630
28/06/19	18:54:03.939	266	1	0.887000	0.196000	1.2270	1.2680
28/06/19	18:54:04.110	267	1	0.887000	0.197000	1.1960	1.2150
28/06/19	18:54:04.320	268	1	0.889000	0.198000	1.1650	1.1840
28/06/19	18:54:04.535	269	1	0.894000	0.198000	1.1510	1.1670
28/06/19	18:54:04.743	270	1	0.902000	0.198000	1.1290	1.1420
28/06/19	18:54:04.916	271	1	0.902000	0.200000	1.1030	1.1230
28/06/19	18:54:05.122	272	1	0.910000	0.203000	1.0610	1.0940
28/06/19	18:54:05.336	273	1	0.913000	0.202000	1.0360	1.0580
28/06/19	18:54:05.551	274	1	0.916000	0.202000	1.0020	1.0380
28/06/19	18:54:05.706	275	1	0.916000	0.203000	1.0220	1.0360
28/06/19	18:54:05.935	276	1	0.919000	0.209000	0.9550	0.9850
28/06/19	18:54:06.129	277	1	0.930000	0.205000	0.9460	0.9740
28/06/19	18:54:06.341	278	1	0.938000	0.205000	0.8930	0.9400
28/06/19	18:54:06.507	279	1	0.938000	0.207000	0.8790	0.9100
28/06/19	18:54:06.720	280	1	0.935000	0.208000	0.8460	0.8730
28/06/19	18:54:06.928	281	1	0.942000	0.208000	0.8340	0.8510
28/06/19	18:54:07.142	282	1	0.953000	0.208000	0.8040	0.8400
28/06/19	18:54:07.316	283	1	0.953000	0.211000	0.7670	0.8030
28/06/19	18:54:07.525	284	1	0.954000	0.211000	0.7390	0.7690
28/06/19	18:54:07.737	285	1	0.959000	0.212000	0.7420	0.7500
28/06/19	18:54:07.945	286	1	0.975000	0.212000	0.6910	0.7160
28/06/19	18:54:08.105	287	1	0.975000	0.215000	0.6910	0.7020
28/06/19	18:54:08.314	288	1	0.969000	0.217000	0.6550	0.6490
28/06/19	18:54:08.540	289	1	0.984000	0.218000	0.6270	0.6350
28/06/19	18:54:08.737	290	1	0.986000	0.218000	0.5770	0.5960
28/06/19	18:54:08.944	291	1	0.981000	0.217000	0.5570	0.5820
28/06/19	18:54:09.111	292	1	0.981000	0.217000	0.5290	0.5650
28/06/19	18:54:09.318	293	1	0.991000	0.217000	0.5150	0.5120
28/06/19	18:54:09.532	294	1	1.000000	0.218000	0.4730	0.4920
28/06/19	18:54:09.738	295	1	0.998000	0.220000	0.4480	0.4780
28/06/19	18:54:09.951	296	1	0.998000	0.220000	0.4140	0.4360
28/06/19	18:54:10.115	297	1	1.003000	0.220000	0.4000	0.4080
28/06/19	18:54:10.328	298	1	1.015000	0.220000	0.3610	0.3910
28/06/19	18:54:10.543	299	1	1.014000	0.222000	0.3440	0.3690
28/06/19	18:54:10.754	300	1	1.014000	0.225000	0.3160	0.3300
28/06/19	18:54:10.910	301	1	1.020000	0.225000	0.2960	0.3300
28/06/19	18:54:11.118	302	1	1.030000	0.225000	0.2630	0.2820
28/06/19	18:54:11.325	303	1	1.030000	0.226000	0.2520	0.2540
28/06/19	18:54:11.535	304	1	1.032000	0.229000	0.2090	0.2200
28/06/19	18:54:11.742	305	1	1.043000	0.229000	0.1790	0.2120
28/06/19	18:54:11.910	306	1	1.042000	0.229000	0.1730	0.1920
28/06/19	18:54:12.117	307	1	1.042000	0.233000	0.1390	0.1530
28/06/19	18:54:12.329	308	1	1.057000	0.233000	0.1000	0.1310
28/06/19	18:54:12.538	309	1	1.055000	0.231000	0.0780	0.0970
28/06/19	18:54:12.743	310	1	1.059000	0.231000	0.0530	0.0550
28/06/19	18:54:12.915	311	1	1.059000	0.233000	0.0190	0.0440
28/06/19	18:54:13.129	312	1	1.065000	0.234000	-0.0150	-0.0010
28/06/19	18:54:13.338	313	1	1.067000	0.234000	-0.0200	-0.0180
28/06/19	18:54:13.544	314	1	1.081000	0.234000	-0.0850	-0.0540
28/06/19	18:54:13.710	315	1	1.081000	0.238000	-0.0650	-0.0540
28/06/19	18:54:13.916	316	1	1.069000	0.240000	-0.1160	-0.0990
28/06/19	18:54:14.125	317	1	1.086000	0.238000	-0.1460	-0.1330
28/06/19	18:54:14.335	318	1	1.089000	0.238000	-0.1440	-0.1410
28/06/19	18:54:14.561	319	1	1.103000	0.240000	-0.1910	-0.1940
28/06/19	18:54:14.711	320	1	1.103000	0.242000	-0.2080	-0.2000
28/06/19	18:54:14.924	321	1	1.109000	0.244000	-0.2250	-0.2170
28/06/19	18:54:15.133	322	1	1.118000	0.244000	-0.2810	-0.2530
28/06/19	18:54:15.347	323	1	1.110000	0.244000	-0.2890	-0.2760
28/06/19	18:54:15.515	324	1	1.110000	0.246000	-0.3230	-0.2870
28/06/19	18:54:15.724	325	1	1.121000	0.245000	-0.3710	-0.3290
28/06/19	18:54:15.937	326	1	1.115000	0.245000	-0.3710	-0.3630
28/06/19	18:54:16.150	327	1	1.130000	0.245000	-0.4210	-0.3960
28/06/19	18:54:16.312	328	1	1.130000	0.245000	-0.4130	-0.3960
28/06/19	18:54:16.518	329	1	1.141000	0.245000	-0.4600	-0.4240
28/06/19	18:54:16.727	330	1	1.139000	0.250000	-0.4770	-0.4770
28/06/19	18:54:16.935	331	1	1.149000	0.252000	-0.5130	-0.4890
28/06/19	18:54:17.144	332	1	1.149000	0.250000	-0.5410	-0.5250
28/06/19	18:54:17.307	333	1	1.146000	0.250000	-0.5580	-0.5360
28/06/19	18:54:17.521	334	1	1.157000	0.251000	-0.5810	-0.5560
28/06/19	18:54:17.732	335	1	1.162000	0.254000	-0.6030	-0.6090
28/06/19	18:54:17.943	336	1	1.162000	0.256000	-0.6310	-0.6150
28/06/19	18:54:18.114	337	1	1.171000	0.256000	-0.6590	-0.6430
28/06/19	18:54:18.331	338	1	1.176000	0.257000	-0.7040	-0.6650
28/06/19	18:54:18.536	339	1	1.174000	0.256000	-0.7180	-0.7020
28/06/19	18:54:18.744	340	1	1.174000	0.258000	-0.7660	-0.7410
28/06/19	18:54:18.955	341	1	1.182000	0.256000	-0.7880	-0.7740
28/06/19	18:54:19.107	342	1	1.183000	0.256000	-0.8100	-0.7740
28/06/19	18:54:19.326	343	1	1.183000	0.259000	-0.8360	-0.8220
28/06/19	18:54:19.534	344	1	1.188000	0.260000	-0.8720	-0.8250
28/06/19	18:54:19.744	345	1	1.193000	0.260000	-0.9030	-0.8640
28/06/19	18:54:19.909	346	1	1.194000	0.260000	-0.9250	-0.8870
28/06/19	18:54:20.117	347	1	1.194000	0.262000	-0.9230	-0.9200
28/06/19	18:54:20.328	348	1	1.202000	0.266000	-0.9590	-0.9430
28/06/19	18:54:20.537	349	1	1.216000	0.266000	-0.9760	-0.9510
28/06/19	18:54:20.744	350	1	1.225000	0.266000	-1.0040	-0.9790
28/06/19	18:54:20.911	351	1	1.225000	0.268000	-1.0350	-1.0180
28/06/19	18:54:21.128	352	1	1.227000	0.269000	-1.0770	-1.0490
28/06/19	18:54:21.338	353	1	1.228000	0.268000	-1.1020	-1.0660
28/06/19	18:54:21.545	354	1	1.233000	0.268000	-1.1270	-1.0830
28/06/19	18:54:21.706	355	1	1.233000	0.269000	-1.1350	-1.1130
28/06/19	18:54:21.933	356	1	1.237000	0.273000	-1.1610	-1.1300
28/06/19	18:54:22.132	357	1	1.250000	0.274000	-1.2060	-1.2000
28/06/19	18:54:22.340	358	1	1.248000	0.274000	-1.2340	-1.2120
28/06/19	18:54:22.507	359	1	1.248000	0.272000	-1.2450	-1.2310
28/06/19	18:54:22.721	360	1	1.253000	0.276000	-1.2840	-1.2450
28/06/19	18:54:22.933	361	1	1.260000	0.275000	-1.3060	-1.2820
28/06/19	18:54:23.148	362	1	1.270000	0.275000	-1.3150	-1.3240
28/06/19	18:54:23.315	363	1	1.270000	0.277000	-1.3620	-1.3400
28/06/19	18:54:23.528	364	1	1.282000	0.278000	-1.3760	-1.3600
28/06/19	18:54:23.733	365	1	1.283000	0.280000	-1.4070	-1.4020
28/06/19	18:54:23.945	366	1	1.288000	0.280000	-1.4660	-1.4330
28/06/19	18:54:24.105	367	1	1.288000	0.281000	-1.4610	-1.4270
28/06/19	18:54:24.317	368	1	1.275000	0.282000	-1.4940	-1.4690
28/06/19	18:54:24.523	369	1	1.294000	0.282000	-1.5030	-1.4890
28/06/19	18:54:24.748	370	1	1.306000	0.282000	-1.5640	-1.5170
28/06/19	18:54:24.906	371	1	1.306000	0.285000	-1.5750	-1.5390
28/06/19	18:54:25.117	372	1	1.297000	0.285000	-1.6010	-1.5840
28/06/19	18:54:25.325	373	1	1.312000	0.286000	-1.6200	-1.6150
28/06/19	18:54:25.539	374	1	1.317000	0.286000	-1.6310	-1.6180
28/06/19	18:54:25.746	375	1	1.328000	0.287000	-1.6850	-1.6570
28/06/19	18:54:25.913	376	1	1.328000	0.288000	-1.7040	-1.6710
28/06/19	18:54:26.126	377	1	1.330000	0.290000	-1.7290	-1.7270
28/06/19	18:54:26.338	378	1	1.334000	0.290000	-1.7320	-1.7440
28/06/19	18:54:26.541	379	1	1.345000	0.292000	-1.7800	-1.7550
28/06/19	18:54:26.709	380	1	1.345000	0.293000	-1.8110	-1.7720
28/06/19	18:54:26.928	381	1	1.344000	0.292000	-1.8420	-1.7890
28/06/19	18:54:27.129	382	1	1.347000	0.292000	-1.8440	-1.8220
28/06/19	18:54:27.354	383	1	1.361000	0.297000	-1.8840	-1.8620
28/06/19	18:54:27.506	384	1	1.361000	0.296000	-1.9000	-1.8870
28/06/19	18:54:27.721	385	1	1.366000	0.298000	-1.9420	-1.9200
28/06/19	18:54:27.933	386	1	1.364000	0.298000	-1.9680	-1.9480
28/06/19	18:54:28.146	387	1	1.369000	0.297000	-1.9790	-1.9650
28/06/19	18:54:28.312	388	1	1.369000	0.301000	-2.0010	-2.0100
28/06/19	18:54:28.526	389	1	1.386000	0.303000	-2.0550	-2.0160
28/06/19	18:54:28.738	390	1	1.379000	0.303000	-2.0740	-2.0580
28/06/19	18:54:28.951	391	1	1.387000	0.301000	-2.0910	-2.0690
28/06/19	18:54:29.114	392	1	1.387000	0.304000	-2.1110	-2.1080
28/06/19	18:54:29.321	393	1	1.400000	0.305000	-2.1410	-2.1190
28/06/19	18:54:29.529	394	1	1.403000	0.305000	-2.1860	-2.1640
28/06/19	18:54:29.738	395	1	1.398000	0.305000	-2.2060	-2.1730
28/06/19	18:54:29.906	396	1	1.398000	0.306000	-2.2340	-2.1980
28/06/19	18:54:30.115	397	1	1.409000	0.306000	-2.2650	-2.2200
28/06/19	18:54:30.325	398	1	1.411000	0.306000	-2.2760	-2.2620
28/06/19	18:54:30.533	399	1	1.423000	0.310000	-2.3010	-2.2900
28/06/19	18:54:30.748	400	1	1.423000	0.311000	-2.3350	-2.3040
28/06/19	18:54:30.915	401	1	1.427000	0.311000	-2.3660	-2.3520
28/06/19	18:54:31.129	402	1	1.428000	0.310000	-2.3880	-2.3580
28/06/19	18:54:31.340	403	1	1.436000	0.311000	-2.4330	-2.3940
28/06/19	18:54:31.545	404	1	1.436000	0.311000	-2.4240	-2.4250
28/06/19	18:54:31.707	405	1	1.432000	0.311000	-2.4550	-2.4530
28/06/19	18:54:31.916	406	1	1.453000	0.315000	-2.4860	-2.4700
28/06/19	18:54:32.123	407	1	1.455000	0.317000	-2.5420	-2.4890
28/06/19	18:54:32.350	408	1	1.455000	0.313000	-2.5450	-2.5170
28/06/19	18:54:32.507	409	1	1.447000	0.313000	-2.5620	-2.5260
28/06/19	18:54:32.720	410	1	1.468000	0.317000	-2.6210	-2.5620
28/06/19	18:54:32.927	411	1	1.460000	0.317000	-2.6320	-2.5870
28/06/19	18:54:33.140	412	1	1.460000	0.320000	-2.6440	-2.6300
28/06/19	18:54:33.313	413	1	1.470000	0.320000	-2.6800	-2.6520
28/06/19	18:54:33.527	414	1	1.478000	0.321000	-2.6920	-2.6780
28/06/19	18:54:33.738	415	1	1.489000	0.324000	-2.7290	-2.7090
28/06/19	18:54:33.945	416	1	1.489000	0.323000	-2.7540	-2.7430
28/06/19	18:54:34.106	417	1	1.488000	0.323000	-2.7850	-2.7430
28/06/19	18:54:34.315	418	1	1.496000	0.324000	-2.7990	-2.7860
28/06/19	18:54:34.525	419	1	1.505000	0.327000	-2.8140	-2.8060
28/06/19	18:54:34.732	420	1	1.505000	0.329000	-2.8530	-2.8310
28/06/19	18:54:34.957	421	1	1.512000	0.329000	-2.8870	-2.8760
28/06/19	18:54:35.106	422	1	1.514000	0.329000	-2.9210	-2.8880
28/06/19	18:54:35.322	423	1	1.514000	0.330000	-2.9330	-2.9220
28/06/19	18:54:35.532	424	1	1.516000	0.331000	-2.9780	-2.9300
28/06/19	18:54:35.739	425	1	1.524000	0.330000	-2.9920	-2.9700
28/06/19	18:54:35.913	426	1	1.528000	0.330000	-3.0230	-2.9930
28/06/19	18:54:36.126	427	1	1.530000	0.332000	-3.0320	-3.0150
28/06/19	18:54:36.337	428	1	1.530000	0.336000	-3.0860	-3.0320
28/06/19	18:54:36.549	429	1	1.542000	0.333000	-3.1030	-3.0660
28/06/19	18:54:36.707	430	1	1.543000	0.333000	-3.1400	-3.1030
28/06/19	18:54:36.918	431	1	1.543000	0.335000	-3.1450	-3.1260
28/06/19	18:54:37.127	432	1	1.545000	0.338000	-3.1850	-3.1430
28/06/19	18:54:37.343	433	1	1.553000	0.337000	-3.1960	-3.1880
28/06/19	18:54:37.506	434	1	1.563000	0.337000	-3.2220	-3.1990
28/06/19	18:54:37.720	435	1	1.563000	0.341000	-3.2590	-3.2250
28/06/19	18:54:37.933	436	1	1.568000	0.341000	-3.2930	-3.2700
28/06/19	18:54:38.148	437	1	1.570000	0.341000	-3.2950	-3.2790
28/06/19	18:54:38.314	438	1	1.581000	0.341000	-3.3120	-3.3010
28/06/19	18:54:38.530	439	1	1.593000	0.347000	-3.3410	-3.3210
28/06/19	18:54:38.736	440	1	1.593000	0.347000	-3.3800	-3.3720
28/06/19	18:54:38.946	441	1	1.594000	0.345000	-3.4060	-3.4030
28/06/19	18:54:39.106	442	1	1.597000	0.345000	-3.4400	-3.4120
28/06/19	18:54:39.314	443	1	1.597000	0.347000	-3.4680	-3.4460
28/06/19	18:54:39.523	444	1	1.598000	0.348000	-3.4990	-3.4630
28/06/19	18:54:39.731	445	1	1.603000	0.348000	-3.5250	-3.5030
28/06/19	18:54:39.942	446	1	1.606000	0.348000	-3.5450	-3.5310
28/06/19	18:54:40.109	447	1	1.606000	0.349000	-3.5790	-3.5420
28/06/19	18:54:40.320	448	1	1.615000	0.351000	-3.5930	-3.5680
28/06/19	18:54:40.530	449	1	1.622000	0.353000	-3.6130	-3.5960
28/06/19	18:54:40.738	450	1	1.632000	0.353000	-3.6520	-3.6330
28/06/19	18:54:40.947	451	1	1.631000	0.355000	-3.6780	-3.6390
28/06/19	18:54:41.112	452	1	1.631000	0.355000	-3.7060	-3.6700
28/06/19	18:54:41.326	453	1	1.639000	0.356000	-3.7230	-3.7120
28/06/19	18:54:41.534	454	1	1.646000	0.356000	-3.7660	-3.7270
28/06/19	18:54:41.744	455	1	1.644000	0.357000	-3.7770	-3.7690
28/06/19	18:54:41.904	456	1	1.644000	0.359000	-3.7970	-3.7970
28/06/19	18:54:42.114	457	1	1.660000	0.359000	-3.8540	-3.7970
28/06/19	18:54:42.322	458	1	1.652000	0.361000	-3.8730	-3.8430
28/06/19	18:54:42.547	459	1	1.659000	0.360000	-3.8730	-3.8680
28/06/19	18:54:42.751	460	1	1.659000	0.364000	-3.9240	-3.8880
28/06/19	18:54:42.905	461	1	1.675000	0.364000	-3.9240	-3.9140
28/06/19	18:54:43.120	462	1	1.681000	0.362000	-3.9580	-3.9500
28/06/19	18:54:43.328	463	1	1.684000	0.366000	-4.0010	-3.9730
28/06/19	18:54:43.538	464	1	1.684000	0.365000	-4.0120	-3.9900
28/06/19	18:54:43.745	465	1	1.681000	0.368000	-4.0380	-4.0240
28/06/19	18:54:43.913	466	1	1.697000	0.368000	-4.0660	-4.0550
28/06/19	18:54:44.122	467	1	1.699000	0.369000	-4.0950	-4.0810
28/06/19	18:54:44.332	468	1	1.699000	0.370000	-4.1230	-4.1030
28/06/19	18:54:44.550	469	1	1.704000	0.370000	-4.1600	-4.1320
28/06/19	18:54:44.707	470	1	1.705000	0.370000	-4.1540	-4.1540
28/06/19	18:54:44.933	471	1	1.722000	0.375000	-4.2140	-4.1970
28/06/19	18:54:45.137	472	1	1.722000	0.372000	-4.2360	-4.1880
28/06/19	18:54:45.337	473	1	1.715000	0.373000	-4.2650	-4.2170
28/06/19	18:54:45.510	474	1	1.723000	0.373000	-4.2700	-4.2540
28/06/19	18:54:45.715	475	1	1.723000	0.377000	-4.2900	-4.2880
28/06/19	18:54:45.929	476	1	1.733000	0.379000	-4.3670	-4.3160
28/06/19	18:54:46.140	477	1	1.738000	0.373000	-4.3750	-4.3270
28/06/19	18:54:46.313	478	1	1.736000	0.373000	-4.3890	-4.3640
28/06/19	18:54:46.528	479	1	1.745000	0.379000	-4.4060	-4.3950
28/06/19	18:54:46.735	480	1	1.745000	0.381000	-4.4320	-4.4180
28/06/19	18:54:46.943	481	1	1.751000	0.381000	-4.4740	-4.4090
28/06/19	18:54:47.154	482	1	1.753000	0.381000	-4.4800	-4.4720
28/06/19	18:54:47.310	483	1	1.753000	0.380000	-4.4940	-4.4940
28/06/19	18:54:47.522	484	1	1.765000	0.386000	-4.5620	-4.5310
28/06/19	18:54:47.731	485	1	1.762000	0.381000	-4.5930	-4.5370
28/06/19	18:54:47.945	486	1	1.766000	0.381000	-4.5880	-4.5740
28/06/19	18:54:48.107	487	1	1.766000	0.383000	-4.5930	-4.5910
28/06/19	18:54:48.319	488	1	1.783000	0.390000	-4.6610	-4.6160
28/06/19	18:54:48.531	489	1	1.784000	0.387000	-4.6580	-4.6500
28/06/19	18:54:48.737	490	1	1.795000	0.387000	-4.7090	-4.6670
28/06/19	18:54:48.911	491	1	1.795000	0.390000	-4.7260	-4.6840
28/06/19	18:54:49.121	492	1	1.790000	0.390000	-4.7430	-4.7100
28/06/19	18:54:49.337	493	1	1.803000	0.392000	-4.7800	-4.7610
28/06/19	18:54:49.512	494	1	1.807000	0.392000	-4.8030	-4.7810
28/06/19	18:54:49.721	495	1	1.811000	0.393000	-4.8450	-4.8150
28/06/19	18:54:49.939	496	1	1.811000	0.392000	-4.8540	-4.8430
28/06/19	18:54:50.143	497	1	1.809000	0.395000	-4.8940	-4.8600
28/06/19	18:54:50.310	498	1	1.819000	0.395000	-4.9050	-4.9000
28/06/19	18:54:50.518	499	1	1.819000	0.397000	-4.9280	-4.9140
28/06/19	18:54:50.728	500	1	1.828000	0.398000	-4.9500	-4.9280
28/06/19	18:54:50.939	501	1	1.835000	0.400000	-4.9870	-4.9560
28/06/19	18:54:51.106	502	1	1.838000	0.400000	-5.0180	-4.9960
28/06/19	18:54:51.322	503	1	1.843000	0.400000	-5.0240	-5.0330
28/06/19	18:54:51.536	504	1	1.843000	0.403000	-5.0720	-5.0360
28/06/19	18:54:51.710	505	1	1.855000	0.403000	-5.0830	-5.0730
28/06/19	18:54:51.925	506	1	1.860000	0.401000	-5.1060	-5.0750
28/06/19	18:54:52.138	507	1	1.863000	0.405000	-5.1400	-5.1180
28/06/19	18:54:52.344	508	1	1.863000	0.405000	-5.1740	-5.1520
28/06/19	18:54:52.504	509	1	1.866000	0.405000	-5.1940	-5.1720
28/06/19	18:54:52.721	510	1	1.873000	0.405000	-5.2250	-5.2000
28/06/19	18:54:52.930	511	1	1.875000	0.407000	-5.2480	-5.2170
28/06/19	18:54:53.140	512	1	1.875000	0.408000	-5.2730	-5.2450
28/06/19	18:54:53.305	513	1	1.880000	0.408000	-5.2900	-5.2850
28/06/19	18:54:53.513	514	1	1.895000	0.410000	-5.3240	-5.2960
28/06/19	18:54:53.728	515	1	1.897000	0.412000	-5.3410	-5.3330
28/06/19	18:54:53.941	516	1	1.897000	0.414000	-5.3670	-5.3560
28/06/19	18:54:54.113	517	1	1.905000	0.414000	-5.3980	-5.3730
28/06/19	18:54:54.322	518	1	1.910000	0.415000	-5.4430	-5.3960
28/06/19	18:54:54.529	519	1	1.905000	0.413000	-5.4600	-5.4300
28/06/19	18:54:54.740	520	1	1.905000	0.415000	-5.4890	-5.4550
28/06/19	18:54:54.906	521	1	1.913000	0.415000	-5.4940	-5.4860
28/06/19	18:54:55.131	522	1	1.930000	0.416000	-5.5430	-5.5090
28/06/19	18:54:55.332	523	1	1.927000	0.420000	-5.5770	-5.5370
28/06/19	18:54:55.536	524	1	1.927000	0.417000	-5.6020	-5.5690
28/06/19	18:54:55.709	525	1	1.924000	0.417000	-5.6080	-5.5970
28/06/19	18:54:55.917	526	1	1.942000	0.419000	-5.6250	-5.6220
28/06/19	18:54:56.128	527	1	1.950000	0.424000	-5.6810	-5.6540
28/06/19	18:54:56.335	528	1	1.950000	0.421000	-5.7130	-5.6760
28/06/19	18:54:56.548	529	1	1.941000	0.421000	-5.7150	-5.7100
28/06/19	18:54:56.716	530	1	1.955000	0.421000	-5.7380	-5.7070
28/06/19	18:54:56.924	531	1	1.965000	0.427000	-5.7580	-5.7220
28/06/19	18:54:57.134	532	1	1.965000	0.428000	-5.7860	-5.7610
28/06/19	18:54:57.341	533	1	1.969000	0.429000	-5.8200	-5.7900
28/06/19	18:54:57.506	534	1	1.972000	0.429000	-5.8290	-5.8070
28/06/19	18:54:57.715	535	1	1.972000	0.432000	-5.8680	-5.8430
28/06/19	18:54:57.928	536	1	1.985000	0.431000	-5.8910	-5.8720
28/06/19	18:54:58.132	537	1	1.986000	0.433000	-5.9170	-5.8920
28/06/19	18:54:58.339	538	1	1.991000	0.433000	-5.9280	-5.9140
28/06/19	18:54:58.507	539	1	1.991000	0.433000	-5.9510	-5.9570
28/06/19	18:54:58.712	540	1	2.001000	0.437000	-5.9960	-5.9880
28/06/19	18:54:58.925	541	1	2.004000	0.436000	-6.0160	-5.9910
28/06/19	18:54:59.138	542	1	2.012000	0.436000	-6.0550	-6.0110
28/06/19	18:54:59.311	543	1	2.012000	0.438000	-6.0640	-6.0670
28/06/19	18:54:59.524	544	1	2.009000	0.439000	-6.1180	-6.0840
28/06/19	18:54:59.736	545	1	2.021000	0.438000	-6.1230	-6.1180
28/06/19	18:54:59.950	546	1	2.026000	0.438000	-6.1580	-6.1210
28/06/19	18:55:00.105	547	1	2.026000	0.440000	-6.1660	-6.1550
28/06/19	18:55:00.330	548	1	2.027000	0.444000	-6.1970	-6.1890
28/06/19	18:55:00.531	549	1	2.039000	0.444000	-6.2370	-6.2120
28/06/19	18:55:00.738	550	1	2.040000	0.443000	-6.2770	-6.2460
28/06/19	18:55:00.904	551	1	2.040000	0.442000	-6.2910	-6.2570
28/06/19	18:55:01.120	552	1	2.039000	0.445000	-6.3110	-6.2910
28/06/19	18:55:01.327	553	1	2.053000	0.445000	-6.3470	-6.3050
28/06/19	18:55:01.534	554	1	2.055000	0.447000	-6.3640	-6.3310
28/06/19	18:55:01.749	555	1	2.063000	0.448000	-6.4010	-6.3590
28/06/19	18:55:01.910	556	1	2.063000	0.447000	-6.4100	-6.3760
28/06/19	18:55:02.116	557	1	2.070000	0.447000	-6.4270	-6.3930
28/06/19	18:55:02.327	558	1	2.078000	0.451000	-6.4550	-6.4360
28/06/19	18:55:02.529	559	1	2.078000	0.453000	-6.4860	-6.4580
28/06/19	18:55:02.741	560	1	2.084000	0.453000	-6.5120	-6.4780
28/06/19	18:55:02.908	561	1	2.088000	0.453000	-6.5490	-6.5150
28/06/19	18:55:03.118	562	1	2.090000	0.454000	-6.5490	-6.5430
28/06/19	18:55:03.325	563	1	2.090000	0.458000	-6.5630	-6.5520
28/06/19	18:55:03.534	564	1	2.105000	0.460000	-6.6360	-6.5860
28/06/19	18:55:03.747	565	1	2.097000	0.455000	-6.6220	-6.5920
28/06/19	18:55:03.912	566	1	2.118000	0.455000	-6.6620	-6.6480
28/06/19	18:55:04.127	567	1	2.118000	0.462000	-6.7100	-6.6740
28/06/19	18:55:04.337	568	1	2.120000	0.459000	-6.6990	-6.6850
28/06/19	18:55:04.548	569	1	2.129000	0.464000	-6.7380	-6.7220
28/06/19	18:55:04.711	570	1	2.132000	0.464000	-6.7750	-6.7300
28/06/19	18:55:04.915	571	1	2.132000	0.463000	-6.7920	-6.7790
28/06/19	18:55:05.124	572	1	2.130000	0.465000	-6.8210	-6.7900
28/06/19	18:55:05.333	573	1	2.142000	0.465000	-6.8570	-6.8320
28/06/19	18:55:05.507	574	1	2.140000	0.466000	-6.8690	-6.8640
28/06/19	18:55:05.717	575	1	2.140000	0.468000	-6.9000	-6.8860
28/06/19	18:55:05.928	576	1	2.152000	0.469000	-6.9310	-6.9090
28/06/19	18:55:06.135	577	1	2.156000	0.469000	-6.9510	-6.9200
28/06/19	18:55:06.343	578	1	2.161000	0.470000	-6.9880	-6.9400
28/06/19	18:55:06.509	579	1	2.161000	0.470000	-7.0020	-6.9710
28/06/19	18:55:06.721	580	1	2.163000	0.472000	-7.0360	-7.0050
28/06/19	18:55:06.932	581	1	2.169000	0.472000	-7.0470	-7.0280
28/06/19	18:55:07.146	582	1	2.182000	0.473000	-7.0700	-7.0730
28/06/19	18:55:07.305	583	1	2.182000	0.476000	-7.1100	-7.0760
28/06/19	18:55:07.513	584	1	2.186000	0.476000	-7.1320	-7.1020
28/06/19	18:55:07.730	585	1	2.192000	0.476000	-7.1610	-7.1380
28/06/19	18:55:07.938	586	1	2.197000	0.477000	-7.1810	-7.1470
28/06/19	18:55:08.105	587	1	2.197000	0.479000	-7.2000	-7.1810
28/06/19	18:55:08.321	588	1	2.201000	0.481000	-7.2260	-7.2290
28/06/19	18:55:08.534	589	1	2.212000	0.481000	-7.2660	-7.2320
28/06/19	18:55:08.741	590	1	2.210000	0.482000	-7.2940	-7.2740
28/06/19	18:55:08.911	591	1	2.210000	0.482000	-7.3220	-7.2630
28/06/19	18:55:09.123	592	1	2.215000	0.482000	-7.3360	-7.3080
28/06/19	18:55:09.331	593	1	2.226000	0.482000	-7.3680	-7.3370
28/06/19	18:55:09.541	594	1	2.228000	0.485000	-7.3820	-7.3650
28/06/19	18:55:09.753	595	1	2.239000	0.488000	-7.4130	-7.3880
28/06/19	18:55:09.906	596	1	2.239000	0.488000	-7.4410	-7.4020
28/06/19	18:55:10.119	597	1	2.244000	0.488000	-7.4550	-7.4250
28/06/19	18:55:10.332	598	1	2.252000	0.489000	-7.4720	-7.4610
28/06/19	18:55:10.538	599	1	2.252000	0.493000	-7.5010	-7.4900
28/06/19	18:55:10.705	600	1	2.260000	0.494000	-7.5550	-7.5040
28/06/19	18:55:10.915	601	1	2.255000	0.494000	-7.5740	-7.5270
28/06/19	18:55:11.128	602	1	2.263000	0.491000	-7.5860	-7.5690
28/06/19	18:55:11.338	603	1	2.263000	0.495000	-7.6230	-7.6060
28/06/19	18:55:11.545	604	1	2.270000	0.495000	-7.6510	-7.6370
28/06/19	18:55:11.711	605	1	2.275000	0.495000	-7.6820	-7.6320
28/06/19	18:55:11.922	606	1	2.276000	0.496000	-7.6880	-7.6630
28/06/19	18:55:12.138	607	1	2.276000	0.499000	-7.7330	-7.7050
28/06/19	18:55:12.309	608	1	2.288000	0.498000	-7.7360	-7.7170
28/06/19	18:55:12.521	609	1	2.300000	0.498000	-7.7560	-7.7280
28/06/19	18:55:12.722	610	1	2.303000	0.502000	-7.7810	-7.7700
28/06/19	18:55:12.930	611	1	2.303000	0.505000	-7.8180	-7.7930
28/06/19	18:55:13.138	612	1	2.312000	0.504000	-7.8630	-7.8190
28/06/19	18:55:13.304	613	1	2.307000	0.504000	-7.8610	-7.8500
28/06/19	18:55:13.519	614	1	2.323000	0.503000	-7.8830	-7.8700
28/06/19	18:55:13.725	615	1	2.323000	0.509000	-7.9310	-7.8870
28/06/19	18:55:13.940	616	1	2.331000	0.507000	-7.9480	-7.9260
28/06/19	18:55:14.109	617	1	2.332000	0.507000	-7.9740	-7.9320
28/06/19	18:55:14.322	618	1	2.337000	0.509000	-8.0050	-7.9660
28/06/19	18:55:14.532	619	1	2.337000	0.510000	-8.0560	-7.9860
28/06/19	18:55:14.741	620	1	2.339000	0.508000	-8.0620	-8.0340
28/06/19	18:55:14.949	621	1	2.342000	0.511000	-8.0930	-8.0510
28/06/19	18:55:15.103	622	1	2.344000	0.511000	-8.1100	-8.0620
28/06/19	18:55:15.312	623	1	2.344000	0.514000	-8.1210	-8.1020
28/06/19	18:55:15.521	624	1	2.355000	0.516000	-8.1550	-8.1420
28/06/19	18:55:15.736	625	1	2.364000	0.516000	-8.1870	-8.1730
28/06/19	18:55:15.945	626	1	2.365000	0.516000	-8.1980	-8.1780
28/06/19	18:55:16.106	627	1	2.365000	0.519000	-8.2260	-8.2010
28/06/19	18:55:16.322	628	1	2.377000	0.520000	-8.2690	-8.2350
28/06/19	18:55:16.530	629	1	2.378000	0.520000	-8.2860	-8.2520
28/06/19	18:55:16.739	630	1	2.386000	0.519000	-8.3170	-8.2580
28/06/19	18:55:16.916	631	1	2.386000	0.521000	-8.3370	-8.3090
28/06/19	18:55:17.126	632	1	2.388000	0.523000	-8.3400	-8.3430
28/06/19	18:55:17.339	633	1	2.406000	0.523000	-8.3760	-8.3630
28/06/19	18:55:17.550	634	1	2.406000	0.527000	-8.4080	-8.3850
28/06/19	18:55:17.706	635	1	2.406000	0.526000	-8.4190	-8.4110
28/06/19	18:55:17.917	636	1	2.408000	0.529000	-8.4500	-8.4420
28/06/19	18:55:18.122	637	1	2.422000	0.529000	-8.4950	-8.4840
28/06/19	18:55:18.350	638	1	2.418000	0.530000	-8.5270	-8.4730
28/06/19	18:55:18.504	639	1	2.418000	0.528000	-8.5270	-8.5210
28/06/19	18:55:18.718	640	1	2.419000	0.532000	-8.5660	-8.5330
28/06/19	18:55:18.923	641	1	2.434000	0.532000	-8.6030	-8.5470
28/06/19	18:55:19.135	642	1	2.432000	0.531000	-8.6090	-8.5750
28/06/19	18:55:19.309	643	1	2.432000	0.535000	-8.6400	-8.6210
28/06/19	18:55:19.516	644	1	2.445000	0.534000	-8.6600	-8.6600
28/06/19	18:55:19.729	645	1	2.454000	0.534000	-8.6910	-8.6660
28/06/19	18:55:19.937	646	1	2.455000	0.537000	-8.7140	-8.6970
28/06/19	18:55:20.106	647	1	2.455000	0.537000	-8.7360	-8.7110
28/06/19	18:55:20.314	648	1	2.460000	0.540000	-8.7840	-8.7340
28/06/19	18:55:20.521	649	1	2.462000	0.540000	-8.7900	-8.7570
28/06/19	18:55:20.728	650	1	2.472000	0.538000	-8.8100	-8.7880
28/06/19	18:55:20.940	651	1	2.472000	0.543000	-8.8160	-8.8050
28/06/19	18:55:21.106	652	1	2.481000	0.546000	-8.8380	-8.8220
28/06/19	18:55:21.317	653	1	2.499000	0.546000	-8.8750	-8.8670
28/06/19	18:55:21.528	654	1	0.687000	-0.022000	-8.8670	-8.8560
28/06/19	18:55:21.734	655	1	0.687000	-0.022000	-8.7900	-8.7540
28/06/19	18:55:21.909	656	1	0.632000	-0.023000	-8.6680	-8.6490
28/06/19	18:55:22.118	657	1	0.592000	-0.023000	-8.4700	-8.4670
28/06/19	18:55:22.328	658	1	0.561000	-0.022000	-8.2770	-8.2720
28/06/19	18:55:22.541	659	1	0.561000	-0.023000	-8.0420	-8.0650
28/06/19	18:55:22.710	660	1	0.536000	-0.022000	-7.8630	-7.8810
28/06/19	18:55:22.924	661	1	0.514000	-0.022000	-7.6540	-7.6600
28/06/19	18:55:23.128	662	1	0.496000	-0.022000	-7.4040	-7.4500
28/06/19	18:55:23.345	663	1	0.479000	-0.022000	-7.1980	-7.2380
28/06/19	18:55:23.507	664	1	0.479000	-0.025000	-7.0020	-7.0700
28/06/19	18:55:23.716	665	1	0.471000	-0.025000	-6.7980	-6.8440
28/06/19	18:55:23.926	666	1	0.457000	-0.026000	-6.5770	-6.6370
28/06/19	18:55:24.136	667	1	0.457000	-0.025000	-6.3590	-6.4100
28/06/19	18:55:24.304	668	1	0.444000	-0.026000	-6.1920	-6.2430
28/06/19	18:55:24.520	669	1	0.431000	-0.026000	-5.9730	-6.0640
28/06/19	18:55:24.727	670	1	0.420000	-0.026000	-5.8230	-5.8690
28/06/19	18:55:24.935	671	1	0.420000	-0.026000	-5.5850	-5.6590
28/06/19	18:55:25.146	672	1	0.409000	-0.026000	-5.4040	-5.4660
28/06/19	18:55:25.311	673	1	0.397000	-0.026000	-5.2370	-5.2990
