28/06/19	18:38:08.886	C:\Icing\LabView_vi\Icing_2TC_FP_v2.1.vi
Dt (s):		0.200000
test with constant cooling rate
Date	Time	# meas	# cycle	V	I	Temp1	Temp2

28/06/19	18:38:38.682	1	0	0.000000	0.002000	6.0260	6.0340
28/06/19	18:38:38.882	2	0	0.000000	0.002000	6.0370	6.0070
28/06/19	18:38:39.091	3	0	0.000000	0.002000	6.0240	6.0180
28/06/19	18:38:39.312	4	0	0.000000	0.002000	6.0150	6.0040
28/06/19	18:38:39.479	5	0	0.000000	0.002000	6.0210	6.0400
28/06/19	18:38:39.707	6	0	0.000000	0.002000	6.0400	6.0040
28/06/19	18:38:39.909	7	0	0.000000	0.002000	6.0210	6.0150
28/06/19	18:38:40.110	8	0	0.000000	0.002000	6.0320	6.0320
28/06/19	18:38:40.331	9	0	0.000000	0.002000	6.0430	6.0230
28/06/19	18:38:40.485	10	0	0.000000	0.002000	6.0260	6.0290
28/06/19	18:38:40.693	11	0	0.000000	0.002000	6.0240	6.0230
28/06/19	18:38:40.896	12	0	0.000000	0.002000	6.0240	6.0050
28/06/19	18:38:41.110	13	0	0.000000	0.002000	6.0220	6.0190
28/06/19	18:38:41.316	14	0	-0.001000	0.002000	6.0140	6.0250
28/06/19	18:38:41.489	15	0	0.000000	0.002000	6.0170	6.0270
28/06/19	18:38:41.703	16	0	0.000000	0.002000	6.0060	6.0140
28/06/19	18:38:41.912	17	0	-0.001000	0.002000	6.0250	6.0160
28/06/19	18:38:42.121	18	0	0.000000	0.002000	6.0080	6.0250
28/06/19	18:38:42.280	19	0	0.000000	0.002000	6.0280	6.0270
28/06/19	18:38:42.488	20	0	-0.001000	0.002000	6.0280	6.0080
28/06/19	18:38:42.693	21	0	0.000000	0.002000	6.0220	6.0250
28/06/19	18:38:42.904	22	0	-0.001000	0.002000	6.0200	6.0190
28/06/19	18:38:43.114	23	0	-0.001000	0.002000	6.0170	6.0220
28/06/19	18:38:43.319	24	0	-0.001000	0.002000	6.0390	6.0300
28/06/19	18:38:43.485	25	0	0.000000	0.002000	6.0280	6.0360
28/06/19	18:38:43.695	26	0	0.000000	0.002000	6.0390	6.0410
28/06/19	18:38:43.905	27	0	0.000000	0.002000	6.0610	6.0660
28/06/19	18:38:44.119	28	0	0.000000	0.002000	6.1350	6.8090
28/06/19	18:38:44.287	29	0	0.000000	0.002000	7.0330	7.9440
28/06/19	18:38:44.499	30	0	0.000000	0.002000	7.6430	8.5870
28/06/19	18:38:44.707	31	0	0.000000	0.002000	8.0160	8.8020
28/06/19	18:38:44.916	32	0	0.000000	0.002000	8.2700	8.8690
28/06/19	18:38:45.082	33	0	0.000000	0.002000	8.5320	9.0980
28/06/19	18:38:45.290	34	0	0.000000	0.003000	8.8030	9.3160
28/06/19	18:38:45.503	35	0	0.000000	0.002000	8.8770	9.3350
28/06/19	18:38:45.709	36	0	0.000000	0.002000	8.9550	9.5450
28/06/19	18:38:45.915	37	0	0.000000	0.003000	9.0210	9.7000
28/06/19	18:38:46.082	38	0	0.000000	0.003000	9.0210	9.6890
28/06/19	18:38:46.295	39	0	0.000000	0.003000	8.9850	9.6110
28/06/19	18:38:46.502	40	0	0.000000	0.003000	8.8990	9.4680
28/06/19	18:38:46.717	41	0	0.000000	0.003000	8.7890	9.3100
28/06/19	18:38:46.892	42	0	0.000000	0.003000	8.6870	9.1970
28/06/19	18:38:47.103	43	0	0.000000	0.003000	8.5760	9.0380
28/06/19	18:38:47.311	44	0	0.000000	0.003000	8.4850	8.8950
28/06/19	18:38:47.517	45	0	0.000000	0.003000	8.3580	8.7350
28/06/19	18:38:47.681	46	0	0.000000	0.003000	8.2560	8.6350
28/06/19	18:38:47.890	47	0	0.000000	0.003000	8.1510	8.4810
28/06/19	18:38:48.115	48	0	0.000000	0.003000	8.0460	8.3430
28/06/19	18:38:48.315	49	0	0.000000	0.003000	7.9330	8.2240
28/06/19	18:38:48.481	50	0	-0.001000	0.003000	7.8750	8.1550
28/06/19	18:38:48.695	51	0	0.000000	0.003000	7.7760	8.0250
28/06/19	18:38:48.904	52	0	0.000000	0.003000	7.6730	7.9150
Cycle	Time Peltier On:	250	Time Peltier Off:	150	# iterations	2		control P	0.0250	DT °C/min	5.0000
28/06/19	18:38:49.112	53	1	0.000000	0.098000	7.5960	7.8170
28/06/19	18:38:49.327	54	1	0.315000	0.098000	7.4440	7.6620
28/06/19	18:38:49.488	55	1	0.259000	0.088000	7.3780	7.5740
28/06/19	18:38:49.693	56	1	0.259000	0.066000	7.2260	7.4130
28/06/19	18:38:49.909	57	1	0.236000	0.049000	7.1350	7.2950
28/06/19	18:38:50.109	58	1	0.149000	0.049000	7.0380	7.2260
28/06/19	18:38:50.318	59	1	0.113000	0.040000	6.9440	7.1010
28/06/19	18:38:50.479	60	1	0.113000	0.020000	6.8700	7.0350
28/06/19	18:38:50.691	61	1	0.065000	0.013000	6.8090	6.9580
28/06/19	18:38:50.898	62	1	0.034000	0.013000	6.7400	6.8670
28/06/19	18:38:51.110	63	1	0.012000	0.007000	6.6680	6.8140
28/06/19	18:38:51.316	64	1	0.012000	0.000000	6.6240	6.7650
28/06/19	18:38:51.483	65	1	-0.002000	-0.002000	6.5880	6.7150
28/06/19	18:38:51.702	66	1	-0.005000	-0.002000	6.5470	6.6490
28/06/19	18:38:51.911	67	1	-0.008000	-0.002000	6.5080	6.6020
28/06/19	18:38:52.120	68	1	-0.008000	-0.002000	6.4860	6.5770
28/06/19	18:38:52.281	69	1	-0.009000	-0.002000	6.4590	6.5800
28/06/19	18:38:52.488	70	1	-0.010000	-0.002000	6.4250	6.5160
28/06/19	18:38:52.700	71	1	-0.012000	-0.002000	6.4060	6.4770
28/06/19	18:38:52.907	72	1	-0.012000	-0.002000	6.3780	6.4580
28/06/19	18:38:53.116	73	1	-0.012000	-0.002000	6.3650	6.4140
28/06/19	18:38:53.282	74	1	-0.012000	-0.002000	6.3510	6.3920
28/06/19	18:38:53.495	75	1	-0.013000	-0.002000	6.3150	6.3700
28/06/19	18:38:53.701	76	1	-0.013000	-0.002000	6.3120	6.3670
28/06/19	18:38:53.916	77	1	-0.014000	-0.001000	6.2900	6.3200
28/06/19	18:38:54.088	78	1	-0.011000	-0.001000	6.2620	6.3170
28/06/19	18:38:54.302	79	1	-0.014000	-0.001000	6.2350	6.3260
28/06/19	18:38:54.512	80	1	-0.014000	-0.002000	6.2350	6.2760
28/06/19	18:38:54.719	81	1	-0.015000	0.000000	6.2350	6.2900
28/06/19	18:38:54.878	82	1	-0.006000	0.000000	6.2240	6.2590
28/06/19	18:38:55.090	83	1	-0.002000	0.001000	6.2050	6.2220
28/06/19	18:38:55.302	84	1	-0.002000	0.001000	6.1880	6.2250
28/06/19	18:38:55.510	85	1	-0.003000	0.001000	6.2510	6.1940
28/06/19	18:38:55.715	86	1	0.028000	0.001000	6.1690	6.1780
28/06/19	18:38:55.880	87	1	0.028000	0.011000	6.1350	6.1920
28/06/19	18:38:56.095	88	1	0.003000	0.001000	6.1440	6.1720
28/06/19	18:38:56.309	89	1	-0.003000	0.004000	6.1350	6.1500
28/06/19	18:38:56.515	90	1	0.010000	0.004000	6.1190	6.1390
28/06/19	18:38:56.689	91	1	0.009000	0.005000	6.1270	6.1250
28/06/19	18:38:56.901	92	1	0.009000	0.007000	6.1160	6.1280
28/06/19	18:38:57.107	93	1	0.019000	0.009000	6.1080	6.1320
28/06/19	18:38:57.318	94	1	0.027000	0.009000	6.1050	6.1020
28/06/19	18:38:57.478	95	1	0.027000	0.010000	6.0910	6.1130
28/06/19	18:38:57.687	96	1	0.034000	0.011000	6.0970	6.0850
28/06/19	18:38:57.913	97	1	0.036000	0.015000	6.0640	6.0800
28/06/19	18:38:58.116	98	1	0.038000	0.015000	6.0470	6.0800
28/06/19	18:38:58.325	99	1	0.038000	0.013000	6.0580	6.0630
28/06/19	18:38:58.484	100	1	0.038000	0.016000	6.0420	6.0490
28/06/19	18:38:58.691	101	1	0.049000	0.016000	6.0550	6.0550
28/06/19	18:38:58.906	102	1	0.062000	0.016000	6.0200	6.0380
28/06/19	18:38:59.115	103	1	0.057000	0.020000	6.0030	6.0120
28/06/19	18:38:59.288	104	1	0.057000	0.018000	6.0110	6.0010
28/06/19	18:38:59.501	105	1	0.060000	0.021000	5.9840	6.0010
28/06/19	18:38:59.707	106	1	0.065000	0.021000	5.9640	5.9760
28/06/19	18:38:59.917	107	1	0.061000	0.019000	5.9640	5.9850
28/06/19	18:39:00.078	108	1	0.061000	0.021000	5.9780	5.9540
28/06/19	18:39:00.292	109	1	0.082000	0.021000	5.9310	5.9430
28/06/19	18:39:00.498	110	1	0.072000	0.025000	5.9420	5.9490
28/06/19	18:39:00.705	111	1	0.072000	0.025000	5.9150	5.9320
28/06/19	18:39:00.930	112	1	0.085000	0.022000	5.8840	5.9180
28/06/19	18:39:01.083	113	1	0.078000	0.022000	5.8900	5.9250
28/06/19	18:39:01.291	114	1	0.086000	0.021000	5.8840	5.9060
28/06/19	18:39:01.498	115	1	0.086000	0.025000	5.8950	5.8760
28/06/19	18:39:01.711	116	1	0.089000	0.028000	5.8510	5.8760
28/06/19	18:39:01.922	117	1	0.094000	0.025000	5.8400	5.8590
28/06/19	18:39:02.088	118	1	0.093000	0.025000	5.8570	5.8560
28/06/19	18:39:02.297	119	1	0.093000	0.030000	5.8230	5.8560
28/06/19	18:39:02.507	120	1	0.107000	0.028000	5.8370	5.8400
28/06/19	18:39:02.720	121	1	0.115000	0.032000	5.8120	5.8290
28/06/19	18:39:02.881	122	1	0.113000	0.032000	5.8120	5.8180
28/06/19	18:39:03.090	123	1	0.113000	0.033000	5.7880	5.7950
28/06/19	18:39:03.299	124	1	0.120000	0.033000	5.7770	5.7950
28/06/19	18:39:03.508	125	1	0.119000	0.033000	5.7540	5.7680
28/06/19	18:39:03.716	126	1	0.120000	0.033000	5.7540	5.7490
28/06/19	18:39:03.881	127	1	0.120000	0.034000	5.7350	5.7350
28/06/19	18:39:04.091	128	1	0.126000	0.034000	5.7190	5.7400
28/06/19	18:39:04.301	129	1	0.127000	0.034000	5.7210	5.7040
28/06/19	18:39:04.509	130	1	0.134000	0.034000	5.7020	5.7020
28/06/19	18:39:04.718	131	1	0.136000	0.036000	5.6910	5.6960
28/06/19	18:39:04.886	132	1	0.136000	0.036000	5.6830	5.6800
28/06/19	18:39:05.101	133	1	0.139000	0.036000	5.6440	5.6570
28/06/19	18:39:05.311	134	1	0.134000	0.037000	5.6380	5.6460
28/06/19	18:39:05.517	135	1	0.138000	0.036000	5.6440	5.6460
28/06/19	18:39:05.678	136	1	0.138000	0.039000	5.6360	5.6380
28/06/19	18:39:05.887	137	1	0.153000	0.039000	5.6110	5.6050
28/06/19	18:39:06.095	138	1	0.150000	0.040000	5.6030	5.5990
28/06/19	18:39:06.307	139	1	0.150000	0.040000	5.5800	5.5880
28/06/19	18:39:06.508	140	1	0.154000	0.039000	5.5720	5.5770
28/06/19	18:39:06.715	141	1	0.155000	0.040000	5.5800	5.5610
28/06/19	18:39:06.883	142	1	0.165000	0.040000	5.5390	5.5500
28/06/19	18:39:07.090	143	1	0.165000	0.040000	5.5170	5.5530
28/06/19	18:39:07.303	144	1	0.157000	0.040000	5.5200	5.5110
28/06/19	18:39:07.512	145	1	0.164000	0.042000	5.5000	5.5170
28/06/19	18:39:07.719	146	1	0.164000	0.042000	5.5090	5.5000
28/06/19	18:39:07.887	147	1	0.164000	0.042000	5.4920	5.5000
28/06/19	18:39:08.095	148	1	0.175000	0.045000	5.4870	5.4830
28/06/19	18:39:08.306	149	1	0.180000	0.045000	5.4530	5.4560
28/06/19	18:39:08.518	150	1	0.174000	0.046000	5.4340	5.4500
28/06/19	18:39:08.729	151	1	0.174000	0.044000	5.4180	5.4200
28/06/19	18:39:08.885	152	1	0.174000	0.044000	5.4040	5.4060
28/06/19	18:39:09.094	153	1	0.176000	0.044000	5.4010	5.4030
28/06/19	18:39:09.306	154	1	0.183000	0.044000	5.3710	5.4010
28/06/19	18:39:09.520	155	1	0.177000	0.044000	5.3820	5.3810
28/06/19	18:39:09.682	156	1	0.177000	0.048000	5.3710	5.3670
28/06/19	18:39:09.894	157	1	0.193000	0.048000	5.3380	5.3510
28/06/19	18:39:10.102	158	1	0.188000	0.049000	5.3430	5.3370
28/06/19	18:39:10.309	159	1	0.188000	0.049000	5.3260	5.3180
28/06/19	18:39:10.516	160	1	0.195000	0.049000	5.3020	5.3180
28/06/19	18:39:10.688	161	1	0.194000	0.049000	5.2880	5.2850
28/06/19	18:39:10.897	162	1	0.196000	0.048000	5.2740	5.2790
28/06/19	18:39:11.103	163	1	0.196000	0.049000	5.2740	5.2740
28/06/19	18:39:11.314	164	1	0.197000	0.051000	5.2480	5.2780
28/06/19	18:39:11.479	165	1	0.203000	0.051000	5.2310	5.2560
28/06/19	18:39:11.705	166	1	0.202000	0.050000	5.2370	5.2450
28/06/19	18:39:11.908	167	1	0.202000	0.053000	5.2090	5.2250
28/06/19	18:39:12.108	168	1	0.213000	0.051000	5.1950	5.2090
28/06/19	18:39:12.334	169	1	0.210000	0.052000	5.1870	5.2000
28/06/19	18:39:12.479	170	1	0.216000	0.052000	5.1790	5.1730
28/06/19	18:39:12.694	171	1	0.216000	0.054000	5.1590	5.1650
28/06/19	18:39:12.905	172	1	0.220000	0.053000	5.1460	5.1560
28/06/19	18:39:13.111	173	1	0.221000	0.054000	5.1210	5.1540
28/06/19	18:39:13.286	174	1	0.218000	0.054000	5.1400	5.1150
28/06/19	18:39:13.498	175	1	0.218000	0.057000	5.0960	5.1260
28/06/19	18:39:13.710	176	1	0.232000	0.054000	5.1010	5.1040
28/06/19	18:39:13.917	177	1	0.230000	0.057000	5.0930	5.0790
28/06/19	18:39:14.078	178	1	0.236000	0.057000	5.0740	5.0760
28/06/19	18:39:14.293	179	1	0.236000	0.057000	5.0570	5.0650
28/06/19	18:39:14.494	180	1	0.235000	0.057000	5.0600	5.0460
28/06/19	18:39:14.720	181	1	0.247000	0.060000	5.0210	5.0460
28/06/19	18:39:14.920	182	1	0.236000	0.060000	5.0050	5.0260
28/06/19	18:39:15.083	183	1	0.236000	0.057000	5.0160	5.0100
28/06/19	18:39:15.294	184	1	0.237000	0.060000	4.9770	5.0060
28/06/19	18:39:15.502	185	1	0.241000	0.060000	4.9770	4.9890
28/06/19	18:39:15.709	186	1	0.249000	0.058000	4.9500	4.9590
28/06/19	18:39:15.924	187	1	0.246000	0.059000	4.9410	4.9450
28/06/19	18:39:16.086	188	1	0.246000	0.060000	4.9360	4.9420
28/06/19	18:39:16.293	189	1	0.254000	0.060000	4.9160	4.9420
28/06/19	18:39:16.502	190	1	0.253000	0.060000	4.9080	4.9280
28/06/19	18:39:16.703	191	1	0.253000	0.062000	4.8860	4.8930
28/06/19	18:39:16.910	192	1	0.257000	0.060000	4.8690	4.9060
28/06/19	18:39:17.082	193	1	0.256000	0.060000	4.8640	4.8570
28/06/19	18:39:17.286	194	1	0.260000	0.061000	4.8420	4.8650
28/06/19	18:39:17.499	195	1	0.260000	0.062000	4.8390	4.8590
28/06/19	18:39:17.707	196	1	0.261000	0.063000	4.8310	4.8320
28/06/19	18:39:17.915	197	1	0.272000	0.065000	4.8200	4.8180
28/06/19	18:39:18.087	198	1	0.273000	0.065000	4.7980	4.8150
28/06/19	18:39:18.300	199	1	0.273000	0.065000	4.7780	4.8120
28/06/19	18:39:18.508	200	1	0.274000	0.064000	4.7890	4.7850
28/06/19	18:39:18.720	201	1	0.282000	0.068000	4.7590	4.7600
28/06/19	18:39:18.880	202	1	0.279000	0.068000	4.7420	4.7570
28/06/19	18:39:19.090	203	1	0.279000	0.066000	4.7150	4.7460
28/06/19	18:39:19.302	204	1	0.279000	0.065000	4.7090	4.7160
28/06/19	18:39:19.508	205	1	0.282000	0.065000	4.6840	4.7160
28/06/19	18:39:19.722	206	1	0.279000	0.065000	4.7010	4.7050
28/06/19	18:39:19.882	207	1	0.279000	0.066000	4.6820	4.6970
28/06/19	18:39:20.093	208	1	0.293000	0.069000	4.6620	4.6850
28/06/19	18:39:20.300	209	1	0.290000	0.069000	4.6460	4.6610
28/06/19	18:39:20.516	210	1	0.294000	0.068000	4.6130	4.6390
28/06/19	18:39:20.687	211	1	0.294000	0.068000	4.5930	4.6360
28/06/19	18:39:20.896	212	1	0.287000	0.066000	4.6070	4.6110
28/06/19	18:39:21.109	213	1	0.299000	0.070000	4.5930	4.6030
28/06/19	18:39:21.315	214	1	0.299000	0.070000	4.5740	4.5860
28/06/19	18:39:21.480	215	1	0.299000	0.069000	4.5690	4.5690
28/06/19	18:39:21.707	216	1	0.299000	0.072000	4.5600	4.5640
28/06/19	18:39:21.907	217	1	0.308000	0.071000	4.5330	4.5530
28/06/19	18:39:22.109	218	1	0.305000	0.071000	4.5270	4.5420
28/06/19	18:39:22.280	219	1	0.305000	0.073000	4.5110	4.5200
28/06/19	18:39:22.493	220	1	0.313000	0.073000	4.4860	4.5060
28/06/19	18:39:22.701	221	1	0.311000	0.073000	4.4770	4.5030
28/06/19	18:39:22.912	222	1	0.314000	0.072000	4.4720	4.4810
28/06/19	18:39:23.119	223	1	0.318000	0.074000	4.4550	4.4760
28/06/19	18:39:23.289	224	1	0.318000	0.074000	4.4640	4.4480
28/06/19	18:39:23.501	225	1	0.330000	0.074000	4.4360	4.4420
28/06/19	18:39:23.706	226	1	0.326000	0.077000	4.4110	4.4260
28/06/19	18:39:23.917	227	1	0.325000	0.074000	4.3950	4.4200
28/06/19	18:39:24.077	228	1	0.325000	0.075000	4.4000	4.3980
28/06/19	18:39:24.286	229	1	0.335000	0.075000	4.3530	4.3930
28/06/19	18:39:24.495	230	1	0.323000	0.077000	4.3480	4.3790
28/06/19	18:39:24.704	231	1	0.323000	0.075000	4.3640	4.3710
28/06/19	18:39:24.928	232	1	0.326000	0.079000	4.3390	4.3570
28/06/19	18:39:25.083	233	1	0.341000	0.079000	4.3340	4.3400
28/06/19	18:39:25.292	234	1	0.345000	0.078000	4.2920	4.3240
28/06/19	18:39:25.499	235	1	0.345000	0.077000	4.2870	4.2930
28/06/19	18:39:25.707	236	1	0.336000	0.077000	4.3060	4.2930
28/06/19	18:39:25.922	237	1	0.352000	0.082000	4.2730	4.2710
28/06/19	18:39:26.083	238	1	0.347000	0.082000	4.2540	4.2740
28/06/19	18:39:26.299	239	1	0.347000	0.080000	4.2260	4.2550
28/06/19	18:39:26.512	240	1	0.349000	0.079000	4.2340	4.2550
28/06/19	18:39:26.721	241	1	0.354000	0.082000	4.2070	4.2270
28/06/19	18:39:26.883	242	1	0.354000	0.082000	4.2150	4.2330
28/06/19	18:39:27.100	243	1	0.354000	0.084000	4.1930	4.2160
28/06/19	18:39:27.305	244	1	0.364000	0.083000	4.1590	4.2050
28/06/19	18:39:27.512	245	1	0.357000	0.081000	4.1620	4.1800
28/06/19	18:39:27.682	246	1	0.362000	0.081000	4.1450	4.1770
28/06/19	18:39:27.890	247	1	0.362000	0.083000	4.1450	4.1600
28/06/19	18:39:28.104	248	1	0.363000	0.085000	4.1260	4.1380
28/06/19	18:39:28.310	249	1	0.371000	0.085000	4.1120	4.1240
28/06/19	18:39:28.485	250	1	0.371000	0.085000	4.0920	4.1040
28/06/19	18:39:28.695	251	1	0.371000	0.085000	4.0670	4.1180
28/06/19	18:39:28.906	252	1	0.373000	0.084000	4.0780	4.0850
28/06/19	18:39:29.113	253	1	0.378000	0.086000	4.0530	4.0850
28/06/19	18:39:29.280	254	1	0.377000	0.086000	4.0640	4.0730
28/06/19	18:39:29.489	255	1	0.377000	0.090000	4.0280	4.0530
28/06/19	18:39:29.695	256	1	0.393000	0.087000	4.0110	4.0240
28/06/19	18:39:29.902	257	1	0.383000	0.087000	4.0050	4.0100
28/06/19	18:39:30.127	258	1	0.391000	0.087000	3.9720	3.9960
28/06/19	18:39:30.279	259	1	0.391000	0.088000	3.9740	3.9940
28/06/19	18:39:30.493	260	1	0.384000	0.088000	3.9630	3.9850
28/06/19	18:39:30.706	261	1	0.396000	0.090000	3.9300	3.9710
28/06/19	18:39:30.918	262	1	0.390000	0.090000	3.9070	3.9430
28/06/19	18:39:31.088	263	1	0.390000	0.087000	3.9160	3.9380
28/06/19	18:39:31.298	264	1	0.388000	0.089000	3.9040	3.9150
28/06/19	18:39:31.507	265	1	0.402000	0.090000	3.9070	3.9140
28/06/19	18:39:31.720	266	1	0.408000	0.090000	3.8880	3.9000
28/06/19	18:39:31.879	267	1	0.408000	0.093000	3.8820	3.8890
28/06/19	18:39:32.089	268	1	0.410000	0.093000	3.8650	3.8750
28/06/19	18:39:32.298	269	1	0.413000	0.093000	3.8290	3.8550
28/06/19	18:39:32.508	270	1	0.408000	0.093000	3.8400	3.8440
28/06/19	18:39:32.716	271	1	0.419000	0.095000	3.8090	3.8350
28/06/19	18:39:32.880	272	1	0.419000	0.092000	3.8010	3.8330
28/06/19	18:39:33.092	273	1	0.420000	0.092000	3.7950	3.8070
28/06/19	18:39:33.305	274	1	0.424000	0.095000	3.7670	3.7760
28/06/19	18:39:33.517	275	1	0.419000	0.093000	3.7600	3.7860
28/06/19	18:39:33.687	276	1	0.419000	0.096000	3.7460	3.7720
28/06/19	18:39:33.896	277	1	0.425000	0.096000	3.7260	3.7410
28/06/19	18:39:34.108	278	1	0.425000	0.095000	3.7070	3.7360
28/06/19	18:39:34.316	279	1	0.425000	0.094000	3.6900	3.7220
28/06/19	18:39:34.529	280	1	0.425000	0.094000	3.6760	3.6990
28/06/19	18:39:34.684	281	1	0.426000	0.094000	3.6820	3.6850
28/06/19	18:39:34.892	282	1	0.435000	0.096000	3.6560	3.6830
28/06/19	18:39:35.103	283	1	0.435000	0.096000	3.6590	3.6660
28/06/19	18:39:35.312	284	1	0.433000	0.100000	3.6280	3.6630
28/06/19	18:39:35.480	285	1	0.443000	0.100000	3.6270	3.6220
28/06/19	18:39:35.693	286	1	0.444000	0.097000	3.6160	3.6310
28/06/19	18:39:35.900	287	1	0.444000	0.100000	3.5880	3.6030
28/06/19	18:39:36.115	288	1	0.448000	0.098000	3.5740	3.5920
28/06/19	18:39:36.292	289	1	0.443000	0.098000	3.5910	3.5890
28/06/19	18:39:36.497	290	1	0.461000	0.100000	3.5630	3.5720
28/06/19	18:39:36.707	291	1	0.461000	0.102000	3.5430	3.5690
28/06/19	18:39:36.919	292	1	0.455000	0.101000	3.5090	3.5240
28/06/19	18:39:37.079	293	1	0.454000	0.101000	3.5120	3.5410
28/06/19	18:39:37.287	294	1	0.455000	0.099000	3.5090	3.5130
28/06/19	18:39:37.498	295	1	0.455000	0.103000	3.4900	3.5220
28/06/19	18:39:37.707	296	1	0.463000	0.103000	3.4810	3.4850
28/06/19	18:39:37.915	297	1	0.467000	0.104000	3.4640	3.4850
28/06/19	18:39:38.081	298	1	0.467000	0.104000	3.4500	3.4820
28/06/19	18:39:38.290	299	1	0.467000	0.104000	3.4310	3.4460
28/06/19	18:39:38.503	300	1	0.469000	0.104000	3.4250	3.4150
28/06/19	18:39:38.710	301	1	0.472000	0.105000	3.4060	3.4290
28/06/19	18:39:38.885	302	1	0.473000	0.105000	3.3860	3.4010
28/06/19	18:39:39.098	303	1	0.473000	0.104000	3.3750	3.4040
28/06/19	18:39:39.307	304	1	0.471000	0.105000	3.3720	3.3760
28/06/19	18:39:39.513	305	1	0.481000	0.107000	3.3520	3.3580
28/06/19	18:39:39.678	306	1	0.480000	0.107000	3.3270	3.3580
28/06/19	18:39:39.886	307	1	0.480000	0.105000	3.3330	3.3270
28/06/19	18:39:40.095	308	1	0.478000	0.108000	3.3050	3.3270
28/06/19	18:39:40.305	309	1	0.485000	0.107000	3.3130	3.3180
28/06/19	18:39:40.529	310	1	0.496000	0.107000	3.2660	3.2960
28/06/19	18:39:40.683	311	1	0.496000	0.110000	3.2520	3.2820
28/06/19	18:39:40.890	312	1	0.483000	0.106000	3.2600	3.2620
28/06/19	18:39:41.097	313	1	0.493000	0.106000	3.2380	3.2480
28/06/19	18:39:41.312	314	1	0.494000	0.109000	3.2350	3.2400
28/06/19	18:39:41.489	315	1	0.494000	0.110000	3.2040	3.2150
28/06/19	18:39:41.697	316	1	0.499000	0.109000	3.2040	3.2320
28/06/19	18:39:41.906	317	1	0.504000	0.112000	3.1930	3.2120
28/06/19	18:39:42.115	318	1	0.504000	0.112000	3.1870	3.1750
28/06/19	18:39:42.277	319	1	0.504000	0.112000	3.1560	3.1700
28/06/19	18:39:42.485	320	1	0.512000	0.111000	3.1530	3.1640
28/06/19	18:39:42.693	321	1	0.512000	0.111000	3.1310	3.1530
28/06/19	18:39:42.900	322	1	0.510000	0.113000	3.1200	3.1500
28/06/19	18:39:43.109	323	1	0.513000	0.113000	3.1030	3.1170
28/06/19	18:39:43.281	324	1	0.513000	0.113000	3.0830	3.1000
28/06/19	18:39:43.487	325	1	0.512000	0.113000	3.0890	3.1110
28/06/19	18:39:43.701	326	1	0.522000	0.112000	3.0720	3.0940
28/06/19	18:39:43.911	327	1	0.523000	0.115000	3.0690	3.0690
28/06/19	18:39:44.121	328	1	0.523000	0.116000	3.0300	3.0520
28/06/19	18:39:44.283	329	1	0.530000	0.116000	3.0080	3.0410
28/06/19	18:39:44.496	330	1	0.518000	0.114000	3.0220	3.0210
28/06/19	18:39:44.706	331	1	0.530000	0.117000	2.9970	3.0190
28/06/19	18:39:44.917	332	1	0.530000	0.116000	2.9850	2.9930
28/06/19	18:39:45.080	333	1	0.530000	0.116000	2.9770	2.9710
28/06/19	18:39:45.288	334	1	0.536000	0.117000	2.9350	2.9680
28/06/19	18:39:45.500	335	1	0.536000	0.115000	2.9430	2.9640
28/06/19	18:39:45.707	336	1	0.526000	0.118000	2.9380	2.9580
28/06/19	18:39:45.881	337	1	0.540000	0.118000	2.9260	2.9330
28/06/19	18:39:46.089	338	1	0.546000	0.119000	2.9210	2.9160
28/06/19	18:39:46.296	339	1	0.546000	0.121000	2.8980	2.9050
28/06/19	18:39:46.510	340	1	0.548000	0.121000	2.8680	2.8990
28/06/19	18:39:46.684	341	1	0.551000	0.121000	2.8560	2.8910
28/06/19	18:39:46.897	342	1	0.545000	0.119000	2.8480	2.8710
28/06/19	18:39:47.106	343	1	0.552000	0.121000	2.8310	2.8630
28/06/19	18:39:47.311	344	1	0.552000	0.121000	2.8090	2.8380
28/06/19	18:39:47.479	345	1	0.552000	0.121000	2.8170	2.8210
28/06/19	18:39:47.687	346	1	0.560000	0.120000	2.8020	2.8210
28/06/19	18:39:47.897	347	1	0.560000	0.123000	2.7740	2.8180
28/06/19	18:39:48.122	348	1	0.562000	0.122000	2.7600	2.8040
28/06/19	18:39:48.280	349	1	0.559000	0.122000	2.7630	2.7930
28/06/19	18:39:48.493	350	1	0.569000	0.122000	2.7490	2.7710
28/06/19	18:39:48.703	351	1	0.569000	0.125000	2.7350	2.7420
28/06/19	18:39:48.912	352	1	0.571000	0.125000	2.7320	2.7450
28/06/19	18:39:49.079	353	1	0.572000	0.125000	2.7150	2.7420
28/06/19	18:39:49.295	354	1	0.579000	0.127000	2.6780	2.7170
28/06/19	18:39:49.511	355	1	0.571000	0.124000	2.6810	2.7000
28/06/19	18:39:49.684	356	1	0.571000	0.127000	2.6700	2.6950
28/06/19	18:39:49.893	357	1	0.584000	0.127000	2.6560	2.6750
28/06/19	18:39:50.106	358	1	0.585000	0.128000	2.6340	2.6580
28/06/19	18:39:50.314	359	1	0.582000	0.127000	2.6110	2.6670
28/06/19	18:39:50.481	360	1	0.582000	0.126000	2.6110	2.6360
28/06/19	18:39:50.704	361	1	0.589000	0.129000	2.6030	2.6280
28/06/19	18:39:50.908	362	1	0.594000	0.129000	2.5890	2.6020
28/06/19	18:39:51.110	363	1	0.594000	0.130000	2.5830	2.5800
28/06/19	18:39:51.316	364	1	0.594000	0.131000	2.5500	2.5690
28/06/19	18:39:51.477	365	1	0.598000	0.131000	2.5470	2.5830
28/06/19	18:39:51.689	366	1	0.600000	0.129000	2.5300	2.5510
28/06/19	18:39:51.896	367	1	0.600000	0.131000	2.5190	2.5390
28/06/19	18:39:52.107	368	1	0.601000	0.132000	2.4990	2.5250
28/06/19	18:39:52.313	369	1	0.602000	0.131000	2.4660	2.4950
28/06/19	18:39:52.485	370	1	0.596000	0.131000	2.4770	2.4830
28/06/19	18:39:52.698	371	1	0.596000	0.133000	2.4740	2.4860
28/06/19	18:39:52.909	372	1	0.609000	0.134000	2.4180	2.4750
28/06/19	18:39:53.122	373	1	0.611000	0.129000	2.4380	2.4550
28/06/19	18:39:53.280	374	1	0.614000	0.129000	2.4150	2.4470
28/06/19	18:39:53.488	375	1	0.614000	0.133000	2.4100	2.4220
28/06/19	18:39:53.701	376	1	0.612000	0.135000	2.3800	2.4180
28/06/19	18:39:53.909	377	1	0.615000	0.133000	2.3720	2.3900
28/06/19	18:39:54.078	378	1	0.617000	0.133000	2.3520	2.3810
28/06/19	18:39:54.286	379	1	0.617000	0.134000	2.3440	2.3700
28/06/19	18:39:54.502	380	1	0.619000	0.135000	2.3270	2.3560
28/06/19	18:39:54.714	381	1	0.623000	0.135000	2.3300	2.3360
28/06/19	18:39:54.885	382	1	0.630000	0.135000	2.3040	2.3220
28/06/19	18:39:55.095	383	1	0.630000	0.136000	2.2930	2.3140
28/06/19	18:39:55.306	384	1	0.628000	0.137000	2.2680	2.2890
28/06/19	18:39:55.513	385	1	0.629000	0.136000	2.2820	2.2910
28/06/19	18:39:55.676	386	1	0.641000	0.136000	2.2480	2.2760
28/06/19	18:39:55.884	387	1	0.641000	0.137000	2.2340	2.2620
28/06/19	18:39:56.110	388	1	0.634000	0.138000	2.2260	2.2420
28/06/19	18:39:56.313	389	1	0.638000	0.139000	2.2290	2.2340
28/06/19	18:39:56.531	390	1	0.647000	0.139000	2.1900	2.2170
28/06/19	18:39:56.678	391	1	0.647000	0.141000	2.1870	2.2090
28/06/19	18:39:56.892	392	1	0.643000	0.139000	2.1760	2.2170
28/06/19	18:39:57.098	393	1	0.650000	0.139000	2.1620	2.1750
28/06/19	18:39:57.314	394	1	0.651000	0.141000	2.1500	2.1750
28/06/19	18:39:57.482	395	1	0.651000	0.141000	2.1360	2.1470
28/06/19	18:39:57.694	396	1	0.654000	0.142000	2.1250	2.1530
28/06/19	18:39:57.904	397	1	0.658000	0.143000	2.1000	2.1140
28/06/19	18:39:58.119	398	1	0.655000	0.143000	2.0970	2.1160
28/06/19	18:39:58.324	399	1	0.663000	0.142000	2.0630	2.0940
28/06/19	18:39:58.478	400	1	0.663000	0.141000	2.0550	2.0880
28/06/19	18:39:58.691	401	1	0.663000	0.141000	2.0770	2.0690
28/06/19	18:39:58.900	402	1	0.676000	0.143000	2.0380	2.0630
28/06/19	18:39:59.109	403	1	0.670000	0.145000	2.0160	2.0350
28/06/19	18:39:59.277	404	1	0.670000	0.144000	2.0050	2.0100
28/06/19	18:39:59.491	405	1	0.671000	0.144000	1.9880	2.0180
28/06/19	18:39:59.695	406	1	0.670000	0.145000	1.9740	2.0110
28/06/19	18:39:59.906	407	1	0.671000	0.144000	1.9650	1.9940
28/06/19	18:40:00.115	408	1	0.671000	0.146000	1.9630	1.9660
28/06/19	18:40:00.284	409	1	0.683000	0.146000	1.9350	1.9440
28/06/19	18:40:00.497	410	1	0.677000	0.148000	1.9350	1.9500
28/06/19	18:40:00.710	411	1	0.677000	0.148000	1.9260	1.9380
28/06/19	18:40:00.920	412	1	0.684000	0.149000	1.9040	1.9240
28/06/19	18:40:01.081	413	1	0.689000	0.149000	1.8870	1.8990
28/06/19	18:40:01.299	414	1	0.689000	0.149000	1.8870	1.9050
28/06/19	18:40:01.518	415	1	0.689000	0.151000	1.8590	1.8770
28/06/19	18:40:01.674	416	1	0.696000	0.149000	1.8450	1.8660
28/06/19	18:40:01.888	417	1	0.694000	0.149000	1.8450	1.8540
28/06/19	18:40:02.094	418	1	0.701000	0.150000	1.8110	1.8490
28/06/19	18:40:02.308	419	1	0.701000	0.150000	1.7860	1.8210
28/06/19	18:40:02.513	420	1	0.696000	0.148000	1.7970	1.8150
28/06/19	18:40:02.689	421	1	0.704000	0.148000	1.7800	1.8040
28/06/19	18:40:02.896	422	1	0.703000	0.151000	1.7520	1.7840
28/06/19	18:40:03.108	423	1	0.703000	0.151000	1.7690	1.7700
28/06/19	18:40:03.318	424	1	0.701000	0.155000	1.7380	1.7370
28/06/19	18:40:03.477	425	1	0.708000	0.155000	1.7330	1.7620
28/06/19	18:40:03.691	426	1	0.716000	0.153000	1.7270	1.7300
28/06/19	18:40:03.900	427	1	0.716000	0.155000	1.6920	1.7300
28/06/19	18:40:04.108	428	1	0.718000	0.154000	1.6980	1.7270
28/06/19	18:40:04.280	429	1	0.720000	0.154000	1.6840	1.7070
28/06/19	18:40:04.488	430	1	0.725000	0.155000	1.6640	1.7100
28/06/19	18:40:04.696	431	1	0.725000	0.156000	1.6420	1.6790
28/06/19	18:40:04.910	432	1	0.721000	0.155000	1.6280	1.6570
28/06/19	18:40:05.116	433	1	0.723000	0.155000	1.6170	1.6620
28/06/19	18:40:05.284	434	1	0.727000	0.156000	1.6080	1.6400
28/06/19	18:40:05.493	435	1	0.727000	0.158000	1.6030	1.6230
28/06/19	18:40:05.704	436	1	0.732000	0.159000	1.5910	1.6160
28/06/19	18:40:05.913	437	1	0.738000	0.159000	1.5750	1.5850
28/06/19	18:40:06.081	438	1	0.740000	0.159000	1.5580	1.5850
28/06/19	18:40:06.286	439	1	0.740000	0.160000	1.5410	1.5600
28/06/19	18:40:06.511	440	1	0.740000	0.159000	1.5300	1.5460
28/06/19	18:40:06.715	441	1	0.740000	0.159000	1.5210	1.5400
28/06/19	18:40:06.882	442	1	0.745000	0.159000	1.4990	1.5070
28/06/19	18:40:07.088	443	1	0.745000	0.160000	1.4850	1.5210
28/06/19	18:40:07.302	444	1	0.746000	0.161000	1.4600	1.4900
28/06/19	18:40:07.508	445	1	0.745000	0.161000	1.4760	1.4790
28/06/19	18:40:07.686	446	1	0.757000	0.159000	1.4650	1.4650
28/06/19	18:40:07.895	447	1	0.757000	0.164000	1.4400	1.4540
28/06/19	18:40:08.105	448	1	0.762000	0.163000	1.4180	1.4450
28/06/19	18:40:08.314	449	1	0.756000	0.163000	1.3950	1.4260
28/06/19	18:40:08.475	450	1	0.754000	0.163000	1.4090	1.4170
28/06/19	18:40:08.683	451	1	0.754000	0.165000	1.3760	1.3950
28/06/19	18:40:08.891	452	1	0.767000	0.164000	1.3620	1.4000
28/06/19	18:40:09.101	453	1	0.766000	0.164000	1.3590	1.3700
28/06/19	18:40:09.306	454	1	0.770000	0.165000	1.3340	1.3720
28/06/19	18:40:09.531	455	1	0.770000	0.165000	1.3280	1.3560
28/06/19	18:40:09.676	456	1	0.766000	0.167000	1.3220	1.3470
28/06/19	18:40:09.887	457	1	0.777000	0.167000	1.2800	1.3050
28/06/19	18:40:10.099	458	1	0.769000	0.167000	1.2750	1.3250
28/06/19	18:40:10.306	459	1	0.769000	0.165000	1.2630	1.2970
28/06/19	18:40:10.512	460	1	0.772000	0.166000	1.2470	1.2850
28/06/19	18:40:10.684	461	1	0.777000	0.166000	1.2330	1.2660
28/06/19	18:40:10.893	462	1	0.777000	0.167000	1.2300	1.2660
28/06/19	18:40:11.107	463	1	0.777000	0.168000	1.2300	1.2290
28/06/19	18:40:11.315	464	1	0.784000	0.170000	1.1880	1.2380
28/06/19	18:40:11.477	465	1	0.782000	0.170000	1.1960	1.2040
28/06/19	18:40:11.685	466	1	0.794000	0.168000	1.1850	1.2150
28/06/19	18:40:11.891	467	1	0.794000	0.172000	1.1680	1.1820
28/06/19	18:40:12.101	468	1	0.797000	0.171000	1.1460	1.1870
28/06/19	18:40:12.310	469	1	0.795000	0.171000	1.1460	1.1540
28/06/19	18:40:12.479	470	1	0.802000	0.171000	1.1290	1.1400
28/06/19	18:40:12.687	471	1	0.802000	0.172000	1.1180	1.1260
28/06/19	18:40:12.895	472	1	0.803000	0.173000	1.0870	1.1230
28/06/19	18:40:13.108	473	1	0.801000	0.173000	1.0700	1.1150
28/06/19	18:40:13.316	474	1	0.801000	0.171000	1.0670	1.0950
28/06/19	18:40:13.483	475	1	0.801000	0.174000	1.0510	1.0920
28/06/19	18:40:13.691	476	1	0.809000	0.173000	1.0530	1.0730
28/06/19	18:40:13.904	477	1	0.816000	0.173000	1.0480	1.0500
28/06/19	18:40:14.112	478	1	0.824000	0.175000	1.0140	1.0390
28/06/19	18:40:14.318	479	1	0.824000	0.175000	1.0030	1.0160
28/06/19	18:40:14.478	480	1	0.815000	0.175000	1.0000	1.0000
28/06/19	18:40:14.694	481	1	0.824000	0.175000	0.9860	1.0050
28/06/19	18:40:14.902	482	1	0.826000	0.177000	0.9520	0.9770
28/06/19	18:40:15.109	483	1	0.826000	0.175000	0.9300	0.9800
28/06/19	18:40:15.275	484	1	0.820000	0.174000	0.9500	0.9720
28/06/19	18:40:15.487	485	1	0.833000	0.174000	0.9240	0.9490
28/06/19	18:40:15.702	486	1	0.832000	0.179000	0.9050	0.9320
28/06/19	18:40:15.915	487	1	0.832000	0.177000	0.8960	0.9300
28/06/19	18:40:16.081	488	1	0.829000	0.178000	0.8960	0.9130
28/06/19	18:40:16.295	489	1	0.840000	0.178000	0.8820	0.8790
28/06/19	18:40:16.505	490	1	0.843000	0.180000	0.8520	0.8740
28/06/19	18:40:16.719	491	1	0.843000	0.179000	0.8350	0.8820
28/06/19	18:40:16.880	492	1	0.839000	0.179000	0.8460	0.8540
28/06/19	18:40:17.085	493	1	0.852000	0.179000	0.8100	0.8290
28/06/19	18:40:17.293	494	1	0.842000	0.183000	0.8180	0.8290
28/06/19	18:40:17.505	495	1	0.842000	0.183000	0.7790	0.7920
28/06/19	18:40:17.718	496	1	0.854000	0.180000	0.7900	0.7920
28/06/19	18:40:17.873	497	1	0.857000	0.180000	0.7540	0.7730
28/06/19	18:40:18.093	498	1	0.848000	0.184000	0.7540	0.7670
28/06/19	18:40:18.302	499	1	0.848000	0.184000	0.7250	0.7590
28/06/19	18:40:18.517	500	1	0.859000	0.182000	0.7140	0.7530
28/06/19	18:40:18.684	501	1	0.857000	0.182000	0.7110	0.7420
28/06/19	18:40:18.897	502	1	0.860000	0.183000	0.6920	0.7000
28/06/19	18:40:19.108	503	1	0.860000	0.184000	0.6890	0.6910
28/06/19	18:40:19.319	504	1	0.862000	0.186000	0.6640	0.6890
28/06/19	18:40:19.480	505	1	0.866000	0.186000	0.6440	0.6800
28/06/19	18:40:19.688	506	1	0.863000	0.185000	0.6390	0.6770
28/06/19	18:40:19.897	507	1	0.863000	0.186000	0.6190	0.6510
28/06/19	18:40:20.104	508	1	0.870000	0.186000	0.6300	0.6560
28/06/19	18:40:20.312	509	1	0.882000	0.186000	0.5880	0.6030
28/06/19	18:40:20.480	510	1	0.874000	0.189000	0.5910	0.6230
28/06/19	18:40:20.688	511	1	0.874000	0.188000	0.5690	0.5860
28/06/19	18:40:20.899	512	1	0.880000	0.188000	0.5460	0.5780
28/06/19	18:40:21.105	513	1	0.876000	0.188000	0.5270	0.5500
28/06/19	18:40:21.317	514	1	0.878000	0.187000	0.5180	0.5470
28/06/19	18:40:21.483	515	1	0.878000	0.187000	0.5180	0.5470
28/06/19	18:40:21.692	516	1	0.878000	0.190000	0.5320	0.5110
28/06/19	18:40:21.907	517	1	0.898000	0.190000	0.4960	0.5220
28/06/19	18:40:22.111	518	1	0.893000	0.193000	0.4620	0.5080
28/06/19	18:40:22.278	519	1	0.893000	0.189000	0.4710	0.4880
28/06/19	18:40:22.502	520	1	0.889000	0.192000	0.4480	0.4740
28/06/19	18:40:22.700	521	1	0.896000	0.192000	0.4280	0.4570
28/06/19	18:40:22.915	522	1	0.896000	0.191000	0.4340	0.4410
28/06/19	18:40:23.076	523	1	0.896000	0.194000	0.4200	0.4320
28/06/19	18:40:23.290	524	1	0.907000	0.194000	0.4060	0.4210
28/06/19	18:40:23.501	525	1	0.907000	0.194000	0.3950	0.4010
28/06/19	18:40:23.711	526	1	0.911000	0.194000	0.3950	0.3960
28/06/19	18:40:23.883	527	1	0.911000	0.197000	0.3670	0.3850
28/06/19	18:40:24.096	528	1	0.918000	0.196000	0.3640	0.3680
28/06/19	18:40:24.306	529	1	0.924000	0.196000	0.3420	0.3590
28/06/19	18:40:24.516	530	1	0.920000	0.198000	0.3250	0.3480
28/06/19	18:40:24.677	531	1	0.920000	0.197000	0.3050	0.3170
28/06/19	18:40:24.884	532	1	0.922000	0.196000	0.2910	0.3120
28/06/19	18:40:25.093	533	1	0.924000	0.196000	0.2740	0.3010
28/06/19	18:40:25.302	534	1	0.923000	0.197000	0.2600	0.2890
28/06/19	18:40:25.516	535	1	0.923000	0.197000	0.2300	0.2670
28/06/19	18:40:25.678	536	1	0.924000	0.195000	0.2460	0.2500
28/06/19	18:40:25.893	537	1	0.931000	0.195000	0.2300	0.2280
28/06/19	18:40:26.101	538	1	0.936000	0.199000	0.2210	0.2360
28/06/19	18:40:26.317	539	1	0.936000	0.201000	0.1850	0.2140
28/06/19	18:40:26.484	540	1	0.940000	0.198000	0.1760	0.2050
28/06/19	18:40:26.697	541	1	0.935000	0.198000	0.1790	0.1910
28/06/19	18:40:26.902	542	1	0.944000	0.199000	0.1450	0.1860
28/06/19	18:40:27.114	543	1	0.944000	0.199000	0.1260	0.1460
28/06/19	18:40:27.273	544	1	0.936000	0.199000	0.1200	0.1720
28/06/19	18:40:27.482	545	1	0.941000	0.199000	0.1340	0.1160
28/06/19	18:40:27.709	546	1	0.954000	0.200000	0.0950	0.1180
28/06/19	18:40:27.924	547	1	0.954000	0.201000	0.0640	0.1240
28/06/19	18:40:28.075	548	1	0.945000	0.200000	0.0810	0.0990
28/06/19	18:40:28.287	549	1	0.955000	0.200000	0.0560	0.0930
28/06/19	18:40:28.494	550	1	0.952000	0.204000	0.0610	0.0680
28/06/19	18:40:28.708	551	1	0.952000	0.206000	0.0390	0.0620
28/06/19	18:40:28.915	552	1	0.964000	0.205000	0.0390	0.0540
28/06/19	18:40:29.082	553	1	0.968000	0.205000	0.0000	0.0340
28/06/19	18:40:29.295	554	1	0.959000	0.207000	-0.0170	0.0340
28/06/19	18:40:29.500	555	1	0.959000	0.204000	-0.0170	0.0090
28/06/19	18:40:29.710	556	1	0.960000	0.206000	-0.0250	0.0060
28/06/19	18:40:29.876	557	1	0.969000	0.206000	-0.0280	-0.0220
28/06/19	18:40:30.085	558	1	0.977000	0.207000	-0.0390	-0.0260
28/06/19	18:40:30.292	559	1	0.977000	0.210000	-0.0700	-0.0510
28/06/19	18:40:30.518	560	1	0.982000	0.208000	-0.0840	-0.0650
28/06/19	18:40:30.677	561	1	0.976000	0.208000	-0.0930	-0.0480
28/06/19	18:40:30.890	562	1	0.980000	0.208000	-0.1100	-0.0760
28/06/19	18:40:31.099	563	1	0.980000	0.209000	-0.1180	-0.0900
28/06/19	18:40:31.307	564	1	0.982000	0.210000	-0.1260	-0.0990
28/06/19	18:40:31.476	565	1	0.988000	0.210000	-0.1460	-0.1130
28/06/19	18:40:31.690	566	1	0.990000	0.211000	-0.1630	-0.1270
28/06/19	18:40:31.901	567	1	0.990000	0.211000	-0.1520	-0.1440
28/06/19	18:40:32.108	568	1	0.990000	0.214000	-0.1880	-0.1630
28/06/19	18:40:32.282	569	1	0.994000	0.214000	-0.1940	-0.1740
28/06/19	18:40:32.496	570	1	0.998000	0.212000	-0.2160	-0.2020
28/06/19	18:40:32.710	571	1	0.998000	0.212000	-0.2190	-0.1940
28/06/19	18:40:32.917	572	1	0.998000	0.214000	-0.2360	-0.2190
28/06/19	18:40:33.076	573	1	1.004000	0.214000	-0.2580	-0.2220
28/06/19	18:40:33.285	574	1	1.006000	0.214000	-0.2470	-0.2470
28/06/19	18:40:33.501	575	1	1.006000	0.217000	-0.2830	-0.2500
28/06/19	18:40:33.708	576	1	1.016000	0.215000	-0.2970	-0.2580
28/06/19	18:40:33.876	577	1	1.009000	0.215000	-0.3140	-0.2810
28/06/19	18:40:34.094	578	1	1.011000	0.215000	-0.3080	-0.3030
28/06/19	18:40:34.302	579	1	1.011000	0.218000	-0.3420	-0.3060
28/06/19	18:40:34.510	580	1	1.021000	0.216000	-0.3360	-0.3370
28/06/19	18:40:34.685	581	1	1.024000	0.216000	-0.3760	-0.3680
28/06/19	18:40:34.898	582	1	1.016000	0.219000	-0.3780	-0.3450
28/06/19	18:40:35.107	583	1	1.016000	0.218000	-0.4070	-0.3730
28/06/19	18:40:35.320	584	1	1.023000	0.216000	-0.4040	-0.3730
28/06/19	18:40:35.475	585	1	1.022000	0.216000	-0.4230	-0.4180
28/06/19	18:40:35.689	586	1	1.024000	0.218000	-0.4370	-0.4150
28/06/19	18:40:35.897	587	1	1.024000	0.218000	-0.4490	-0.4410
28/06/19	18:40:36.108	588	1	1.023000	0.219000	-0.4570	-0.4360
28/06/19	18:40:36.276	589	1	1.031000	0.219000	-0.4740	-0.4560
28/06/19	18:40:36.491	590	1	1.031000	0.220000	-0.5020	-0.4670
28/06/19	18:40:36.700	591	1	1.031000	0.218000	-0.5300	-0.4840
28/06/19	18:40:36.913	592	1	1.029000	0.217000	-0.5210	-0.4950
28/06/19	18:40:37.082	593	1	1.036000	0.217000	-0.5210	-0.4950
28/06/19	18:40:37.295	594	1	1.044000	0.221000	-0.5490	-0.5230
28/06/19	18:40:37.505	595	1	1.044000	0.221000	-0.5490	-0.5230
28/06/19	18:40:37.712	596	1	1.039000	0.223000	-0.5580	-0.5600
28/06/19	18:40:37.876	597	1	1.048000	0.223000	-0.5830	-0.5480
28/06/19	18:40:38.089	598	1	1.047000	0.223000	-0.6050	-0.5710
28/06/19	18:40:38.310	599	1	1.047000	0.222000	-0.6140	-0.5750
28/06/19	18:40:38.514	600	1	1.048000	0.224000	-0.6220	-0.6030
28/06/19	18:40:38.680	601	1	1.055000	0.224000	-0.6330	-0.6200
28/06/19	18:40:38.887	602	1	1.056000	0.225000	-0.6450	-0.6140
28/06/19	18:40:39.103	603	1	1.056000	0.226000	-0.6700	-0.6450
28/06/19	18:40:39.311	604	1	1.060000	0.224000	-0.6500	-0.6400
28/06/19	18:40:39.483	605	1	1.073000	0.224000	-0.6870	-0.6480
28/06/19	18:40:39.692	606	1	1.064000	0.230000	-0.7010	-0.6820
28/06/19	18:40:39.902	607	1	1.064000	0.227000	-0.7200	-0.6900
28/06/19	18:40:40.117	608	1	1.067000	0.227000	-0.7120	-0.7040
28/06/19	18:40:40.276	609	1	1.077000	0.227000	-0.7260	-0.7030
28/06/19	18:40:40.484	610	1	1.079000	0.230000	-0.7510	-0.7080
28/06/19	18:40:40.691	611	1	1.079000	0.229000	-0.7460	-0.7360
28/06/19	18:40:40.897	612	1	1.076000	0.232000	-0.7790	-0.7610
28/06/19	18:40:41.108	613	1	1.081000	0.232000	-0.7650	-0.7730
28/06/19	18:40:41.314	614	1	1.094000	0.230000	-0.8100	-0.7640
28/06/19	18:40:41.475	615	1	1.094000	0.230000	-0.8100	-0.7840
28/06/19	18:40:41.684	616	1	1.083000	0.232000	-0.8240	-0.8150
28/06/19	18:40:41.896	617	1	1.092000	0.232000	-0.8300	-0.8260
28/06/19	18:40:42.104	618	1	1.096000	0.233000	-0.8550	-0.8340
28/06/19	18:40:42.316	619	1	1.096000	0.233000	-0.8770	-0.8400
28/06/19	18:40:42.482	620	1	1.094000	0.232000	-0.8690	-0.8480
28/06/19	18:40:42.692	621	1	1.104000	0.232000	-0.8830	-0.8650
28/06/19	18:40:42.901	622	1	1.105000	0.236000	-0.9050	-0.8870
28/06/19	18:40:43.112	623	1	1.105000	0.234000	-0.9050	-0.9100
28/06/19	18:40:43.276	624	1	1.103000	0.237000	-0.9470	-0.9210
28/06/19	18:40:43.483	625	1	1.101000	0.237000	-0.9530	-0.9150
28/06/19	18:40:43.690	626	1	1.105000	0.234000	-0.9700	-0.9180
28/06/19	18:40:43.915	627	1	1.105000	0.235000	-0.9840	-0.9580
28/06/19	18:40:44.119	628	1	1.106000	0.236000	-0.9810	-0.9690
28/06/19	18:40:44.275	629	1	1.116000	0.236000	-1.0010	-0.9770
28/06/19	18:40:44.489	630	1	1.117000	0.238000	-1.0030	-0.9830
28/06/19	18:40:44.700	631	1	1.117000	0.240000	-1.0170	-1.0050
28/06/19	18:40:44.907	632	1	1.123000	0.239000	-1.0290	-1.0080
28/06/19	18:40:45.081	633	1	1.128000	0.239000	-1.0680	-1.0280
28/06/19	18:40:45.295	634	1	1.119000	0.241000	-1.0730	-1.0470
28/06/19	18:40:45.505	635	1	1.119000	0.238000	-1.0870	-1.0500
28/06/19	18:40:45.712	636	1	1.123000	0.239000	-1.0960	-1.0720
28/06/19	18:40:45.878	637	1	1.131000	0.239000	-1.1270	-1.0950
28/06/19	18:40:46.101	638	1	1.125000	0.241000	-1.1320	-1.0840
28/06/19	18:40:46.304	639	1	1.125000	0.240000	-1.1410	-1.1140
28/06/19	18:40:46.511	640	1	1.129000	0.241000	-1.1490	-1.1310
28/06/19	18:40:46.674	641	1	1.135000	0.241000	-1.1460	-1.1340
28/06/19	18:40:46.884	642	1	1.146000	0.242000	-1.1850	-1.1480
28/06/19	18:40:47.096	643	1	1.146000	0.242000	-1.1830	-1.1790
28/06/19	18:40:47.303	644	1	1.138000	0.244000	-1.2220	-1.1700
28/06/19	18:40:47.510	645	1	1.136000	0.244000	-1.2270	-1.2010
28/06/19	18:40:47.683	646	1	1.142000	0.241000	-1.2220	-1.2070
28/06/19	18:40:47.892	647	1	1.142000	0.246000	-1.2130	-1.2240
28/06/19	18:40:48.104	648	1	1.153000	0.249000	-1.2500	-1.2210
28/06/19	18:40:48.317	649	1	1.155000	0.249000	-1.2840	-1.2410
28/06/19	18:40:48.475	650	1	1.147000	0.246000	-1.2860	-1.2690
28/06/19	18:40:48.682	651	1	1.147000	0.246000	-1.2890	-1.2550
28/06/19	18:40:48.908	652	1	1.157000	0.247000	-1.3170	-1.2770
28/06/19	18:40:49.110	653	1	1.158000	0.247000	-1.3090	-1.2940
28/06/19	18:40:49.277	654	1	1.167000	0.246000	-1.3280	-1.3270
28/06/19	18:40:49.489	655	1	1.167000	0.249000	-1.3400	-1.3360
28/06/19	18:40:49.698	656	1	1.168000	0.249000	-1.3450	-1.3470
28/06/19	18:40:49.913	657	1	1.176000	0.249000	-1.3680	-1.3390
28/06/19	18:40:50.075	658	1	1.173000	0.250000	-1.3820	-1.3360
28/06/19	18:40:50.292	659	1	1.173000	0.251000	-1.4010	-1.3830
28/06/19	18:40:50.499	660	1	1.177000	0.249000	-1.4120	-1.3830
28/06/19	18:40:50.713	661	1	1.178000	0.249000	-1.4350	-1.3950
28/06/19	18:40:50.880	662	1	1.176000	0.251000	-1.4400	-1.4000
28/06/19	18:40:51.093	663	1	1.176000	0.252000	-1.4540	-1.4170
28/06/19	18:40:51.301	664	1	1.183000	0.252000	-1.4570	-1.4340
28/06/19	18:40:51.510	665	1	1.191000	0.252000	-1.4940	-1.4670
28/06/19	18:40:51.675	666	1	1.181000	0.254000	-1.4990	-1.4230
28/06/19	18:40:51.883	667	1	1.181000	0.252000	-1.5020	-1.4810
28/06/19	18:40:52.092	668	1	1.188000	0.254000	-1.5160	-1.4730
28/06/19	18:40:52.302	669	1	1.195000	0.254000	-1.5500	-1.5120
28/06/19	18:40:52.508	670	1	1.189000	0.254000	-1.5550	-1.5350
28/06/19	18:40:52.674	671	1	1.189000	0.253000	-1.5690	-1.5400
28/06/19	18:40:52.887	672	1	1.194000	0.254000	-1.5670	-1.5520
28/06/19	18:40:53.098	673	1	1.204000	0.254000	-1.5890	-1.5600
28/06/19	18:40:53.305	674	1	1.202000	0.257000	-1.5920	-1.5820
28/06/19	18:40:53.520	675	1	1.202000	0.257000	-1.6000	-1.6020
28/06/19	18:40:53.680	676	1	1.209000	0.258000	-1.6200	-1.5960
28/06/19	18:40:53.882	677	1	1.213000	0.258000	-1.6390	-1.6190
28/06/19	18:40:54.107	678	1	1.211000	0.258000	-1.6650	-1.6300
28/06/19	18:40:54.310	679	1	1.211000	0.257000	-1.6560	-1.6340
28/06/19	18:40:54.529	680	1	1.209000	0.259000	-1.6800	-1.6680
28/06/19	18:40:54.674	681	1	1.217000	0.259000	-1.6860	-1.6760
28/06/19	18:40:54.889	682	1	1.224000	0.258000	-1.6940	-1.6650
28/06/19	18:40:55.104	683	1	1.224000	0.261000	-1.7220	-1.7130
28/06/19	18:40:55.318	684	1	1.228000	0.260000	-1.7330	-1.7010
28/06/19	18:40:55.479	685	1	1.225000	0.260000	-1.7390	-1.7320
28/06/19	18:40:55.686	686	1	1.233000	0.261000	-1.7560	-1.7320
28/06/19	18:40:55.887	687	1	1.233000	0.261000	-1.7860	-1.7550
28/06/19	18:40:56.113	688	1	1.230000	0.260000	-1.7980	-1.7770
28/06/19	18:40:56.316	689	1	1.228000	0.260000	-1.8060	-1.7810
28/06/19	18:40:56.478	690	1	1.232000	0.261000	-1.8100	-1.7780
28/06/19	18:40:56.690	691	1	1.232000	0.263000	-1.8380	-1.8120
28/06/19	18:40:56.905	692	1	1.239000	0.262000	-1.8410	-1.8210
28/06/19	18:40:57.114	693	1	1.239000	0.262000	-1.8360	-1.8290
28/06/19	18:40:57.281	694	1	1.250000	0.263000	-1.8690	-1.8290
28/06/19	18:40:57.490	695	1	1.250000	0.264000	-1.8860	-1.8630
28/06/19	18:40:57.702	696	1	1.244000	0.264000	-1.9060	-1.8650
28/06/19	18:40:57.907	697	1	1.245000	0.264000	-1.9170	-1.8790
28/06/19	18:40:58.076	698	1	1.245000	0.264000	-1.9170	-1.8910
28/06/19	18:40:58.304	699	1	1.245000	0.267000	-1.9340	-1.9190
28/06/19	18:40:58.495	700	1	1.252000	0.266000	-1.9500	-1.9020
28/06/19	18:40:58.720	701	1	1.254000	0.266000	-1.9560	-1.9270
28/06/19	18:40:58.875	702	1	1.262000	0.266000	-1.9640	-1.9410
28/06/19	18:40:59.084	703	1	1.262000	0.269000	-1.9870	-1.9440
28/06/19	18:40:59.299	704	1	1.265000	0.268000	-2.0040	-1.9860
28/06/19	18:40:59.514	705	1	1.262000	0.268000	-2.0060	-1.9890
28/06/19	18:40:59.681	706	1	1.269000	0.269000	-2.0200	-2.0000
28/06/19	18:40:59.895	707	1	1.269000	0.270000	-2.0430	-1.9940
28/06/19	18:41:00.108	708	1	1.270000	0.270000	-2.0320	-2.0140
28/06/19	18:41:00.320	709	1	1.281000	0.269000	-2.0710	-2.0360
28/06/19	18:41:00.476	710	1	1.281000	0.270000	-2.0760	-2.0460
28/06/19	18:41:00.689	711	1	1.272000	0.272000	-2.0760	-2.0660
28/06/19	18:41:00.897	712	1	1.287000	0.272000	-2.0850	-2.0850
28/06/19	18:41:01.106	713	1	1.291000	0.274000	-2.1100	-2.0850
28/06/19	18:41:01.274	714	1	1.291000	0.274000	-2.1350	-2.1050
28/06/19	18:41:01.486	715	1	1.290000	0.273000	-2.1440	-2.0990
28/06/19	18:41:01.697	716	1	1.290000	0.273000	-2.1490	-2.1300
28/06/19	18:41:01.909	717	1	1.293000	0.274000	-2.1720	-2.1330
28/06/19	18:41:02.079	718	1	1.293000	0.274000	-2.1910	-2.1390
28/06/19	18:41:02.288	719	1	1.291000	0.274000	-2.1890	-2.1360
28/06/19	18:41:02.499	720	1	1.298000	0.274000	-2.2190	-2.1830
28/06/19	18:41:02.717	721	1	1.295000	0.276000	-2.2250	-2.2000
28/06/19	18:41:02.879	722	1	1.295000	0.276000	-2.2280	-2.2110
28/06/19	18:41:03.102	723	1	1.300000	0.278000	-2.2420	-2.2340
28/06/19	18:41:03.306	724	1	1.308000	0.278000	-2.2500	-2.2200
28/06/19	18:41:03.507	725	1	1.311000	0.278000	-2.2700	-2.2450
28/06/19	18:41:03.673	726	1	1.311000	0.279000	-2.3010	-2.2730
28/06/19	18:41:03.887	727	1	1.312000	0.277000	-2.2890	-2.2900
28/06/19	18:41:04.096	728	1	1.320000	0.277000	-2.3230	-2.2900
28/06/19	18:41:04.303	729	1	1.310000	0.281000	-2.3510	-2.2980
28/06/19	18:41:04.515	730	1	1.310000	0.277000	-2.3370	-2.3180
28/06/19	18:41:04.682	731	1	1.307000	0.281000	-2.3650	-2.3240
28/06/19	18:41:04.896	732	1	1.315000	0.281000	-2.3430	-2.3400
28/06/19	18:41:05.103	733	1	1.332000	0.279000	-2.3820	-2.3540
28/06/19	18:41:05.313	734	1	1.332000	0.281000	-2.3930	-2.3630
28/06/19	18:41:05.473	735	1	1.324000	0.282000	-2.4070	-2.3660
28/06/19	18:41:05.682	736	1	1.328000	0.282000	-2.4350	-2.3990
28/06/19	18:41:05.890	737	1	1.326000	0.282000	-2.4320	-2.3990
28/06/19	18:41:06.100	738	1	1.326000	0.284000	-2.4520	-2.4300
28/06/19	18:41:06.306	739	1	1.335000	0.283000	-2.4580	-2.4270
28/06/19	18:41:06.475	740	1	1.337000	0.283000	-2.4660	-2.4380
28/06/19	18:41:06.685	741	1	1.344000	0.285000	-2.4740	-2.4500
28/06/19	18:41:06.891	742	1	1.344000	0.287000	-2.4910	-2.4660
28/06/19	18:41:07.106	743	1	1.347000	0.286000	-2.5160	-2.4800
28/06/19	18:41:07.280	744	1	1.346000	0.286000	-2.5250	-2.4920
28/06/19	18:41:07.493	745	1	1.348000	0.286000	-2.5420	-2.5200
28/06/19	18:41:07.700	746	1	1.348000	0.286000	-2.5530	-2.5220
28/06/19	18:41:07.911	747	1	1.346000	0.286000	-2.5720	-2.5360
28/06/19	18:41:08.072	748	1	1.350000	0.286000	-2.5950	-2.5560
28/06/19	18:41:08.279	749	1	1.347000	0.286000	-2.5810	-2.5560
28/06/19	18:41:08.490	750	1	1.347000	0.290000	-2.6230	-2.5790
28/06/19	18:41:08.697	751	1	1.361000	0.287000	-2.6200	-2.5930
28/06/19	18:41:08.906	752	1	1.359000	0.287000	-2.6320	-2.6040
28/06/19	18:41:09.074	753	1	1.363000	0.289000	-2.6430	-2.6150
28/06/19	18:41:09.287	754	1	1.363000	0.291000	-2.6520	-2.6380
28/06/19	18:41:09.494	755	1	1.367000	0.292000	-2.6770	-2.6350
28/06/19	18:41:09.703	756	1	1.366000	0.292000	-2.6660	-2.6550
28/06/19	18:41:09.916	757	1	1.378000	0.290000	-2.6970	-2.6720
28/06/19	18:41:10.081	758	1	1.378000	0.292000	-2.7050	-2.6660
28/06/19	18:41:10.295	759	1	1.373000	0.293000	-2.7140	-2.6860
28/06/19	18:41:10.503	760	1	1.380000	0.293000	-2.7370	-2.7000
28/06/19	18:41:10.713	761	1	1.378000	0.294000	-2.7340	-2.7090
28/06/19	18:41:10.873	762	1	1.378000	0.296000	-2.7590	-2.7370
28/06/19	18:41:11.083	763	1	1.387000	0.295000	-2.7710	-2.7400
28/06/19	18:41:11.291	764	1	1.386000	0.295000	-2.8070	-2.7540
28/06/19	18:41:11.498	765	1	1.380000	0.295000	-2.8240	-2.7740
28/06/19	18:41:11.724	766	1	1.381000	0.293000	-2.8410	-2.7880
28/06/19	18:41:11.876	767	1	1.381000	0.293000	-2.8240	-2.7990
28/06/19	18:41:12.083	768	1	1.394000	0.293000	-2.8360	-2.8190
28/06/19	18:41:12.291	769	1	1.398000	0.297000	-2.8670	-2.8360
28/06/19	18:41:12.503	770	1	1.398000	0.296000	-2.8780	-2.8480
28/06/19	18:41:12.678	771	1	1.393000	0.297000	-2.8780	-2.8450
28/06/19	18:41:12.892	772	1	1.404000	0.297000	-2.8900	-2.8820
28/06/19	18:41:13.100	773	1	1.404000	0.299000	-2.9070	-2.8670
28/06/19	18:41:13.317	774	1	1.405000	0.298000	-2.9120	-2.9070
28/06/19	18:41:13.471	775	1	1.405000	0.301000	-2.9120	-2.8990
28/06/19	18:41:13.698	776	1	1.419000	0.301000	-2.9380	-2.9240
28/06/19	18:41:13.895	777	1	1.417000	0.303000	-2.9630	-2.9300
28/06/19	18:41:14.120	778	1	1.415000	0.301000	-2.9720	-2.9350
28/06/19	18:41:14.271	779	1	1.415000	0.302000	-2.9800	-2.9640
28/06/19	18:41:14.482	780	1	1.421000	0.302000	-3.0000	-2.9580
28/06/19	18:41:14.696	781	1	1.420000	0.303000	-3.0200	-2.9610
28/06/19	18:41:14.904	782	1	1.420000	0.302000	-3.0310	-2.9980
28/06/19	18:41:15.111	783	1	1.421000	0.303000	-3.0340	-3.0030
28/06/19	18:41:15.278	784	1	1.427000	0.303000	-3.0480	-3.0230
28/06/19	18:41:15.491	785	1	1.431000	0.304000	-3.0630	-3.0460
28/06/19	18:41:15.699	786	1	1.431000	0.305000	-3.1020	-3.0430
28/06/19	18:41:15.908	787	1	1.433000	0.302000	-3.0940	-3.0600
28/06/19	18:41:16.074	788	1	1.432000	0.302000	-3.1250	-3.0740
28/06/19	18:41:16.282	789	1	1.427000	0.305000	-3.1280	-3.1000
28/06/19	18:41:16.493	790	1	1.427000	0.305000	-3.0990	-3.1110
28/06/19	18:41:16.699	791	1	1.435000	0.310000	-3.1590	-3.1250
28/06/19	18:41:16.914	792	1	1.437000	0.305000	-3.1620	-3.1140
28/06/19	18:41:17.076	793	1	1.443000	0.305000	-3.1620	-3.1370
28/06/19	18:41:17.283	794	1	1.443000	0.309000	-3.1900	-3.1620
28/06/19	18:41:17.498	795	1	1.450000	0.308000	-3.1930	-3.1760
28/06/19	18:41:17.707	796	1	1.454000	0.308000	-3.2070	-3.1760
28/06/19	18:41:17.880	797	1	1.455000	0.310000	-3.2180	-3.1910
28/06/19	18:41:18.093	798	1	1.455000	0.311000	-3.2500	-3.2220
28/06/19	18:41:18.303	799	1	1.460000	0.309000	-3.2550	-3.2300
28/06/19	18:41:18.520	800	1	1.457000	0.310000	-3.2670	-3.2300
28/06/19	18:41:18.676	801	1	1.461000	0.310000	-3.3120	-3.2610
28/06/19	18:41:18.891	802	1	1.461000	0.307000	-3.3010	-3.2810
28/06/19	18:41:19.099	803	1	1.449000	0.311000	-3.2980	-3.2560
28/06/19	18:41:19.311	804	1	1.468000	0.311000	-3.3290	-3.2780
28/06/19	18:41:19.475	805	1	1.464000	0.312000	-3.3290	-3.2950
28/06/19	18:41:19.687	806	1	1.464000	0.313000	-3.3350	-3.3010
28/06/19	18:41:19.894	807	1	1.470000	0.315000	-3.3710	-3.3290
28/06/19	18:41:20.109	808	1	1.468000	0.315000	-3.3660	-3.3270
28/06/19	18:41:20.285	809	1	1.479000	0.312000	-3.3880	-3.3490
28/06/19	18:41:20.495	810	1	1.479000	0.313000	-3.3940	-3.3630
28/06/19	18:41:20.702	811	1	1.476000	0.315000	-3.4050	-3.3690
28/06/19	18:41:20.911	812	1	1.484000	0.315000	-3.4370	-3.3950
28/06/19	18:41:21.120	813	1	1.481000	0.316000	-3.4370	-3.4030
28/06/19	18:41:21.276	814	1	1.481000	0.316000	-3.4510	-3.4230
28/06/19	18:41:21.488	815	1	1.488000	0.317000	-3.4620	-3.4370
28/06/19	18:41:21.696	816	1	1.491000	0.317000	-3.4850	-3.4460
28/06/19	18:41:21.905	817	1	1.490000	0.318000	-3.4930	-3.4630
28/06/19	18:41:22.071	818	1	1.490000	0.317000	-3.4790	-3.4630
28/06/19	18:41:22.287	819	1	1.494000	0.321000	-3.5130	-3.4740
28/06/19	18:41:22.499	820	1	1.502000	0.321000	-3.5190	-3.4820
28/06/19	18:41:22.711	821	1	1.506000	0.319000	-3.5410	-3.5250
28/06/19	18:41:22.879	822	1	1.506000	0.319000	-3.5300	-3.5250
28/06/19	18:41:23.088	823	1	1.502000	0.323000	-3.5730	-3.5450
28/06/19	18:41:23.300	824	1	1.507000	0.323000	-3.5840	-3.5620
28/06/19	18:41:23.513	825	1	1.509000	0.321000	-3.6070	-3.5530
28/06/19	18:41:23.672	826	1	1.509000	0.319000	-3.6070	-3.5790
28/06/19	18:41:23.889	827	1	1.505000	0.322000	-3.6180	-3.5790
28/06/19	18:41:24.093	828	1	1.514000	0.322000	-3.6430	-3.6300
28/06/19	18:41:24.305	829	1	1.513000	0.322000	-3.6430	-3.5990
28/06/19	18:41:24.473	830	1	1.513000	0.323000	-3.6490	-3.6300
28/06/19	18:41:24.684	831	1	1.521000	0.325000	-3.6690	-3.6470
28/06/19	18:41:24.890	832	1	1.525000	0.325000	-3.6860	-3.6550
28/06/19	18:41:25.104	833	1	1.525000	0.324000	-3.7030	-3.6840
28/06/19	18:41:25.310	834	1	1.525000	0.324000	-3.7260	-3.6750
28/06/19	18:41:25.478	835	1	1.527000	0.323000	-3.7340	-3.7010
28/06/19	18:41:25.685	836	1	1.527000	0.323000	-3.7450	-3.7150
28/06/19	18:41:25.904	837	1	1.530000	0.324000	-3.7450	-3.7120
28/06/19	18:41:26.077	838	1	1.530000	0.327000	-3.7540	-3.7370
28/06/19	18:41:26.288	839	1	1.538000	0.328000	-3.8050	-3.7490
28/06/19	18:41:26.507	840	1	1.529000	0.328000	-3.7880	-3.7600
28/06/19	18:41:26.710	841	1	1.542000	0.324000	-3.8160	-3.7800
28/06/19	18:41:26.878	842	1	1.542000	0.328000	-3.8280	-3.7800
28/06/19	18:41:27.087	843	1	1.541000	0.328000	-3.8390	-3.7830
28/06/19	18:41:27.294	844	1	1.545000	0.328000	-3.8530	-3.7970
28/06/19	18:41:27.507	845	1	1.546000	0.328000	-3.8480	-3.8340
28/06/19	18:41:27.674	846	1	1.546000	0.331000	-3.8640	-3.8420
28/06/19	18:41:27.883	847	1	1.555000	0.331000	-3.8930	-3.8420
28/06/19	18:41:28.092	848	1	1.554000	0.331000	-3.8960	-3.8540
28/06/19	18:41:28.307	849	1	1.557000	0.330000	-3.9100	-3.8930
28/06/19	18:41:28.480	850	1	1.557000	0.332000	-3.9040	-3.8850
28/06/19	18:41:28.690	851	1	1.561000	0.335000	-3.9180	-3.8880
28/06/19	18:41:28.904	852	1	1.572000	0.335000	-3.9380	-3.9130
28/06/19	18:41:29.116	853	1	1.569000	0.335000	-3.9520	-3.9390
28/06/19	18:41:29.275	854	1	1.569000	0.335000	-3.9610	-3.9580
28/06/19	18:41:29.485	855	1	1.573000	0.336000	-3.9720	-3.9780
28/06/19	18:41:29.697	856	1	1.577000	0.336000	-3.9750	-3.9700
28/06/19	18:41:29.906	857	1	1.584000	0.336000	-4.0400	-3.9870
28/06/19	18:41:30.073	858	1	1.584000	0.331000	-4.0180	-4.0070
28/06/19	18:41:30.289	859	1	1.566000	0.337000	-4.0230	-4.0120
28/06/19	18:41:30.498	860	1	1.586000	0.337000	-4.0630	-4.0380
28/06/19	18:41:30.702	861	1	1.580000	0.338000	-4.0630	-4.0430
28/06/19	18:41:30.916	862	1	1.588000	0.338000	-4.0600	-4.0490
28/06/19	18:41:31.080	863	1	1.588000	0.340000	-4.0880	-4.0600
28/06/19	18:41:31.290	864	1	1.592000	0.340000	-4.0970	-4.0860
28/06/19	18:41:31.506	865	1	1.596000	0.339000	-4.1170	-4.0830
28/06/19	18:41:31.672	866	1	1.596000	0.339000	-4.1340	-4.1090
28/06/19	18:41:31.881	867	1	1.593000	0.339000	-4.1480	-4.1110
28/06/19	18:41:32.090	868	1	1.598000	0.339000	-4.1620	-4.1140
28/06/19	18:41:32.297	869	1	1.598000	0.340000	-4.1710	-4.1400
28/06/19	18:41:32.522	870	1	1.602000	0.341000	-4.1880	-4.1480
28/06/19	18:41:32.671	871	1	1.602000	0.341000	-4.1820	-4.1600
28/06/19	18:41:32.878	872	1	1.613000	0.341000	-4.2270	-4.1820
28/06/19	18:41:33.088	873	1	1.600000	0.344000	-4.2330	-4.1850
28/06/19	18:41:33.303	874	1	1.600000	0.341000	-4.2440	-4.2140
28/06/19	18:41:33.510	875	1	1.604000	0.342000	-4.2410	-4.2250
28/06/19	18:41:33.677	876	1	1.617000	0.342000	-4.2530	-4.2250
28/06/19	18:41:33.890	877	1	1.620000	0.345000	-4.2580	-4.2390
28/06/19	18:41:34.103	878	1	1.620000	0.347000	-4.2810	-4.2530
28/06/19	18:41:34.316	879	1	1.627000	0.346000	-4.3070	-4.2700
28/06/19	18:41:34.474	880	1	1.623000	0.346000	-4.3120	-4.2790
28/06/19	18:41:34.687	881	1	1.625000	0.345000	-4.3290	-4.2990
28/06/19	18:41:34.896	882	1	1.625000	0.346000	-4.3460	-4.2900
28/06/19	18:41:35.124	883	1	1.626000	0.346000	-4.3630	-4.3010
28/06/19	18:41:35.272	884	1	1.626000	0.346000	-4.3720	-4.3380
28/06/19	18:41:35.482	885	1	1.630000	0.346000	-4.3830	-4.3500
28/06/19	18:41:35.689	886	1	1.630000	0.348000	-4.3920	-4.3520
28/06/19	18:41:35.904	887	1	1.634000	0.349000	-4.3940	-4.3840
28/06/19	18:41:36.078	888	1	1.644000	0.349000	-4.4310	-4.3610
28/06/19	18:41:36.292	889	1	1.636000	0.351000	-4.4280	-4.3920
28/06/19	18:41:36.499	890	1	1.636000	0.351000	-4.4430	-4.4010
28/06/19	18:41:36.707	891	1	1.646000	0.351000	-4.4680	-4.4370
28/06/19	18:41:36.873	892	1	1.643000	0.351000	-4.4820	-4.4150
28/06/19	18:41:37.078	893	1	1.644000	0.350000	-4.4740	-4.4370
28/06/19	18:41:37.287	894	1	1.644000	0.353000	-4.5280	-4.4690
28/06/19	18:41:37.495	895	1	1.656000	0.348000	-4.5190	-4.4940
28/06/19	18:41:37.703	896	1	1.653000	0.348000	-4.5190	-4.4910
28/06/19	18:41:37.870	897	1	1.659000	0.352000	-4.5300	-4.5080
28/06/19	18:41:38.085	898	1	1.659000	0.354000	-4.5500	-4.5310
28/06/19	18:41:38.299	899	1	1.660000	0.354000	-4.5700	-4.5370
28/06/19	18:41:38.505	900	1	1.661000	0.354000	-4.5810	-4.5310
28/06/19	18:41:38.681	901	1	1.663000	0.354000	-4.5790	-4.5560
28/06/19	18:41:38.893	902	1	1.663000	0.357000	-4.6070	-4.5730
28/06/19	18:41:39.101	903	1	1.673000	0.355000	-4.6180	-4.5710
28/06/19	18:41:39.312	904	1	1.672000	0.356000	-4.6270	-4.5930
28/06/19	18:41:39.472	905	1	1.674000	0.356000	-4.6380	-4.6050
28/06/19	18:41:39.679	906	1	1.674000	0.358000	-4.6520	-4.6270
28/06/19	18:41:39.889	907	1	1.679000	0.358000	-4.6580	-4.6560
28/06/19	18:41:40.101	908	1	1.683000	0.358000	-4.6750	-4.6580
28/06/19	18:41:40.310	909	1	1.684000	0.359000	-4.7030	-4.6750
28/06/19	18:41:40.473	910	1	1.684000	0.358000	-4.7120	-4.6840
28/06/19	18:41:40.688	911	1	1.681000	0.359000	-4.7290	-4.6900
28/06/19	18:41:40.894	912	1	1.685000	0.359000	-4.7200	-4.6980
28/06/19	18:41:41.105	913	1	1.695000	0.359000	-4.7460	-4.7320
28/06/19	18:41:41.280	914	1	1.695000	0.361000	-4.7510	-4.7350
28/06/19	18:41:41.493	915	1	1.694000	0.362000	-4.7770	-4.7430
28/06/19	18:41:41.702	916	1	1.694000	0.362000	-4.7800	-4.7750
28/06/19	18:41:41.913	917	1	1.703000	0.361000	-4.8140	-4.7770
28/06/19	18:41:42.072	918	1	1.703000	0.362000	-4.8190	-4.7830
28/06/19	18:41:42.283	919	1	1.696000	0.362000	-4.8110	-4.7770
28/06/19	18:41:42.492	920	1	1.710000	0.362000	-4.8620	-4.8110
28/06/19	18:41:42.704	921	1	1.697000	0.365000	-4.8560	-4.8370
28/06/19	18:41:42.908	922	1	1.697000	0.364000	-4.8760	-4.8370
28/06/19	18:41:43.075	923	1	1.708000	0.363000	-4.8880	-4.8480
28/06/19	18:41:43.290	924	1	1.708000	0.363000	-4.8850	-4.8740
28/06/19	18:41:43.504	925	1	1.719000	0.364000	-4.8960	-4.8770
28/06/19	18:41:43.715	926	1	1.720000	0.367000	-4.9270	-4.8990
28/06/19	18:41:43.879	927	1	1.720000	0.365000	-4.9190	-4.9020
28/06/19	18:41:44.092	928	1	1.728000	0.365000	-4.9190	-4.9050
28/06/19	18:41:44.301	929	1	1.735000	0.369000	-4.9560	-4.9250
28/06/19	18:41:44.512	930	1	1.727000	0.368000	-4.9750	-4.9300
28/06/19	18:41:44.674	931	1	1.727000	0.368000	-4.9950	-4.9470
28/06/19	18:41:44.884	932	1	1.724000	0.368000	-4.9900	-4.9590
28/06/19	18:41:45.093	933	1	1.734000	0.367000	-5.0150	-4.9810
28/06/19	18:41:45.297	934	1	1.734000	0.369000	-5.0210	-4.9870
28/06/19	18:41:45.508	935	1	1.731000	0.370000	-5.0290	-4.9790
28/06/19	18:41:45.675	936	1	1.739000	0.370000	-5.0490	-5.0240
28/06/19	18:41:45.886	937	1	1.740000	0.371000	-5.0600	-5.0410
28/06/19	18:41:46.097	938	1	1.740000	0.372000	-5.0830	-5.0300
28/06/19	18:41:46.308	939	1	1.744000	0.371000	-5.0920	-5.0470
28/06/19	18:41:46.479	940	1	1.745000	0.371000	-5.1000	-5.0550
28/06/19	18:41:46.689	941	1	1.748000	0.372000	-5.1030	-5.0660
28/06/19	18:41:46.900	942	1	1.748000	0.375000	-5.1230	-5.0920
28/06/19	18:41:47.106	943	1	1.757000	0.374000	-5.1310	-5.1030
28/06/19	18:41:47.269	944	1	1.756000	0.374000	-5.1450	-5.1000
28/06/19	18:41:47.481	945	1	1.760000	0.374000	-5.1650	-5.1490
28/06/19	18:41:47.689	946	1	1.760000	0.375000	-5.1820	-5.1370
28/06/19	18:41:47.915	947	1	1.759000	0.375000	-5.2110	-5.1660
28/06/19	18:41:48.077	948	1	1.758000	0.375000	-5.1960	-5.1630
28/06/19	18:41:48.285	949	1	1.769000	0.374000	-5.2110	-5.1910
28/06/19	18:41:48.497	950	1	1.769000	0.378000	-5.2450	-5.2030
28/06/19	18:41:48.711	951	1	1.769000	0.376000	-5.2280	-5.2310
28/06/19	18:41:48.878	952	1	1.777000	0.376000	-5.2560	-5.2340
28/06/19	18:41:49.087	953	1	1.774000	0.380000	-5.2450	-5.2370
28/06/19	18:41:49.297	954	1	1.774000	0.381000	-5.2870	-5.2450
28/06/19	18:41:49.508	955	1	1.785000	0.378000	-5.2670	-5.2680
28/06/19	18:41:49.675	956	1	1.791000	0.378000	-5.3130	-5.2850
28/06/19	18:41:49.881	957	1	1.781000	0.383000	-5.3210	-5.3100
28/06/19	18:41:50.087	958	1	1.781000	0.381000	-5.3270	-5.3070
28/06/19	18:41:50.295	959	1	1.784000	0.382000	-5.3490	-5.3410
28/06/19	18:41:50.519	960	1	1.789000	0.381000	-5.3660	-5.3270
28/06/19	18:41:50.675	961	1	1.789000	0.381000	-5.3780	-5.3530
28/06/19	18:41:50.884	962	1	1.789000	0.381000	-5.3950	-5.3560
28/06/19	18:41:51.091	963	1	1.791000	0.382000	-5.4000	-5.3840
28/06/19	18:41:51.305	964	1	1.798000	0.384000	-5.4150	-5.3870
28/06/19	18:41:51.477	965	1	1.799000	0.384000	-5.4490	-5.3980
28/06/19	18:41:51.691	966	1	1.799000	0.382000	-5.4340	-5.4120
28/06/19	18:41:51.900	967	1	1.793000	0.386000	-5.4660	-5.4320
28/06/19	18:41:52.111	968	1	1.799000	0.384000	-5.4710	-5.4460
28/06/19	18:41:52.274	969	1	1.803000	0.384000	-5.4970	-5.4490
28/06/19	18:41:52.482	970	1	1.803000	0.384000	-5.5050	-5.4660
28/06/19	18:41:52.691	971	1	1.801000	0.385000	-5.5020	-5.4630
28/06/19	18:41:52.900	972	1	1.815000	0.385000	-5.5220	-5.4920
28/06/19	18:41:53.107	973	1	1.813000	0.387000	-5.5340	-5.4970
28/06/19	18:41:53.275	974	1	1.813000	0.388000	-5.5220	-5.5140
28/06/19	18:41:53.481	975	1	1.816000	0.390000	-5.5480	-5.5280
28/06/19	18:41:53.696	976	1	1.823000	0.390000	-5.5650	-5.5310
28/06/19	18:41:53.910	977	1	1.824000	0.389000	-5.5870	-5.5480
28/06/19	18:41:54.080	978	1	1.824000	0.388000	-5.5850	-5.5680
28/06/19	18:41:54.288	979	1	1.821000	0.391000	-5.5870	-5.5880
28/06/19	18:41:54.501	980	1	1.838000	0.391000	-5.5930	-5.5790
28/06/19	18:41:54.714	981	1	1.841000	0.393000	-5.6380	-5.6190
28/06/19	18:41:54.876	982	1	1.841000	0.392000	-5.6470	-5.6250
28/06/19	18:41:55.079	983	1	1.830000	0.391000	-5.6610	-5.6360
28/06/19	18:41:55.289	984	1	1.838000	0.391000	-5.6780	-5.6420
28/06/19	18:41:55.506	985	1	1.839000	0.392000	-5.7090	-5.6700
28/06/19	18:41:55.672	986	1	1.839000	0.390000	-5.6700	-5.6810
28/06/19	18:41:55.882	987	1	1.833000	0.397000	-5.7290	-5.6590
28/06/19	18:41:56.089	988	1	1.840000	0.397000	-5.7210	-5.7010
28/06/19	18:41:56.303	989	1	1.851000	0.392000	-5.7460	-5.7130
28/06/19	18:41:56.509	990	1	1.848000	0.394000	-5.7320	-5.7270
28/06/19	18:41:56.677	991	1	1.848000	0.398000	-5.7630	-5.7150
28/06/19	18:41:56.894	992	1	1.856000	0.398000	-5.7630	-5.7580
28/06/19	18:41:57.099	993	1	1.863000	0.396000	-5.7890	-5.7690
28/06/19	18:41:57.307	994	1	1.861000	0.397000	-5.8140	-5.7810
28/06/19	18:41:57.519	995	1	1.861000	0.396000	-5.8060	-5.7720
28/06/19	18:41:57.672	996	1	1.861000	0.396000	-5.8260	-5.8060
28/06/19	18:41:57.884	997	1	1.865000	0.399000	-5.8340	-5.8200
28/06/19	18:41:58.094	998	1	1.865000	0.399000	-5.8680	-5.8290
28/06/19	18:41:58.303	999	1	1.870000	0.397000	-5.8820	-5.8460
28/06/19	18:41:58.471	1000	1	1.866000	0.397000	-5.8850	-5.8490
28/06/19	18:41:58.687	1001	1	1.871000	0.398000	-5.9020	-5.8570
28/06/19	18:41:58.896	1002	1	1.871000	0.399000	-5.9130	-5.8540
28/06/19	18:41:59.111	1003	1	1.871000	0.400000	-5.9280	-5.9080
28/06/19	18:41:59.279	1004	1	1.875000	0.400000	-5.9190	-5.8970
28/06/19	18:41:59.490	1005	1	1.885000	0.400000	-5.9500	-5.9080
28/06/19	18:41:59.699	1006	1	1.885000	0.402000	-5.9700	-5.9220
28/06/19	18:41:59.908	1007	1	1.884000	0.401000	-5.9670	-5.9450
28/06/19	18:42:00.069	1008	1	1.891000	0.401000	-5.9730	-5.9620
28/06/19	18:42:00.276	1009	1	1.894000	0.405000	-6.0040	-5.9530
28/06/19	18:42:00.490	1010	1	1.894000	0.403000	-6.0130	-5.9760
28/06/19	18:42:00.697	1011	1	1.889000	0.404000	-6.0380	-5.9900
28/06/19	18:42:00.907	1012	1	1.891000	0.404000	-6.0300	-6.0330
28/06/19	18:42:01.074	1013	1	1.900000	0.403000	-6.0660	-6.0020
28/06/19	18:42:01.282	1014	1	1.900000	0.404000	-6.0550	-6.0210
28/06/19	18:42:01.496	1015	1	1.896000	0.407000	-6.0830	-6.0550
28/06/19	18:42:01.702	1016	1	1.902000	0.407000	-6.0640	-6.0700
28/06/19	18:42:01.877	1017	1	1.915000	0.406000	-6.0980	-6.0640
28/06/19	18:42:02.090	1018	1	1.915000	0.408000	-6.1090	-6.0870
28/06/19	18:42:02.301	1019	1	1.911000	0.409000	-6.0950	-6.0840
28/06/19	18:42:02.509	1020	1	1.926000	0.409000	-6.1340	-6.1040
28/06/19	18:42:02.722	1021	1	1.918000	0.413000	-6.1510	-6.1260
28/06/19	18:42:02.871	1022	1	1.918000	0.410000	-6.1570	-6.1550
28/06/19	18:42:03.085	1023	1	1.922000	0.411000	-6.1680	-6.1460
28/06/19	18:42:03.296	1024	1	1.926000	0.411000	-6.1710	-6.1600
28/06/19	18:42:03.508	1025	1	1.934000	0.413000	-6.2170	-6.1860
28/06/19	18:42:03.678	1026	1	1.934000	0.410000	-6.2170	-6.1800
28/06/19	18:42:03.891	1027	1	1.927000	0.412000	-6.2340	-6.1970
28/06/19	18:42:04.100	1028	1	1.929000	0.412000	-6.2390	-6.2030
28/06/19	18:42:04.315	1029	1	1.936000	0.412000	-6.2450	-6.2280
28/06/19	18:42:04.471	1030	1	1.936000	0.415000	-6.2700	-6.2370
28/06/19	18:42:04.679	1031	1	1.937000	0.414000	-6.2960	-6.2650
28/06/19	18:42:04.886	1032	1	1.934000	0.414000	-6.3020	-6.2480
28/06/19	18:42:05.096	1033	1	1.937000	0.413000	-6.2990	-6.2940
28/06/19	18:42:05.320	1034	1	1.937000	0.416000	-6.3330	-6.2910
28/06/19	18:42:05.470	1035	1	1.945000	0.414000	-6.3240	-6.3050
28/06/19	18:42:05.679	1036	1	1.952000	0.414000	-6.3300	-6.3220
28/06/19	18:42:05.894	1037	1	1.957000	0.418000	-6.3410	-6.3280
28/06/19	18:42:06.103	1038	1	1.957000	0.420000	-6.3700	-6.3360
28/06/19	18:42:06.277	1039	1	1.961000	0.418000	-6.3780	-6.3560
28/06/19	18:42:06.490	1040	1	1.960000	0.418000	-6.3980	-6.3900
28/06/19	18:42:06.698	1041	1	1.959000	0.419000	-6.4010	-6.3980
28/06/19	18:42:06.912	1042	1	1.959000	0.420000	-6.4230	-6.3870
28/06/19	18:42:07.068	1043	1	1.964000	0.420000	-6.4490	-6.4210
28/06/19	18:42:07.295	1044	1	1.961000	0.420000	-6.4490	-6.4210
28/06/19	18:42:07.495	1045	1	1.968000	0.419000	-6.4770	-6.4440
28/06/19	18:42:07.700	1046	1	1.968000	0.419000	-6.4800	-6.4470
28/06/19	18:42:07.868	1047	1	1.962000	0.421000	-6.4940	-6.4610
28/06/19	18:42:08.082	1048	1	1.970000	0.421000	-6.5080	-6.4720
28/06/19	18:42:08.289	1049	1	1.973000	0.421000	-6.5060	-6.5000
28/06/19	18:42:08.497	1050	1	1.973000	0.424000	-6.5370	-6.4890
28/06/19	18:42:08.710	1051	1	1.981000	0.422000	-6.5230	-6.4950
28/06/19	18:42:08.877	1052	1	1.988000	0.422000	-6.5590	-6.5060
28/06/19	18:42:09.087	1053	1	1.984000	0.424000	-6.5710	-6.5370
28/06/19	18:42:09.300	1054	1	1.984000	0.424000	-6.5740	-6.5660
28/06/19	18:42:09.510	1055	1	1.984000	0.426000	-6.5990	-6.5680
28/06/19	18:42:09.670	1056	1	1.987000	0.426000	-6.5880	-6.5630
28/06/19	18:42:09.878	1057	1	1.996000	0.428000	-6.6160	-6.6000
28/06/19	18:42:10.087	1058	1	1.996000	0.427000	-6.6300	-6.6190
28/06/19	18:42:10.297	1059	1	1.996000	0.427000	-6.6500	-6.6140
28/06/19	18:42:10.506	1060	1	1.996000	0.427000	-6.6610	-6.6420
28/06/19	18:42:10.674	1061	1	1.999000	0.427000	-6.6810	-6.6360
28/06/19	18:42:10.882	1062	1	1.999000	0.427000	-6.6840	-6.6310
28/06/19	18:42:11.092	1063	1	1.998000	0.429000	-6.7010	-6.6620
28/06/19	18:42:11.301	1064	1	2.003000	0.429000	-6.7120	-6.6900
28/06/19	18:42:11.507	1065	1	2.007000	0.429000	-6.7100	-6.6960
28/06/19	18:42:11.681	1066	1	2.007000	0.432000	-6.7320	-6.7100
28/06/19	18:42:11.888	1067	1	2.014000	0.431000	-6.7460	-6.7040
28/06/19	18:42:12.100	1068	1	2.016000	0.431000	-6.7630	-6.7100
28/06/19	18:42:12.310	1069	1	2.016000	0.432000	-6.7890	-6.7380
28/06/19	18:42:12.472	1070	1	2.016000	0.430000	-6.7780	-6.7580
28/06/19	18:42:12.678	1071	1	2.021000	0.434000	-6.7920	-6.7580
28/06/19	18:42:12.888	1072	1	2.025000	0.434000	-6.8030	-6.7810
28/06/19	18:42:13.100	1073	1	2.029000	0.434000	-6.8260	-6.7780
28/06/19	18:42:13.308	1074	1	2.029000	0.433000	-6.8540	-6.8210
28/06/19	18:42:13.470	1075	1	2.026000	0.432000	-6.8370	-6.8120
28/06/19	18:42:13.682	1076	1	2.037000	0.432000	-6.8510	-6.8430
28/06/19	18:42:13.890	1077	1	2.037000	0.437000	-6.8880	-6.8630
28/06/19	18:42:14.103	1078	1	2.037000	0.435000	-6.8910	-6.8740
28/06/19	18:42:14.309	1079	1	2.032000	0.435000	-6.9190	-6.8830
28/06/19	18:42:14.477	1080	1	2.033000	0.435000	-6.9170	-6.8800
28/06/19	18:42:14.690	1081	1	2.040000	0.435000	-6.9530	-6.8830
28/06/19	18:42:14.895	1082	1	2.040000	0.435000	-6.9480	-6.9000
28/06/19	18:42:15.107	1083	1	2.034000	0.437000	-6.9590	-6.9230
28/06/19	18:42:15.267	1084	1	2.044000	0.437000	-6.9650	-6.9510
28/06/19	18:42:15.476	1085	1	2.052000	0.439000	-6.9760	-6.9510
28/06/19	18:42:15.685	1086	1	2.052000	0.439000	-6.9960	-6.9540
28/06/19	18:42:15.894	1087	1	2.051000	0.439000	-7.0240	-6.9820
28/06/19	18:42:16.119	1088	1	2.049000	0.439000	-7.0040	-6.9850
28/06/19	18:42:16.269	1089	1	2.062000	0.438000	-7.0410	-6.9820
28/06/19	18:42:16.483	1090	1	2.062000	0.440000	-7.0500	-7.0270
28/06/19	18:42:16.696	1091	1	2.057000	0.441000	-7.0300	-7.0300
28/06/19	18:42:16.911	1092	1	2.074000	0.441000	-7.0530	-7.0450
28/06/19	18:42:17.081	1093	1	2.073000	0.446000	-7.0840	-7.0420
28/06/19	18:42:17.291	1094	1	2.073000	0.443000	-7.0870	-7.0640
28/06/19	18:42:17.502	1095	1	2.071000	0.444000	-7.0950	-7.0870
28/06/19	18:42:17.713	1096	1	2.077000	0.444000	-7.1380	-7.1010
28/06/19	18:42:17.867	1097	1	2.077000	0.445000	-7.1380	-7.1010
28/06/19	18:42:18.076	1098	1	2.068000	0.444000	-7.1430	-7.1240
28/06/19	18:42:18.284	1099	1	2.076000	0.447000	-7.1800	-7.1240
28/06/19	18:42:18.491	1100	1	2.074000	0.447000	-7.1830	-7.1520
28/06/19	18:42:18.699	1101	1	2.081000	0.444000	-7.1740	-7.1520
28/06/19	18:42:18.910	1102	1	2.081000	0.448000	-7.1890	-7.1550
28/06/19	18:42:19.075	1103	1	2.090000	0.449000	-7.2080	-7.1780
28/06/19	18:42:19.284	1104	1	2.091000	0.449000	-7.2250	-7.1780
28/06/19	18:42:19.491	1105	1	2.092000	0.449000	-7.2400	-7.2170
28/06/19	18:42:19.704	1106	1	2.092000	0.449000	-7.2760	-7.2320
28/06/19	18:42:19.876	1107	1	2.093000	0.447000	-7.2710	-7.2340
28/06/19	18:42:20.084	1108	1	2.096000	0.447000	-7.2650	-7.2430
28/06/19	18:42:20.295	1109	1	2.104000	0.450000	-7.2930	-7.2680
28/06/19	18:42:20.509	1110	1	2.104000	0.451000	-7.3190	-7.2710
28/06/19	18:42:20.667	1111	1	2.101000	0.449000	-7.2990	-7.2630
28/06/19	18:42:20.879	1112	1	2.112000	0.449000	-7.3160	-7.3000
28/06/19	18:42:21.091	1113	1	2.114000	0.453000	-7.3470	-7.3110
28/06/19	18:42:21.316	1114	1	2.114000	0.452000	-7.3610	-7.3220
28/06/19	18:42:21.472	1115	1	2.111000	0.452000	-7.3670	-7.3390
28/06/19	18:42:21.681	1116	1	2.115000	0.452000	-7.3780	-7.3530
28/06/19	18:42:21.888	1117	1	2.119000	0.453000	-7.4010	-7.3850
28/06/19	18:42:22.095	1118	1	2.119000	0.453000	-7.4120	-7.3680
28/06/19	18:42:22.307	1119	1	2.116000	0.454000	-7.4180	-7.3760
28/06/19	18:42:22.474	1120	1	2.123000	0.454000	-7.4240	-7.3850
28/06/19	18:42:22.688	1121	1	2.131000	0.456000	-7.4440	-7.4160
28/06/19	18:42:22.904	1122	1	2.131000	0.456000	-7.4550	-7.4380
28/06/19	18:42:23.075	1123	1	2.129000	0.457000	-7.4580	-7.4330
28/06/19	18:42:23.280	1124	1	2.138000	0.457000	-7.4780	-7.4550
28/06/19	18:42:23.490	1125	1	2.138000	0.459000	-7.4920	-7.4550
28/06/19	18:42:23.698	1126	1	2.138000	0.459000	-7.5120	-7.4550
28/06/19	18:42:23.904	1127	1	2.141000	0.458000	-7.5290	-7.4810
28/06/19	18:42:24.072	1128	1	2.138000	0.458000	-7.5290	-7.5010
28/06/19	18:42:24.280	1129	1	2.145000	0.460000	-7.5480	-7.5040
28/06/19	18:42:24.487	1130	1	2.145000	0.460000	-7.5510	-7.5430
28/06/19	18:42:24.702	1131	1	2.147000	0.462000	-7.5710	-7.5430
28/06/19	18:42:24.876	1132	1	2.151000	0.462000	-7.5910	-7.5520
28/06/19	18:42:25.085	1133	1	2.151000	0.462000	-7.5990	-7.5600
28/06/19	18:42:25.295	1134	1	2.151000	0.462000	-7.6190	-7.5940
28/06/19	18:42:25.504	1135	1	2.155000	0.461000	-7.6250	-7.5910
28/06/19	18:42:25.670	1136	1	2.159000	0.461000	-7.6330	-7.6110
28/06/19	18:42:25.886	1137	1	2.162000	0.464000	-7.6670	-7.6030
28/06/19	18:42:26.092	1138	1	2.162000	0.462000	-7.6590	-7.6450
28/06/19	18:42:26.320	1139	1	2.157000	0.466000	-7.6820	-7.6570
28/06/19	18:42:26.470	1140	1	2.164000	0.466000	-7.6870	-7.6510
28/06/19	18:42:26.685	1141	1	2.169000	0.465000	-7.6990	-7.6590
28/06/19	18:42:26.899	1142	1	2.169000	0.467000	-7.7160	-7.6850
28/06/19	18:42:27.114	1143	1	2.173000	0.467000	-7.7350	-7.6930
28/06/19	18:42:27.276	1144	1	2.174000	0.467000	-7.7350	-7.7190
28/06/19	18:42:27.480	1145	1	2.180000	0.467000	-7.7610	-7.7190
28/06/19	18:42:27.685	1146	1	2.180000	0.467000	-7.7640	-7.7300
28/06/19	18:42:27.911	1147	1	2.179000	0.468000	-7.7690	-7.7440
28/06/19	18:42:28.111	1148	1	2.188000	0.468000	-7.7890	-7.7590
28/06/19	18:42:28.272	1149	1	2.186000	0.470000	-7.8210	-7.7810
28/06/19	18:42:28.483	1150	1	2.186000	0.468000	-7.8290	-7.7840
28/06/19	18:42:28.690	1151	1	2.182000	0.469000	-7.8180	-7.8010
28/06/19	18:42:28.898	1152	1	2.196000	0.469000	-7.8720	-7.8120
28/06/19	18:42:29.112	1153	1	2.182000	0.472000	-7.8400	-7.8180
28/06/19	18:42:29.279	1154	1	2.182000	0.474000	-7.8630	-7.8210
28/06/19	18:42:29.487	1155	1	2.204000	0.473000	-7.8600	-7.8520
28/06/19	18:42:29.696	1156	1	2.210000	0.473000	-7.8860	-7.8660
28/06/19	18:42:29.906	1157	1	2.207000	0.475000	-7.9080	-7.8660
28/06/19	18:42:30.073	1158	1	2.207000	0.473000	-7.9170	-7.8860
28/06/19	18:42:30.295	1159	1	2.204000	0.474000	-7.9310	-7.9120
28/06/19	18:42:30.498	1160	1	2.211000	0.474000	-7.9420	-7.9260
28/06/19	18:42:30.698	1161	1	2.212000	0.475000	-7.9540	-7.9140
28/06/19	18:42:30.869	1162	1	2.212000	0.476000	-7.9790	-7.9340
28/06/19	18:42:31.083	1163	1	2.213000	0.476000	-7.9820	-7.9460
28/06/19	18:42:31.291	1164	1	2.220000	0.476000	-8.0050	-7.9510
28/06/19	18:42:31.503	1165	1	2.219000	0.477000	-8.0190	-7.9800
28/06/19	18:42:31.675	1166	1	2.219000	0.476000	-8.0190	-7.9880
28/06/19	18:42:31.889	1167	1	2.220000	0.478000	-8.0360	-7.9970
28/06/19	18:42:32.094	1168	1	2.225000	0.478000	-8.0440	-7.9990
28/06/19	18:42:32.305	1169	1	2.229000	0.478000	-8.0610	-8.0190
28/06/19	18:42:32.470	1170	1	2.229000	0.479000	-8.0700	-8.0360
28/06/19	18:42:32.695	1171	1	2.232000	0.480000	-8.0780	-8.0330
28/06/19	18:42:32.899	1172	1	2.238000	0.480000	-8.0760	-8.0590
28/06/19	18:42:33.118	1173	1	2.249000	0.481000	-8.1210	-8.0870
28/06/19	18:42:33.274	1174	1	2.249000	0.480000	-8.1150	-8.0850
28/06/19	18:42:33.484	1175	1	2.238000	0.483000	-8.1270	-8.1240
28/06/19	18:42:33.692	1176	1	2.251000	0.483000	-8.1380	-8.1240
28/06/19	18:42:33.901	1177	1	2.250000	0.484000	-8.1750	-8.1300
28/06/19	18:42:34.075	1178	1	2.250000	0.482000	-8.1660	-8.1240
28/06/19	18:42:34.289	1179	1	2.248000	0.485000	-8.1830	-8.1550
28/06/19	18:42:34.497	1180	1	2.256000	0.485000	-8.2030	-8.1580
28/06/19	18:42:34.708	1181	1	2.256000	0.485000	-8.2170	-8.1700
28/06/19	18:42:34.873	1182	1	2.256000	0.485000	-8.2140	-8.1750
28/06/19	18:42:35.075	1183	1	2.258000	0.487000	-8.2430	-8.1920
28/06/19	18:42:35.286	1184	1	2.260000	0.487000	-8.2540	-8.2290
28/06/19	18:42:35.493	1185	1	2.265000	0.486000	-8.2600	-8.2230
28/06/19	18:42:35.700	1186	1	2.265000	0.488000	-8.2910	-8.2380
28/06/19	18:42:35.868	1187	1	2.269000	0.486000	-8.2910	-8.2660
28/06/19	18:42:36.076	1188	1	2.269000	0.486000	-8.3080	-8.2770
28/06/19	18:42:36.290	1189	1	2.269000	0.488000	-8.3220	-8.2800
28/06/19	18:42:36.501	1190	1	2.269000	0.488000	-8.3530	-8.3110
28/06/19	18:42:36.707	1191	1	2.271000	0.487000	-8.3530	-8.2910
28/06/19	18:42:36.875	1192	1	2.274000	0.487000	-8.3590	-8.2970
28/06/19	18:42:37.085	1193	1	2.279000	0.489000	-8.3590	-8.3340
28/06/19	18:42:37.304	1194	1	2.279000	0.492000	-8.3790	-8.3570
28/06/19	18:42:37.473	1195	1	2.286000	0.492000	-8.3820	-8.3680
28/06/19	18:42:37.681	1196	1	2.293000	0.492000	-8.4040	-8.3570
28/06/19	18:42:37.883	1197	1	2.291000	0.494000	-8.4300	-8.3850
28/06/19	18:42:38.099	1198	1	2.291000	0.492000	-8.4240	-8.4020
28/06/19	18:42:38.300	1199	1	2.288000	0.495000	-8.4470	-8.4020
28/06/19	18:42:38.472	1200	1	2.296000	0.495000	-8.4550	-8.4190
28/06/19	18:42:38.683	1201	1	2.299000	0.494000	-8.4640	-8.4270
28/06/19	18:42:38.893	1202	1	2.299000	0.496000	-8.4780	-8.4390
28/06/19	18:42:39.104	1203	1	2.304000	0.496000	-8.4750	-8.4590
28/06/19	18:42:39.276	1204	1	2.314000	0.496000	-8.5010	-8.4560
28/06/19	18:42:39.490	1205	1	2.309000	0.498000	-8.5090	-8.4780
28/06/19	18:42:39.700	1206	1	2.309000	0.500000	-8.5320	-8.4840
28/06/19	18:42:39.906	1207	1	2.316000	0.498000	-8.5520	-8.5100
28/06/19	18:42:40.068	1208	1	2.311000	0.498000	-8.5690	-8.5440
28/06/19	18:42:40.295	1209	1	2.311000	0.497000	-8.5800	-8.5380
28/06/19	18:42:40.497	1210	1	2.311000	0.498000	-8.5770	-8.5520
28/06/19	18:42:40.698	1211	1	2.315000	0.500000	-8.5860	-8.5610
28/06/19	18:42:40.872	1212	1	2.326000	0.500000	-8.6370	-8.5750
28/06/19	18:42:41.081	1213	1	2.314000	0.500000	-8.6220	-8.5920
28/06/19	18:42:41.290	1214	1	2.314000	0.501000	-8.6420	-8.5800
28/06/19	18:42:41.500	1215	1	2.327000	0.501000	-8.6480	-8.6370
28/06/19	18:42:41.708	1216	1	2.331000	0.501000	-8.6560	-8.6230
28/06/19	18:42:41.877	1217	1	2.334000	0.502000	-8.6850	-8.6460
28/06/19	18:42:42.090	1218	1	2.334000	0.502000	-8.6850	-8.6570
28/06/19	18:42:42.298	1219	1	2.333000	0.503000	-8.6850	-8.6570
28/06/19	18:42:42.508	1220	1	2.347000	0.503000	-8.7220	-8.6650
28/06/19	18:42:42.667	1221	1	2.337000	0.506000	-8.7390	-8.7050
28/06/19	18:42:42.876	1222	1	2.337000	0.503000	-8.7360	-8.6970
28/06/19	18:42:43.082	1223	1	2.338000	0.506000	-8.7300	-8.7110
28/06/19	18:42:43.292	1224	1	2.358000	0.506000	-8.7780	-8.7330
28/06/19	18:42:43.501	1225	1	2.346000	0.508000	-8.7810	-8.7360
28/06/19	18:42:43.669	1226	1	2.346000	0.505000	-8.7980	-8.7420
28/06/19	18:42:43.878	1227	1	2.350000	0.506000	-8.7900	-8.7700
28/06/19	18:42:44.086	1228	1	2.359000	0.506000	-8.8040	-8.1180
28/06/19	18:42:44.301	1229	1	2.364000	0.509000	-6.8510	-5.7750
28/06/19	18:42:44.475	1230	1	2.364000	0.756000	-5.9450	-5.0860
28/06/19	18:42:44.688	1231	1	3.222000	0.872000	-5.4570	-4.7150
28/06/19	18:42:44.895	1232	1	3.780000	0.872000	-5.2870	-4.5990
28/06/19	18:42:45.108	1233	1	3.890000	0.934000	-5.3130	-4.6360
28/06/19	18:42:45.271	1234	1	3.890000	0.956000	-5.3640	-4.7260
28/06/19	18:42:45.481	1235	1	3.912000	0.952000	-5.4970	-4.8370
28/06/19	18:42:45.689	1236	1	3.874000	0.952000	-5.6330	-4.9670
28/06/19	18:42:45.900	1237	1	3.840000	0.937000	-5.7770	-5.1000
28/06/19	18:42:46.068	1238	1	3.840000	0.907000	-5.8650	-5.1940
28/06/19	18:42:46.282	1239	1	3.777000	0.897000	-5.9980	-5.3330
28/06/19	18:42:46.492	1240	1	3.732000	0.897000	-6.1430	-5.4460
28/06/19	18:42:46.699	1241	1	3.686000	0.883000	-6.2360	-5.5570
28/06/19	18:42:46.873	1242	1	3.686000	0.857000	-6.3530	-5.6450
28/06/19	18:42:47.086	1243	1	3.652000	0.844000	-6.4520	-5.7580
28/06/19	18:42:47.299	1244	1	3.587000	0.844000	-6.5450	-5.8460
28/06/19	18:42:47.509	1245	1	3.558000	0.834000	-6.6530	-5.9250
28/06/19	18:42:47.669	1246	1	3.558000	0.814000	-6.7010	-5.9790
28/06/19	18:42:47.884	1247	1	3.523000	0.810000	-6.7890	-6.0870
28/06/19	18:42:48.103	1248	1	3.485000	0.810000	-6.8880	-6.1720
28/06/19	18:42:48.272	1249	1	3.451000	0.801000	-6.9530	-6.2170
28/06/19	18:42:48.482	1250	1	3.451000	0.785000	-7.0210	-6.2740
28/06/19	18:42:48.690	1251	1	3.432000	0.779000	-7.0870	-6.3700
28/06/19	18:42:48.898	1252	1	3.395000	0.779000	-7.1660	-6.4270
28/06/19	18:42:49.073	1253	1	3.369000	0.772000	-7.2080	-6.4720
28/06/19	18:42:49.282	1254	1	3.369000	0.761000	-7.2680	-6.5430
28/06/19	18:42:49.495	1255	1	3.357000	0.756000	-7.3160	-6.5910
28/06/19	18:42:49.700	1256	1	3.328000	0.756000	-7.3810	-6.6480
28/06/19	18:42:49.868	1257	1	3.310000	0.752000	-7.4290	-6.6820
28/06/19	18:42:50.075	1258	1	3.310000	0.742000	-7.4610	-6.7500
28/06/19	18:42:50.301	1259	1	3.296000	0.740000	-7.4860	-6.7890
28/06/19	18:42:50.502	1260	1	3.288000	0.740000	-7.5710	-6.8430
28/06/19	18:42:50.710	1261	1	3.258000	0.739000	-7.6140	-6.8890
28/06/19	18:42:50.870	1262	1	3.258000	0.727000	-7.6670	-6.9400
28/06/19	18:42:51.084	1263	1	3.247000	0.722000	-7.6840	-6.9820
28/06/19	18:42:51.291	1264	1	3.234000	0.722000	-7.7530	-7.0130
28/06/19	18:42:51.510	1265	1	3.214000	0.722000	-7.8010	-7.0560
28/06/19	18:42:51.675	1266	1	3.214000	0.712000	-7.8230	-7.1070
28/06/19	18:42:51.888	1267	1	3.201000	0.711000	-7.8660	-7.1520
28/06/19	18:42:52.098	1268	1	3.187000	0.711000	-7.9060	-7.1920
28/06/19	18:42:52.305	1269	1	3.179000	0.708000	-7.9340	-7.2430
28/06/19	18:42:52.472	1270	1	3.179000	0.703000	-7.9880	-7.2660
28/06/19	18:42:52.677	1271	1	3.170000	0.699000	-8.0160	-7.2970
28/06/19	18:42:52.901	1272	1	3.153000	0.699000	-8.0420	-7.3340
28/06/19	18:42:53.099	1273	1	3.150000	0.697000	-8.0980	-7.3960
28/06/19	18:42:53.271	1274	1	3.150000	0.691000	-8.1150	-7.4240
28/06/19	18:42:53.481	1275	1	3.132000	0.691000	-8.1580	-7.4750
28/06/19	18:42:53.692	1276	1	3.123000	0.691000	-8.1970	-7.5120
28/06/19	18:42:53.899	1277	1	3.113000	0.688000	-8.2260	-7.5490
28/06/19	18:42:54.106	1278	1	3.113000	0.683000	-8.2570	-7.5910
28/06/19	18:42:54.274	1279	1	3.106000	0.681000	-8.2600	-7.6230
28/06/19	18:42:54.482	1280	1	3.106000	0.681000	-8.3420	-7.6570
28/06/19	18:42:54.693	1281	1	3.081000	0.683000	-8.3590	-7.7130
28/06/19	18:42:54.904	1282	1	3.081000	0.675000	-8.4070	-7.7420
28/06/19	18:42:55.112	1283	1	3.080000	0.672000	-8.4410	-7.7870
28/06/19	18:42:55.266	1284	1	3.061000	0.672000	-8.4500	-7.8210
28/06/19	18:42:55.483	1285	1	3.063000	0.670000	-8.4980	-7.8520
28/06/19	18:42:55.687	1286	1	3.063000	0.667000	-8.5320	-7.8830
28/06/19	18:42:55.900	1287	1	3.050000	0.664000	-8.5600	-7.9230
28/06/19	18:42:56.072	1288	1	3.036000	0.664000	-8.5940	-7.9820
28/06/19	18:42:56.280	1289	1	3.029000	0.662000	-8.6200	-8.0020
28/06/19	18:42:56.488	1290	1	3.029000	0.660000	-8.6590	-8.0500
28/06/19	18:42:56.702	1291	1	3.025000	0.657000	-8.6820	-8.0790
28/06/19	18:42:56.874	1292	1	3.012000	0.657000	-8.7020	-8.1270
28/06/19	18:42:57.087	1293	1	3.011000	0.655000	-8.7500	-8.1610
28/06/19	18:42:57.296	1294	1	3.011000	0.652000	-8.7700	-8.2120
28/06/19	18:42:57.508	1295	1	2.998000	0.651000	-8.8290	-8.2550
28/06/19	18:42:57.666	1296	1	2.977000	0.651000	-8.8380	-8.3030
28/06/19	18:42:57.892	1297	1	2.980000	0.646000	-8.8920	-8.3080
28/06/19	18:42:58.097	1298	1	2.980000	0.642000	-8.9310	-8.3570
28/06/19	18:42:58.303	1299	1	2.963000	0.639000	-8.9680	-8.4250
28/06/19	18:42:58.468	1300	1	2.946000	0.639000	-8.9940	-8.4640
28/06/19	18:42:58.680	1301	1	2.941000	0.637000	-9.0330	-8.5210
28/06/19	18:42:58.887	1302	1	2.941000	0.633000	-9.0670	-8.5660
28/06/19	18:42:59.094	1303	1	2.930000	-0.022000	-9.1010	-8.6140
28/06/19	18:42:59.303	1304	1	0.844000	-0.022000	-9.0930	-8.5890
28/06/19	18:42:59.475	1305	1	0.780000	-0.022000	-8.9970	-8.5270
28/06/19	18:42:59.688	1306	1	0.780000	-0.022000	-8.8350	-8.3710
28/06/19	18:42:59.899	1307	1	0.733000	-0.023000	-8.6080	-8.1720
28/06/19	18:43:00.111	1308	1	0.696000	-0.023000	-8.3820	-7.9820
28/06/19	18:43:00.265	1309	1	0.696000	-0.022000	-8.2230	-7.8150
28/06/19	18:43:00.475	1310	1	0.657000	-0.022000	-8.0050	-7.6650
28/06/19	18:43:00.684	1311	1	0.633000	-0.022000	-7.7720	-7.4500
28/06/19	18:43:00.891	1312	1	0.611000	-0.022000	-7.5680	-7.2490
28/06/19	18:43:01.117	1313	1	0.611000	-0.022000	-7.3470	-7.0590
28/06/19	18:43:01.271	1314	1	0.591000	-0.026000	-7.1740	-6.9280
28/06/19	18:43:01.479	1315	1	0.581000	-0.026000	-6.9760	-6.7410
28/06/19	18:43:01.690	1316	1	0.564000	-0.026000	-6.7690	-6.5770
28/06/19	18:43:01.897	1317	1	0.564000	-0.026000	-6.5990	-6.3870
28/06/19	18:43:02.103	1318	1	0.548000	-0.026000	-6.3920	-6.2200
28/06/19	18:43:02.275	1319	1	0.533000	-0.026000	-6.2480	-6.0780
28/06/19	18:43:02.485	1320	1	0.519000	-0.026000	-6.0550	-5.9170
28/06/19	18:43:02.696	1321	1	0.519000	-0.026000	-5.9130	-5.7720
28/06/19	18:43:02.903	1322	1	0.505000	-0.026000	-5.7180	-5.6110
28/06/19	18:43:03.068	1323	1	0.492000	-0.026000	-5.5820	-5.4970
28/06/19	18:43:03.276	1324	1	0.479000	-0.026000	-5.4320	-5.3410
28/06/19	18:43:03.483	1325	1	0.479000	-0.026000	-5.2810	-5.1860
28/06/19	18:43:03.693	1326	1	0.467000	-0.026000	-5.1030	-5.0490
28/06/19	18:43:03.917	1327	1	0.455000	-0.026000	-4.9670	-4.9130
28/06/19	18:43:04.070	1328	1	0.444000	-0.026000	-4.8560	-4.7750
28/06/19	18:43:04.277	1329	1	0.444000	-0.026000	-4.7090	-4.6730
28/06/19	18:43:04.491	1330	1	0.432000	-0.026000	-4.5730	-4.5480
28/06/19	18:43:04.697	1331	1	0.422000	-0.026000	-4.4510	-4.4090
28/06/19	18:43:04.912	1332	1	0.411000	-0.026000	-4.3010	-4.2930
28/06/19	18:43:05.073	1333	1	0.411000	-0.026000	-4.2050	-4.1970
28/06/19	18:43:05.281	1334	1	0.402000	-0.026000	-4.0940	-4.0970
28/06/19	18:43:05.499	1335	1	0.392000	-0.026000	-3.9720	-3.9840
28/06/19	18:43:05.703	1336	1	0.382000	-0.026000	-3.8420	-3.8590
28/06/19	18:43:05.906	1337	1	0.382000	-0.026000	-3.7340	-3.7600
28/06/19	18:43:06.069	1338	1	0.373000	-0.026000	-3.6320	-3.6520
28/06/19	18:43:06.281	1339	1	0.365000	-0.026000	-3.4990	-3.5590
28/06/19	18:43:06.488	1340	1	0.355000	-0.026000	-3.3910	-3.4540
28/06/19	18:43:06.703	1341	1	0.355000	-0.026000	-3.2580	-3.3120
28/06/19	18:43:06.875	1342	1	0.347000	-0.026000	-3.1560	-3.2130
28/06/19	18:43:07.084	1343	1	0.338000	-0.026000	-3.0120	-3.0660
28/06/19	18:43:07.294	1344	1	0.331000	-0.026000	-2.8840	-2.9380
28/06/19	18:43:07.512	1345	1	0.331000	-0.026000	-2.7710	-2.8160
28/06/19	18:43:07.672	1346	1	0.323000	-0.026000	-2.6690	-2.7120
28/06/19	18:43:07.877	1347	1	0.316000	-0.026000	-2.5360	-2.5980
28/06/19	18:43:08.084	1348	1	0.308000	-0.026000	-2.4100	-2.4780
28/06/19	18:43:08.291	1349	1	0.308000	-0.026000	-2.2920	-2.3600
28/06/19	18:43:08.498	1350	1	0.301000	-0.026000	-2.1630	-2.2450
28/06/19	18:43:08.670	1351	1	0.294000	-0.026000	-2.0650	-2.1390
28/06/19	18:43:08.879	1352	1	0.287000	-0.026000	-1.9560	-2.0100
28/06/19	18:43:09.088	1353	1	0.287000	-0.026000	-1.8520	-1.9170
28/06/19	18:43:09.295	1354	1	0.280000	-0.026000	-1.7230	-1.7800
28/06/19	18:43:09.510	1355	1	0.274000	-0.026000	-1.5920	-1.6730
28/06/19	18:43:09.672	1356	1	0.268000	-0.026000	-1.5100	-1.5950
28/06/19	18:43:09.878	1357	1	0.268000	-0.026000	-1.3930	-1.4580
28/06/19	18:43:10.079	1358	1	0.262000	-0.026000	-1.2840	-1.3620
28/06/19	18:43:10.286	1359	1	0.256000	-0.026000	-1.1740	-1.2530
28/06/19	18:43:10.500	1360	1	0.249000	-0.026000	-1.0730	-1.1690
28/06/19	18:43:10.700	1361	1	0.249000	-0.026000	-0.9890	-1.0350
28/06/19	18:43:10.867	1362	1	0.244000	-0.026000	-0.8910	-0.9530
28/06/19	18:43:11.080	1363	1	0.238000	-0.026000	-0.7930	-0.8800
28/06/19	18:43:11.290	1364	1	0.233000	-0.026000	-0.7040	-0.7710
28/06/19	18:43:11.499	1365	1	0.233000	-0.026000	-0.6000	-0.6700
28/06/19	18:43:11.708	1366	1	0.228000	-0.026000	-0.5050	-0.6060
28/06/19	18:43:11.874	1367	1	0.222000	-0.026000	-0.4320	-0.5270
28/06/19	18:43:12.087	1368	1	0.217000	-0.026000	-0.3670	-0.4350
28/06/19	18:43:12.295	1369	1	0.217000	-0.026000	-0.2720	-0.3620
28/06/19	18:43:12.504	1370	1	0.213000	-0.026000	-0.1910	-0.2720
28/06/19	18:43:12.713	1371	1	0.208000	-0.026000	-0.1400	-0.2050
28/06/19	18:43:12.867	1372	1	0.204000	-0.026000	-0.0840	-0.1460
28/06/19	18:43:13.075	1373	1	0.204000	-0.026000	-0.0060	-0.1070
28/06/19	18:43:13.284	1374	1	0.199000	-0.026000	0.0590	-0.0480
28/06/19	18:43:13.493	1375	1	0.195000	-0.026000	0.1200	0.0160
28/06/19	18:43:13.710	1376	1	0.192000	-0.026000	0.1680	0.0580
28/06/19	18:43:13.869	1377	1	0.192000	-0.026000	0.1960	0.1000
28/06/19	18:43:14.083	1378	1	0.188000	-0.026000	0.2240	0.1480
28/06/19	18:43:14.289	1379	1	0.184000	-0.026000	0.2860	0.1930
28/06/19	18:43:14.506	1380	1	0.181000	-0.026000	0.3330	0.2210
28/06/19	18:43:14.671	1381	1	0.181000	-0.026000	0.3470	0.2400
28/06/19	18:43:14.888	1382	1	0.179000	-0.026000	0.3980	0.2850
28/06/19	18:43:15.098	1383	1	0.175000	-0.026000	0.4340	0.3220
28/06/19	18:43:15.310	1384	1	0.173000	-0.026000	0.4570	0.3690
28/06/19	18:43:15.467	1385	1	0.173000	-0.026000	0.4960	0.4060
28/06/19	18:43:15.692	1386	1	0.169000	-0.026000	0.5490	0.4170
28/06/19	18:43:15.893	1387	1	0.168000	-0.026000	0.5800	0.4560
28/06/19	18:43:16.099	1388	1	0.166000	-0.026000	0.6190	0.5120
28/06/19	18:43:16.265	1389	1	0.166000	-0.026000	0.6670	0.5430
28/06/19	18:43:16.476	1390	1	0.163000	-0.026000	0.7030	0.5600
28/06/19	18:43:16.689	1391	1	0.161000	-0.026000	0.7140	0.6160
28/06/19	18:43:16.897	1392	1	0.158000	-0.026000	0.7870	0.6520
28/06/19	18:43:17.112	1393	1	0.158000	-0.026000	0.8150	0.6910
28/06/19	18:43:17.273	1394	1	0.155000	-0.026000	0.8150	0.7030
28/06/19	18:43:17.480	1395	1	0.152000	-0.026000	0.8820	0.7420
28/06/19	18:43:17.680	1396	1	0.149000	-0.026000	0.9130	0.7640
28/06/19	18:43:17.893	1397	1	0.149000	-0.026000	0.9610	0.8120
28/06/19	18:43:18.116	1398	1	0.146000	-0.026000	0.9920	0.8370
28/06/19	18:43:18.268	1399	1	0.143000	-0.026000	1.0200	0.8680
28/06/19	18:43:18.483	1400	1	0.140000	-0.026000	1.0650	0.8990
28/06/19	18:43:18.689	1401	1	0.140000	-0.026000	1.0950	0.8930
28/06/19	18:43:18.902	1402	1	0.136000	-0.026000	1.1180	0.9550
28/06/19	18:43:19.072	1403	1	0.133000	-0.026000	1.1180	0.9800
28/06/19	18:43:19.286	1404	1	0.130000	-0.026000	1.1710	1.0080
28/06/19	18:43:19.497	1405	1	0.130000	-0.026000	1.2050	1.0360
28/06/19	18:43:19.704	1406	1	0.127000	-0.026000	1.2380	1.0730
28/06/19	18:43:19.865	1407	1	0.125000	-0.026000	1.2490	1.0870
28/06/19	18:43:20.073	1408	1	0.122000	-0.026000	1.2940	1.1170
28/06/19	18:43:20.282	1409	1	0.122000	-0.026000	1.3140	1.1370
28/06/19	18:43:20.507	1410	1	0.119000	-0.026000	1.3340	1.1790
28/06/19	18:43:20.710	1411	1	0.116000	-0.026000	1.3900	1.1820
28/06/19	18:43:20.870	1412	1	0.113000	-0.026000	1.4120	1.2150
28/06/19	18:43:21.078	1413	1	0.113000	-0.026000	1.4340	1.2550
28/06/19	18:43:21.289	1414	1	0.110000	-0.026000	1.4620	1.2660
28/06/19	18:43:21.496	1415	1	0.108000	-0.026000	1.4710	1.3110
28/06/19	18:43:21.703	1416	1	0.106000	-0.026000	1.5180	1.3360
28/06/19	18:43:21.876	1417	1	0.106000	-0.026000	1.5300	1.3360
28/06/19	18:43:22.090	1418	1	0.103000	-0.026000	1.5750	1.3720
28/06/19	18:43:22.299	1419	1	0.100000	-0.026000	1.5690	1.3890
28/06/19	18:43:22.464	1420	1	0.097000	-0.026000	1.6050	1.4000
