28/06/19	18:43:58.498	C:\Icing\LabView_vi\Icing_2TC_FP_v2.1.vi
Dt (s):		0.200000
test with constant cooling rate
Date	Time	# meas	# cycle	V	I	Temp1	Temp2

28/06/19	18:45:25.707	1	0	-0.001000	0.002000	6.0190	6.0190
28/06/19	18:45:25.901	2	0	-0.001000	0.002000	6.0440	6.0220
28/06/19	18:45:26.106	3	0	-0.001000	0.002000	6.0220	6.0220
28/06/19	18:45:26.326	4	0	-0.001000	0.002000	6.0220	6.0410
28/06/19	18:45:26.535	5	0	-0.001000	0.002000	6.0420	6.0250
28/06/19	18:45:26.709	6	0	-0.001000	0.002000	6.0110	6.0270
28/06/19	18:45:26.919	7	0	0.000000	0.002000	6.0220	6.0220
28/06/19	18:45:27.133	8	0	0.000000	0.002000	6.0170	6.0160
28/06/19	18:45:27.342	9	0	-0.001000	0.002000	6.0280	6.0250
28/06/19	18:45:27.505	10	0	-0.001000	0.002000	6.0250	6.0160
28/06/19	18:45:27.713	11	0	-0.001000	0.002000	6.0060	6.0160
28/06/19	18:45:27.922	12	0	-0.001000	0.002000	6.0140	6.0410
28/06/19	18:45:28.149	13	0	-0.001000	0.002000	6.0280	6.0190
28/06/19	18:45:28.303	14	0	-0.001000	0.002000	6.0280	6.0080
28/06/19	18:45:28.519	15	0	0.000000	0.002000	6.0170	6.0190
28/06/19	18:45:28.727	16	0	-0.001000	0.002000	6.0190	6.0140
28/06/19	18:45:28.937	17	0	0.000000	0.002000	6.0250	6.0220
28/06/19	18:45:29.111	18	0	0.000000	0.002000	6.0220	6.0140
28/06/19	18:45:29.317	19	0	0.000000	0.002000	6.0250	6.0080
28/06/19	18:45:29.539	20	0	-0.001000	0.002000	6.0110	6.0270
28/06/19	18:45:29.702	21	0	-0.001000	0.002000	6.0170	6.0050
28/06/19	18:45:29.927	22	0	-0.001000	0.002000	6.0250	6.0380
28/06/19	18:45:30.130	23	0	-0.001000	0.002000	6.0250	6.0300
28/06/19	18:45:30.336	24	0	-0.001000	0.002000	6.0190	6.0440
28/06/19	18:45:30.543	25	0	-0.001000	0.002000	6.0530	6.0330
28/06/19	18:45:30.702	26	0	-0.001000	0.002000	6.0550	6.0690
28/06/19	18:45:30.913	27	0	-0.001000	0.002000	6.0690	6.0690
28/06/19	18:45:31.125	28	0	-0.001000	0.002000	6.0880	6.0770
28/06/19	18:45:31.334	29	0	-0.001000	0.002000	6.1110	6.5520
28/06/19	18:45:31.541	30	0	-0.001000	0.002000	7.0800	7.5100
28/06/19	18:45:31.708	31	0	-0.001000	0.002000	7.4880	7.7780
28/06/19	18:45:31.921	32	0	-0.002000	0.002000	7.9630	8.2280
28/06/19	18:45:32.129	33	0	-0.001000	0.002000	8.2390	8.4650
28/06/19	18:45:32.345	34	0	-0.001000	0.002000	8.7640	9.2500
28/06/19	18:45:32.499	35	0	0.000000	0.002000	9.0100	9.5390
28/06/19	18:45:32.708	36	0	-0.001000	0.002000	9.0290	9.4430
28/06/19	18:45:32.918	37	0	-0.001000	0.002000	8.9380	9.3100
28/06/19	18:45:33.143	38	0	-0.001000	0.002000	8.8300	9.1470
28/06/19	18:45:33.306	39	0	-0.001000	0.002000	8.7340	9.0260
28/06/19	18:45:33.513	40	0	-0.001000	0.003000	8.5850	8.8850
28/06/19	18:45:33.722	41	0	-0.001000	0.003000	8.4930	8.7280
28/06/19	18:45:33.935	42	0	-0.001000	0.003000	8.3550	8.5650
28/06/19	18:45:34.108	43	0	-0.001000	0.003000	8.2670	8.4850
28/06/19	18:45:34.321	44	0	-0.001000	0.002000	8.1620	8.3690
28/06/19	18:45:34.529	45	0	0.000000	0.003000	8.0820	8.2420
28/06/19	18:45:34.738	46	0	0.000000	0.003000	7.9550	8.1510
28/06/19	18:45:34.900	47	0	-0.001000	0.003000	7.8860	8.0540
28/06/19	18:45:35.109	48	0	-0.001000	0.003000	7.8030	7.9550
28/06/19	18:45:35.316	49	0	-0.001000	0.003000	7.7040	7.8580
28/06/19	18:45:35.541	50	0	-0.001000	0.003000	7.6370	7.7450
Cycle	Time Peltier On:	300	Time Peltier Off:	150	# iterations	2		control P	0.0250	DT °C/min	5.0000
28/06/19	18:45:35.743	51	1	-0.001000	2.120000	7.5490	7.6650
28/06/19	18:45:35.904	52	1	0.321000	2.120000	7.4720	7.5790
28/06/19	18:45:36.111	53	1	0.321000	0.080000	7.3280	7.4330
28/06/19	18:45:36.324	54	1	0.291000	0.064000	7.1850	7.2950
28/06/19	18:45:36.531	55	1	0.220000	0.048000	7.0660	7.1980
28/06/19	18:45:36.746	56	1	0.139000	0.048000	6.9830	7.0930
28/06/19	18:45:36.911	57	1	0.139000	0.035000	6.9170	7.0210
28/06/19	18:45:37.116	58	1	0.109000	0.020000	6.8450	6.9500
28/06/19	18:45:37.317	59	1	0.070000	0.013000	6.7840	6.8500
28/06/19	18:45:37.527	60	1	0.039000	0.013000	6.7180	6.8030
28/06/19	18:45:37.733	61	1	0.017000	0.007000	6.6550	6.7480
28/06/19	18:45:37.904	62	1	0.017000	-0.001000	6.6130	6.7120
28/06/19	18:45:38.111	63	1	-0.004000	-0.001000	6.5740	6.6600
28/06/19	18:45:38.326	64	1	-0.006000	-0.002000	6.5280	6.5990
28/06/19	18:45:38.534	65	1	-0.008000	-0.002000	6.5160	6.5800
28/06/19	18:45:38.708	66	1	-0.008000	-0.003000	6.4670	6.5240
28/06/19	18:45:38.923	67	1	-0.010000	-0.002000	6.4700	6.4990
28/06/19	18:45:39.133	68	1	-0.008000	-0.002000	6.4140	6.4800
28/06/19	18:45:39.342	69	1	-0.011000	-0.001000	6.4000	6.4660
28/06/19	18:45:39.502	70	1	-0.011000	-0.002000	6.3870	6.4250
28/06/19	18:45:39.711	71	1	-0.013000	-0.002000	6.3560	6.3950
28/06/19	18:45:39.922	72	1	-0.014000	-0.002000	6.3450	6.3830
28/06/19	18:45:40.131	73	1	-0.014000	-0.002000	6.3200	6.3530
28/06/19	18:45:40.299	74	1	-0.014000	-0.002000	6.3040	6.3370
28/06/19	18:45:40.512	75	1	-0.015000	-0.002000	6.2790	6.3140
28/06/19	18:45:40.727	76	1	-0.016000	-0.002000	6.2820	6.2900
28/06/19	18:45:40.935	77	1	-0.012000	-0.002000	6.2680	6.2920
28/06/19	18:45:41.108	78	1	-0.012000	-0.001000	6.2460	6.2950
28/06/19	18:45:41.321	79	1	-0.011000	-0.001000	6.2380	6.2700
28/06/19	18:45:41.530	80	1	-0.008000	-0.001000	6.2290	6.2480
28/06/19	18:45:41.738	81	1	-0.004000	0.000000	6.2130	6.2370
28/06/19	18:45:41.899	82	1	-0.004000	0.000000	6.1990	6.2150
28/06/19	18:45:42.126	83	1	-0.005000	0.000000	6.1740	6.2070
28/06/19	18:45:42.327	84	1	-0.008000	0.000000	6.1740	6.2010
28/06/19	18:45:42.550	85	1	-0.002000	0.000000	6.1690	6.1870
28/06/19	18:45:42.703	86	1	-0.002000	0.003000	6.1820	6.1820
28/06/19	18:45:42.917	87	1	0.009000	0.006000	6.1580	6.1790
28/06/19	18:45:43.129	88	1	0.011000	0.006000	6.1330	6.1680
28/06/19	18:45:43.336	89	1	0.008000	0.005000	6.1490	6.1490
28/06/19	18:45:43.509	90	1	0.008000	0.009000	6.1080	6.1380
28/06/19	18:45:43.721	91	1	0.019000	0.005000	6.1270	6.1270
28/06/19	18:45:43.933	92	1	0.028000	0.005000	6.1020	6.1100
28/06/19	18:45:44.143	93	1	0.025000	0.010000	6.1020	6.1070
28/06/19	18:45:44.302	94	1	0.025000	0.011000	6.1050	6.1130
28/06/19	18:45:44.517	95	1	0.041000	0.014000	6.0770	6.0940
28/06/19	18:45:44.725	96	1	0.037000	0.014000	6.0610	6.0770
28/06/19	18:45:44.932	97	1	0.037000	0.013000	6.0390	6.0690
28/06/19	18:45:45.101	98	1	0.037000	0.012000	6.0440	6.0380
28/06/19	18:45:45.314	99	1	0.043000	0.014000	6.0330	6.0440
28/06/19	18:45:45.525	100	1	0.048000	0.014000	6.0030	6.0470
28/06/19	18:45:45.732	101	1	0.041000	0.015000	6.0080	6.0580
28/06/19	18:45:45.938	102	1	0.041000	0.016000	6.0080	6.0250
28/06/19	18:45:46.106	103	1	0.052000	0.016000	5.9840	6.0140
28/06/19	18:45:46.319	104	1	0.056000	0.018000	5.9860	6.0270
28/06/19	18:45:46.527	105	1	0.067000	0.018000	5.9780	5.9720
28/06/19	18:45:46.737	106	1	0.067000	0.021000	5.9450	5.9640
28/06/19	18:45:46.899	107	1	0.070000	0.021000	5.9530	5.9720
28/06/19	18:45:47.108	108	1	0.073000	0.019000	5.9370	5.9640
28/06/19	18:45:47.316	109	1	0.073000	0.022000	5.9260	5.9330
28/06/19	18:45:47.542	110	1	0.074000	0.023000	5.9200	5.9310
28/06/19	18:45:47.745	111	1	0.078000	0.024000	5.9060	5.9060
28/06/19	18:45:47.904	112	1	0.083000	0.024000	5.8920	5.9060
28/06/19	18:45:48.117	113	1	0.086000	0.025000	5.8810	5.8950
28/06/19	18:45:48.332	114	1	0.086000	0.025000	5.8510	5.8890
28/06/19	18:45:48.506	115	1	0.087000	0.025000	5.8790	5.8670
28/06/19	18:45:48.712	116	1	0.101000	0.024000	5.8620	5.8810
28/06/19	18:45:48.923	117	1	0.102000	0.029000	5.8370	5.8560
28/06/19	18:45:49.132	118	1	0.102000	0.028000	5.8370	5.8370
28/06/19	18:45:49.299	119	1	0.100000	0.028000	5.8100	5.8370
28/06/19	18:45:49.506	120	1	0.104000	0.030000	5.8100	5.8170
28/06/19	18:45:49.731	121	1	0.111000	0.031000	5.7900	5.8150
28/06/19	18:45:49.932	122	1	0.111000	0.031000	5.7880	5.7950
28/06/19	18:45:50.139	123	1	0.113000	0.032000	5.7710	5.7790
28/06/19	18:45:50.305	124	1	0.117000	0.032000	5.7790	5.7480
28/06/19	18:45:50.512	125	1	0.117000	0.036000	5.7430	5.7480
28/06/19	18:45:50.720	126	1	0.130000	0.033000	5.7320	5.7350
28/06/19	18:45:50.927	127	1	0.122000	0.034000	5.7180	5.7240
28/06/19	18:45:51.140	128	1	0.125000	0.034000	5.6990	5.7240
28/06/19	18:45:51.308	129	1	0.125000	0.034000	5.6910	5.7130
28/06/19	18:45:51.526	130	1	0.126000	0.035000	5.6800	5.6850
28/06/19	18:45:51.734	131	1	0.131000	0.036000	5.6770	5.6660
28/06/19	18:45:51.901	132	1	0.137000	0.036000	5.6630	5.6820
28/06/19	18:45:52.109	133	1	0.137000	0.038000	5.6490	5.6440
28/06/19	18:45:52.318	134	1	0.142000	0.038000	5.6270	5.6440
28/06/19	18:45:52.526	135	1	0.142000	0.037000	5.6050	5.6190
28/06/19	18:45:52.732	136	1	0.140000	0.037000	5.6250	5.6130
28/06/19	18:45:52.904	137	1	0.140000	0.037000	5.5860	5.5970
28/06/19	18:45:53.114	138	1	0.154000	0.039000	5.5720	5.5860
28/06/19	18:45:53.322	139	1	0.149000	0.039000	5.5580	5.5740
28/06/19	18:45:53.530	140	1	0.149000	0.039000	5.5470	5.5550
28/06/19	18:45:53.738	141	1	0.155000	0.039000	5.5220	5.5330
28/06/19	18:45:53.906	142	1	0.155000	0.039000	5.5200	5.5330
28/06/19	18:45:54.112	143	1	0.157000	0.039000	5.5200	5.5190
28/06/19	18:45:54.328	144	1	0.165000	0.041000	5.4980	5.4940
28/06/19	18:45:54.545	145	1	0.161000	0.042000	5.4810	5.4830
28/06/19	18:45:54.699	146	1	0.161000	0.042000	5.4590	5.4810
28/06/19	18:45:54.906	147	1	0.160000	0.042000	5.4530	5.4610
28/06/19	18:45:55.124	148	1	0.167000	0.040000	5.4370	5.4420
28/06/19	18:45:55.334	149	1	0.168000	0.043000	5.4200	5.4280
28/06/19	18:45:55.535	150	1	0.168000	0.043000	5.4200	5.4250
28/06/19	18:45:55.703	151	1	0.170000	0.043000	5.3930	5.4140
28/06/19	18:45:55.913	152	1	0.174000	0.045000	5.3820	5.4060
28/06/19	18:45:56.121	153	1	0.174000	0.044000	5.3730	5.3810
28/06/19	18:45:56.330	154	1	0.174000	0.045000	5.3730	5.3650
28/06/19	18:45:56.538	155	1	0.179000	0.047000	5.3540	5.3590
28/06/19	18:45:56.705	156	1	0.187000	0.047000	5.3260	5.3650
28/06/19	18:45:56.918	157	1	0.184000	0.046000	5.3180	5.3480
28/06/19	18:45:57.132	158	1	0.184000	0.047000	5.2990	5.3230
28/06/19	18:45:57.343	159	1	0.187000	0.047000	5.2910	5.2980
28/06/19	18:45:57.502	160	1	0.192000	0.047000	5.2910	5.2980
28/06/19	18:45:57.713	161	1	0.192000	0.050000	5.2880	5.2870
28/06/19	18:45:57.922	162	1	0.198000	0.051000	5.2570	5.2710
28/06/19	18:45:58.131	163	1	0.202000	0.050000	5.2490	5.2760
28/06/19	18:45:58.304	164	1	0.204000	0.050000	5.2300	5.2350
28/06/19	18:45:58.511	165	1	0.204000	0.049000	5.2210	5.2380
28/06/19	18:45:58.726	166	1	0.202000	0.051000	5.1990	5.2040
28/06/19	18:45:58.940	167	1	0.206000	0.050000	5.1860	5.1960
28/06/19	18:45:59.107	168	1	0.206000	0.050000	5.1880	5.1960
28/06/19	18:45:59.322	169	1	0.217000	0.054000	5.1640	5.1710
28/06/19	18:45:59.530	170	1	0.217000	0.052000	5.1500	5.1770
28/06/19	18:45:59.739	171	1	0.214000	0.053000	5.1360	5.1220
28/06/19	18:45:59.900	172	1	0.216000	0.053000	5.1410	5.1410
28/06/19	18:46:00.107	173	1	0.216000	0.056000	5.1190	5.1270
28/06/19	18:46:00.335	174	1	0.226000	0.055000	5.1000	5.1110
28/06/19	18:46:00.538	175	1	0.225000	0.055000	5.0610	5.0940
28/06/19	18:46:00.705	176	1	0.214000	0.055000	5.0700	5.0890
28/06/19	18:46:00.916	177	1	0.214000	0.056000	5.0590	5.0750
28/06/19	18:46:01.125	178	1	0.229000	0.055000	5.0340	5.0440
28/06/19	18:46:01.334	179	1	0.226000	0.055000	5.0420	5.0470
28/06/19	18:46:01.501	180	1	0.237000	0.054000	5.0200	5.0170
28/06/19	18:46:01.717	181	1	0.237000	0.057000	4.9950	5.0030
28/06/19	18:46:01.931	182	1	0.238000	0.057000	4.9920	5.0060
28/06/19	18:46:02.105	183	1	0.239000	0.057000	4.9870	4.9920
28/06/19	18:46:02.319	184	1	0.247000	0.058000	4.9760	4.9810
28/06/19	18:46:02.524	185	1	0.247000	0.060000	4.9650	4.9500
28/06/19	18:46:02.736	186	1	0.248000	0.060000	4.9340	4.9480
28/06/19	18:46:02.900	187	1	0.246000	0.060000	4.9040	4.9310
28/06/19	18:46:03.109	188	1	0.243000	0.059000	4.9100	4.9260
28/06/19	18:46:03.322	189	1	0.243000	0.060000	4.8960	4.9200
28/06/19	18:46:03.548	190	1	0.253000	0.060000	4.8850	4.8810
28/06/19	18:46:03.703	191	1	0.256000	0.060000	4.8760	4.8810
28/06/19	18:46:03.912	192	1	0.262000	0.062000	4.8520	4.8480
28/06/19	18:46:04.118	193	1	0.262000	0.061000	4.8490	4.8430
28/06/19	18:46:04.331	194	1	0.259000	0.062000	4.8240	4.8370
28/06/19	18:46:04.539	195	1	0.259000	0.062000	4.8180	4.8350
28/06/19	18:46:04.706	196	1	0.267000	0.062000	4.8130	4.8210
28/06/19	18:46:04.913	197	1	0.267000	0.064000	4.7990	4.8100
28/06/19	18:46:05.126	198	1	0.271000	0.066000	4.7770	4.7850
28/06/19	18:46:05.335	199	1	0.273000	0.066000	4.7630	4.7960
28/06/19	18:46:05.501	200	1	0.272000	0.065000	4.7600	4.7570
28/06/19	18:46:05.707	201	1	0.272000	0.067000	4.7490	4.7430
28/06/19	18:46:05.932	202	1	0.280000	0.067000	4.7240	4.7460
28/06/19	18:46:06.133	203	1	0.282000	0.067000	4.7080	4.7210
28/06/19	18:46:06.335	204	1	0.282000	0.066000	4.6670	4.6990
28/06/19	18:46:06.500	205	1	0.282000	0.063000	4.6640	4.6940
28/06/19	18:46:06.714	206	1	0.273000	0.064000	4.6750	4.6770
28/06/19	18:46:06.924	207	1	0.290000	0.064000	4.6280	4.6830
28/06/19	18:46:07.132	208	1	0.278000	0.068000	4.6470	4.6500
28/06/19	18:46:07.343	209	1	0.278000	0.068000	4.6330	4.6360
28/06/19	18:46:07.504	210	1	0.292000	0.070000	4.6090	4.6300
28/06/19	18:46:07.721	211	1	0.293000	0.070000	4.6220	4.6380
28/06/19	18:46:07.930	212	1	0.308000	0.069000	4.6060	4.6000
28/06/19	18:46:08.135	213	1	0.308000	0.073000	4.5890	4.5970
28/06/19	18:46:08.303	214	1	0.308000	0.073000	4.5730	4.5580
28/06/19	18:46:08.514	215	1	0.309000	0.073000	4.5670	4.5750
28/06/19	18:46:08.723	216	1	0.314000	0.073000	4.5200	4.5420
28/06/19	18:46:08.934	217	1	0.314000	0.070000	4.5090	4.5250
28/06/19	18:46:09.098	218	1	0.301000	0.070000	4.5040	4.5170
28/06/19	18:46:09.309	219	1	0.308000	0.070000	4.5060	4.4980
28/06/19	18:46:09.523	220	1	0.320000	0.071000	4.4870	4.4980
28/06/19	18:46:09.729	221	1	0.320000	0.074000	4.4650	4.4670
28/06/19	18:46:09.943	222	1	0.320000	0.073000	4.4240	4.4480
28/06/19	18:46:10.106	223	1	0.307000	0.073000	4.4370	4.4530
28/06/19	18:46:10.315	224	1	0.322000	0.071000	4.4350	4.4260
28/06/19	18:46:10.522	225	1	0.322000	0.075000	4.4070	4.4230
28/06/19	18:46:10.723	226	1	0.325000	0.075000	4.3930	4.4260
28/06/19	18:46:10.930	227	1	0.323000	0.075000	4.3820	4.3870
28/06/19	18:46:11.098	228	1	0.328000	0.075000	4.3770	4.3840
28/06/19	18:46:11.314	229	1	0.328000	0.076000	4.3630	4.3620
28/06/19	18:46:11.521	230	1	0.331000	0.077000	4.3490	4.3510
28/06/19	18:46:11.732	231	1	0.335000	0.077000	4.3240	4.3540
28/06/19	18:46:11.938	232	1	0.333000	0.077000	4.3350	4.3320
28/06/19	18:46:12.106	233	1	0.333000	0.081000	4.2910	4.3260
28/06/19	18:46:12.320	234	1	0.347000	0.076000	4.2970	4.3100
28/06/19	18:46:12.528	235	1	0.345000	0.076000	4.2630	4.2930
28/06/19	18:46:12.738	236	1	0.339000	0.080000	4.2770	4.2880
28/06/19	18:46:12.899	237	1	0.339000	0.082000	4.2580	4.2770
28/06/19	18:46:13.107	238	1	0.353000	0.080000	4.2550	4.2600
28/06/19	18:46:13.333	239	1	0.356000	0.080000	4.2220	4.2490
28/06/19	18:46:13.548	240	1	0.352000	0.082000	4.2300	4.2240
28/06/19	18:46:13.702	241	1	0.352000	0.083000	4.2110	4.2160
28/06/19	18:46:13.909	242	1	0.362000	0.084000	4.1830	4.2160
28/06/19	18:46:14.122	243	1	0.357000	0.084000	4.1920	4.1880
28/06/19	18:46:14.329	244	1	0.370000	0.081000	4.1500	4.1690
28/06/19	18:46:14.542	245	1	0.370000	0.083000	4.1500	4.1550
28/06/19	18:46:14.707	246	1	0.361000	0.084000	4.1330	4.1380
28/06/19	18:46:14.919	247	1	0.368000	0.084000	4.1300	4.1320
28/06/19	18:46:15.127	248	1	0.373000	0.084000	4.1020	4.1040
28/06/19	18:46:15.339	249	1	0.373000	0.084000	4.0770	4.1010
28/06/19	18:46:15.547	250	1	0.371000	0.083000	4.0710	4.1040
28/06/19	18:46:15.700	251	1	0.370000	0.083000	4.0710	4.0930
28/06/19	18:46:15.910	252	1	0.379000	0.084000	4.0540	4.0710
28/06/19	18:46:16.118	253	1	0.379000	0.086000	4.0400	4.0370
28/06/19	18:46:16.328	254	1	0.380000	0.087000	4.0120	4.0260
28/06/19	18:46:16.536	255	1	0.376000	0.087000	4.0070	3.9980
28/06/19	18:46:16.699	256	1	0.385000	0.085000	3.9930	4.0290
28/06/19	18:46:16.912	257	1	0.385000	0.087000	3.9930	3.9890
28/06/19	18:46:17.121	258	1	0.385000	0.089000	3.9810	3.9840
28/06/19	18:46:17.332	259	1	0.396000	0.089000	3.9620	3.9590
28/06/19	18:46:17.541	260	1	0.394000	0.090000	3.9420	3.9390
28/06/19	18:46:17.707	261	1	0.394000	0.089000	3.9170	3.9360
28/06/19	18:46:17.915	262	1	0.396000	0.088000	3.9250	3.9390
28/06/19	18:46:18.125	263	1	0.402000	0.088000	3.8890	3.9110
28/06/19	18:46:18.343	264	1	0.396000	0.091000	3.8830	3.8890
28/06/19	18:46:18.502	265	1	0.396000	0.090000	3.8720	3.8800
28/06/19	18:46:18.709	266	1	0.400000	0.091000	3.8500	3.8690
28/06/19	18:46:18.934	267	1	0.400000	0.091000	3.8390	3.8630
28/06/19	18:46:19.136	268	1	0.405000	0.090000	3.8410	3.8460
28/06/19	18:46:19.300	269	1	0.405000	0.093000	3.8270	3.8410
28/06/19	18:46:19.511	270	1	0.412000	0.093000	3.7990	3.8160
28/06/19	18:46:19.725	271	1	0.410000	0.093000	3.8020	3.8100
28/06/19	18:46:19.932	272	1	0.418000	0.092000	3.7660	3.7930
28/06/19	18:46:20.105	273	1	0.418000	0.092000	3.7660	3.7880
28/06/19	18:46:20.319	274	1	0.412000	0.094000	3.7460	3.7650
28/06/19	18:46:20.524	275	1	0.420000	0.094000	3.7290	3.7510
28/06/19	18:46:20.736	276	1	0.421000	0.094000	3.7120	3.7370
28/06/19	18:46:20.897	277	1	0.421000	0.094000	3.6900	3.7400
28/06/19	18:46:21.123	278	1	0.421000	0.093000	3.6820	3.7010
28/06/19	18:46:21.325	279	1	0.422000	0.093000	3.6900	3.6980
28/06/19	18:46:21.532	280	1	0.431000	0.094000	3.6820	3.6870
28/06/19	18:46:21.699	281	1	0.431000	0.098000	3.6680	3.6780
28/06/19	18:46:21.907	282	1	0.436000	0.099000	3.6450	3.6620
28/06/19	18:46:22.120	283	1	0.437000	0.099000	3.6400	3.6340
28/06/19	18:46:22.327	284	1	0.441000	0.098000	3.6000	3.6450
28/06/19	18:46:22.543	285	1	0.432000	0.096000	3.6170	3.6140
28/06/19	18:46:22.704	286	1	0.432000	0.101000	3.5980	3.6030
28/06/19	18:46:22.911	287	1	0.447000	0.101000	3.5530	3.5920
28/06/19	18:46:23.128	288	1	0.439000	0.100000	3.5670	3.5750
28/06/19	18:46:23.330	289	1	0.439000	0.101000	3.5580	3.5630
28/06/19	18:46:23.534	290	1	0.452000	0.102000	3.5300	3.5550
28/06/19	18:46:23.702	291	1	0.449000	0.102000	3.5220	3.5520
28/06/19	18:46:23.906	292	1	0.452000	0.100000	3.5220	3.5440
28/06/19	18:46:24.120	293	1	0.452000	0.103000	3.4990	3.4990
28/06/19	18:46:24.331	294	1	0.459000	0.102000	3.4800	3.4960
28/06/19	18:46:24.538	295	1	0.458000	0.102000	3.4600	3.4820
28/06/19	18:46:24.703	296	1	0.459000	0.102000	3.4460	3.4430
28/06/19	18:46:24.917	297	1	0.459000	0.102000	3.4290	3.4510
28/06/19	18:46:25.125	298	1	0.461000	0.102000	3.4210	3.4350
28/06/19	18:46:25.332	299	1	0.464000	0.102000	3.3960	3.4400
28/06/19	18:46:25.540	300	1	0.460000	0.103000	3.3990	3.4180
28/06/19	18:46:25.700	301	1	0.460000	0.105000	3.3870	3.4070
28/06/19	18:46:25.908	302	1	0.470000	0.105000	3.3760	3.3950
28/06/19	18:46:26.120	303	1	0.477000	0.105000	3.3650	3.3730
28/06/19	18:46:26.321	304	1	0.480000	0.106000	3.3370	3.3620
28/06/19	18:46:26.531	305	1	0.480000	0.105000	3.3290	3.3510
28/06/19	18:46:26.699	306	1	0.474000	0.106000	3.3310	3.3480
28/06/19	18:46:26.907	307	1	0.489000	0.106000	3.2890	3.3280
28/06/19	18:46:27.121	308	1	0.477000	0.109000	3.2920	3.2970
28/06/19	18:46:27.327	309	1	0.477000	0.108000	3.2950	3.3090
28/06/19	18:46:27.535	310	1	0.488000	0.110000	3.2640	3.2890
28/06/19	18:46:27.711	311	1	0.492000	0.110000	3.2470	3.2580
28/06/19	18:46:27.919	312	1	0.493000	0.109000	3.2610	3.2500
28/06/19	18:46:28.127	313	1	0.493000	0.112000	3.2330	3.2380
28/06/19	18:46:28.335	314	1	0.502000	0.111000	3.2050	3.2300
28/06/19	18:46:28.496	315	1	0.497000	0.111000	3.2140	3.2220
28/06/19	18:46:28.706	316	1	0.508000	0.110000	3.1720	3.1820
28/06/19	18:46:28.934	317	1	0.508000	0.110000	3.1690	3.1630
28/06/19	18:46:29.136	318	1	0.499000	0.111000	3.1490	3.1600
28/06/19	18:46:29.302	319	1	0.503000	0.111000	3.1630	3.1740
28/06/19	18:46:29.513	320	1	0.517000	0.111000	3.1440	3.1380
28/06/19	18:46:29.716	321	1	0.517000	0.114000	3.1070	3.1260
28/06/19	18:46:29.931	322	1	0.515000	0.112000	3.1160	3.1150
28/06/19	18:46:30.105	323	1	0.519000	0.112000	3.0760	3.1010
28/06/19	18:46:30.319	324	1	0.509000	0.115000	3.0820	3.0900
28/06/19	18:46:30.524	325	1	0.509000	0.115000	3.0400	3.0820
28/06/19	18:46:30.735	326	1	0.519000	0.112000	3.0460	3.0620
28/06/19	18:46:30.897	327	1	0.521000	0.112000	3.0150	3.0450
28/06/19	18:46:31.105	328	1	0.515000	0.115000	3.0150	3.0450
28/06/19	18:46:31.314	329	1	0.515000	0.115000	2.9980	3.0170
28/06/19	18:46:31.540	330	1	0.523000	0.115000	2.9760	3.0060
28/06/19	18:46:31.738	331	1	0.521000	0.114000	2.9810	3.0090
28/06/19	18:46:31.898	332	1	0.531000	0.114000	2.9470	2.9780
28/06/19	18:46:32.106	333	1	0.531000	0.115000	2.9530	2.9780
28/06/19	18:46:32.320	334	1	0.525000	0.118000	2.9250	2.9530
28/06/19	18:46:32.530	335	1	0.529000	0.118000	2.9310	2.9410
28/06/19	18:46:32.738	336	1	0.539000	0.116000	2.9110	2.9300
28/06/19	18:46:32.908	337	1	0.539000	0.119000	2.9050	2.9110
28/06/19	18:46:33.121	338	1	0.541000	0.120000	2.8970	2.9050
28/06/19	18:46:33.328	339	1	0.548000	0.120000	2.8750	2.8970
28/06/19	18:46:33.546	340	1	0.548000	0.121000	2.8720	2.8910
28/06/19	18:46:33.697	341	1	0.548000	0.121000	2.8490	2.8550
28/06/19	18:46:33.922	342	1	0.553000	0.120000	2.8330	2.8520
28/06/19	18:46:34.139	343	1	0.553000	0.122000	2.8300	2.8380
28/06/19	18:46:34.342	344	1	0.558000	0.122000	2.8070	2.8320
28/06/19	18:46:34.502	345	1	0.558000	0.122000	2.7910	2.8070
28/06/19	18:46:34.710	346	1	0.555000	0.123000	2.7790	2.8010
28/06/19	18:46:34.916	347	1	0.560000	0.123000	2.7460	2.7790
28/06/19	18:46:35.130	348	1	0.555000	0.123000	2.7630	2.7730
28/06/19	18:46:35.341	349	1	0.568000	0.125000	2.7260	2.7540
28/06/19	18:46:35.506	350	1	0.568000	0.123000	2.7180	2.7540
28/06/19	18:46:35.713	351	1	0.564000	0.123000	2.7010	2.7200
28/06/19	18:46:35.929	352	1	0.566000	0.124000	2.6700	2.7120
28/06/19	18:46:36.135	353	1	0.566000	0.121000	2.6730	2.7060
28/06/19	18:46:36.296	354	1	0.561000	0.125000	2.6730	2.7060
28/06/19	18:46:36.502	355	1	0.576000	0.125000	2.6590	2.6750
28/06/19	18:46:36.710	356	1	0.577000	0.127000	2.6530	2.6610
28/06/19	18:46:36.936	357	1	0.577000	0.127000	2.6310	2.6530
28/06/19	18:46:37.139	358	1	0.582000	0.127000	2.6280	2.6390
28/06/19	18:46:37.298	359	1	0.586000	0.127000	2.5970	2.6110
28/06/19	18:46:37.511	360	1	0.584000	0.128000	2.6000	2.6110
28/06/19	18:46:37.719	361	1	0.584000	0.130000	2.5580	2.6000
28/06/19	18:46:37.926	362	1	0.591000	0.127000	2.5780	2.5690
28/06/19	18:46:38.140	363	1	0.596000	0.131000	2.5300	2.5630
28/06/19	18:46:38.311	364	1	0.584000	0.131000	2.5300	2.5350
28/06/19	18:46:38.520	365	1	0.584000	0.130000	2.5020	2.5460
28/06/19	18:46:38.731	366	1	0.594000	0.127000	2.5050	2.5210
28/06/19	18:46:38.942	367	1	0.598000	0.130000	2.4820	2.4850
28/06/19	18:46:39.099	368	1	0.595000	0.130000	2.4740	2.4960
28/06/19	18:46:39.308	369	1	0.595000	0.131000	2.4800	2.4620
28/06/19	18:46:39.535	370	1	0.599000	0.134000	2.4600	2.4760
28/06/19	18:46:39.745	371	1	0.606000	0.132000	2.4260	2.4430
28/06/19	18:46:39.898	372	1	0.602000	0.132000	2.4400	2.4510
28/06/19	18:46:40.112	373	1	0.602000	0.134000	2.3980	2.4090
28/06/19	18:46:40.322	374	1	0.616000	0.131000	2.4120	2.4290
28/06/19	18:46:40.530	375	1	0.619000	0.131000	2.3900	2.4030
28/06/19	18:46:40.705	376	1	0.617000	0.135000	2.3620	2.3840
28/06/19	18:46:40.918	377	1	0.617000	0.134000	2.3560	2.3750
28/06/19	18:46:41.129	378	1	0.616000	0.135000	2.3370	2.3470
28/06/19	18:46:41.337	379	1	0.621000	0.135000	2.3250	2.3420
28/06/19	18:46:41.498	380	1	0.621000	0.135000	2.2950	2.3250
28/06/19	18:46:41.709	381	1	0.621000	0.134000	2.3250	2.3190
28/06/19	18:46:41.935	382	1	0.617000	0.139000	2.2830	2.2910
28/06/19	18:46:42.138	383	1	0.630000	0.136000	2.2890	2.2940
28/06/19	18:46:42.302	384	1	0.636000	0.136000	2.2670	2.2830
28/06/19	18:46:42.508	385	1	0.636000	0.137000	2.2530	2.2660
28/06/19	18:46:42.722	386	1	0.633000	0.139000	2.2300	2.2380
28/06/19	18:46:42.929	387	1	0.635000	0.139000	2.2160	2.2190
28/06/19	18:46:43.143	388	1	0.635000	0.137000	2.1940	2.2270
28/06/19	18:46:43.303	389	1	0.635000	0.138000	2.1970	2.1990
28/06/19	18:46:43.511	390	1	0.636000	0.140000	2.1830	2.2070
28/06/19	18:46:43.714	391	1	0.645000	0.140000	2.1770	2.1760
28/06/19	18:46:43.921	392	1	0.650000	0.140000	2.1630	2.1650
28/06/19	18:46:44.128	393	1	0.650000	0.141000	2.1380	2.1570
28/06/19	18:46:44.299	394	1	0.652000	0.141000	2.1010	2.1460
28/06/19	18:46:44.513	395	1	0.642000	0.141000	2.1210	2.1260
28/06/19	18:46:44.720	396	1	0.656000	0.139000	2.0960	2.1200
28/06/19	18:46:44.928	397	1	0.656000	0.142000	2.0930	2.1120
28/06/19	18:46:45.099	398	1	0.654000	0.144000	2.0760	2.1010
28/06/19	18:46:45.312	399	1	0.660000	0.144000	2.0510	2.0810
28/06/19	18:46:45.526	400	1	0.659000	0.143000	2.0260	2.0560
28/06/19	18:46:45.729	401	1	0.659000	0.141000	2.0310	2.0390
28/06/19	18:46:45.902	402	1	0.656000	0.143000	2.0260	2.0390
28/06/19	18:46:46.107	403	1	0.670000	0.143000	1.9950	2.0360
28/06/19	18:46:46.316	404	1	0.665000	0.145000	1.9810	2.0080
28/06/19	18:46:46.527	405	1	0.665000	0.143000	1.9860	1.9920
28/06/19	18:46:46.736	406	1	0.664000	0.146000	1.9610	1.9470
28/06/19	18:46:46.897	407	1	0.673000	0.146000	1.9530	1.9550
28/06/19	18:46:47.112	408	1	0.676000	0.145000	1.9390	1.9470
28/06/19	18:46:47.320	409	1	0.676000	0.148000	1.9220	1.9520
28/06/19	18:46:47.534	410	1	0.681000	0.147000	1.9020	1.9380
28/06/19	18:46:47.709	411	1	0.677000	0.147000	1.9050	1.9130
28/06/19	18:46:47.920	412	1	0.688000	0.146000	1.9020	1.8940
28/06/19	18:46:48.129	413	1	0.688000	0.150000	1.8690	1.8740
28/06/19	18:46:48.334	414	1	0.693000	0.148000	1.8580	1.8790
28/06/19	18:46:48.497	415	1	0.690000	0.148000	1.8350	1.8630
28/06/19	18:46:48.705	416	1	0.688000	0.149000	1.8350	1.8460
28/06/19	18:46:48.910	417	1	0.688000	0.150000	1.8130	1.8510
28/06/19	18:46:49.120	418	1	0.696000	0.150000	1.7990	1.8290
28/06/19	18:46:49.329	419	1	0.696000	0.150000	1.7680	1.8070
28/06/19	18:46:49.497	420	1	0.690000	0.150000	1.7480	1.7810
28/06/19	18:46:49.708	421	1	0.690000	0.148000	1.7510	1.7870
28/06/19	18:46:49.917	422	1	0.690000	0.150000	1.7310	1.7620
28/06/19	18:46:50.130	423	1	0.698000	0.150000	1.7260	1.7620
28/06/19	18:46:50.304	424	1	0.702000	0.150000	1.7370	1.7450
28/06/19	18:46:50.509	425	1	0.702000	0.155000	1.7120	1.7310
28/06/19	18:46:50.729	426	1	0.716000	0.154000	1.7060	1.7110
28/06/19	18:46:50.902	427	1	0.718000	0.154000	1.6980	1.7000
28/06/19	18:46:51.109	428	1	0.722000	0.155000	1.6730	1.6720
28/06/19	18:46:51.317	429	1	0.722000	0.155000	1.6560	1.6670
28/06/19	18:46:51.523	430	1	0.718000	0.155000	1.6140	1.6550
28/06/19	18:46:51.740	431	1	0.711000	0.153000	1.6330	1.6530
28/06/19	18:46:51.897	432	1	0.724000	0.153000	1.5910	1.6220
28/06/19	18:46:52.112	433	1	0.724000	0.153000	1.6050	1.6220
28/06/19	18:46:52.327	434	1	0.715000	0.158000	1.5750	1.6020
28/06/19	18:46:52.542	435	1	0.723000	0.155000	1.5770	1.5940
28/06/19	18:46:52.703	436	1	0.733000	0.155000	1.5660	1.5800
28/06/19	18:46:52.908	437	1	0.733000	0.159000	1.5610	1.5740
28/06/19	18:46:53.118	438	1	0.736000	0.160000	1.5350	1.5460
28/06/19	18:46:53.319	439	1	0.740000	0.160000	1.5040	1.5490
28/06/19	18:46:53.527	440	1	0.732000	0.159000	1.4850	1.5380
28/06/19	18:46:53.744	441	1	0.734000	0.158000	1.4880	1.5070
28/06/19	18:46:53.897	442	1	0.734000	0.159000	1.4740	1.4930
28/06/19	18:46:54.106	443	1	0.741000	0.159000	1.4510	1.4900
28/06/19	18:46:54.318	444	1	0.742000	0.160000	1.4600	1.4650
28/06/19	18:46:54.530	445	1	0.742000	0.163000	1.4510	1.4540
28/06/19	18:46:54.737	446	1	0.752000	0.163000	1.4200	1.4420
28/06/19	18:46:54.904	447	1	0.752000	0.163000	1.4510	1.4200
28/06/19	18:46:55.117	448	1	0.770000	0.162000	1.3980	1.4170
28/06/19	18:46:55.326	449	1	0.770000	0.163000	1.3810	1.3980
28/06/19	18:46:55.538	450	1	0.758000	0.162000	1.3840	1.3920
28/06/19	18:46:55.700	451	1	0.763000	0.162000	1.3620	1.3670
28/06/19	18:46:55.914	452	1	0.764000	0.165000	1.3530	1.3780
28/06/19	18:46:56.122	453	1	0.764000	0.165000	1.3390	1.3330
28/06/19	18:46:56.349	454	1	0.768000	0.166000	1.3170	1.3160
28/06/19	18:46:56.500	455	1	0.771000	0.166000	1.2780	1.3330
28/06/19	18:46:56.708	456	1	0.759000	0.165000	1.2750	1.3130
28/06/19	18:46:56.915	457	1	0.759000	0.164000	1.2660	1.3020
28/06/19	18:46:57.129	458	1	0.765000	0.165000	1.2630	1.2740
28/06/19	18:46:57.303	459	1	0.777000	0.165000	1.2550	1.2600
28/06/19	18:46:57.513	460	1	0.779000	0.167000	1.2330	1.2600
28/06/19	18:46:57.727	461	1	0.779000	0.167000	1.2270	1.2240
28/06/19	18:46:57.938	462	1	0.778000	0.168000	1.2050	1.2240
28/06/19	18:46:58.101	463	1	0.782000	0.168000	1.1770	1.2210
28/06/19	18:46:58.317	464	1	0.775000	0.168000	1.1880	1.1930
28/06/19	18:46:58.525	465	1	0.775000	0.170000	1.1710	1.1900
28/06/19	18:46:58.733	466	1	0.789000	0.170000	1.1570	1.1710
28/06/19	18:46:58.899	467	1	0.792000	0.170000	1.1290	1.1790
28/06/19	18:46:59.112	468	1	0.789000	0.170000	1.1260	1.1590
28/06/19	18:46:59.325	469	1	0.789000	0.170000	1.1430	1.1340
28/06/19	18:46:59.532	470	1	0.794000	0.175000	1.1260	1.0870
28/06/19	18:46:59.704	471	1	0.809000	0.175000	1.1010	1.0950
28/06/19	18:46:59.914	472	1	0.807000	0.174000	1.0790	1.0920
28/06/19	18:47:00.124	473	1	0.807000	0.173000	1.0590	1.0890
28/06/19	18:47:00.333	474	1	0.807000	0.172000	1.0510	1.0580
28/06/19	18:47:00.498	475	1	0.807000	0.172000	1.0370	1.0560
28/06/19	18:47:00.706	476	1	0.811000	0.174000	1.0230	1.0250
28/06/19	18:47:00.914	477	1	0.811000	0.174000	1.0170	1.0250
28/06/19	18:47:01.126	478	1	0.812000	0.175000	0.9830	1.0000
28/06/19	18:47:01.333	479	1	0.810000	0.175000	0.9780	0.9880
28/06/19	18:47:01.497	480	1	0.810000	0.173000	0.9660	0.9690
28/06/19	18:47:01.705	481	1	0.817000	0.175000	0.9470	0.9740
28/06/19	18:47:01.917	482	1	0.818000	0.175000	0.9240	0.9580
28/06/19	18:47:02.126	483	1	0.816000	0.175000	0.9130	0.9520
28/06/19	18:47:02.333	484	1	0.819000	0.174000	0.9020	0.9350
28/06/19	18:47:02.501	485	1	0.819000	0.176000	0.8910	0.9270
28/06/19	18:47:02.714	486	1	0.825000	0.176000	0.8880	0.8930
28/06/19	18:47:02.922	487	1	0.832000	0.176000	0.8850	0.8820
28/06/19	18:47:03.132	488	1	0.838000	0.178000	0.8570	0.8850
28/06/19	18:47:03.297	489	1	0.838000	0.178000	0.8680	0.8600
28/06/19	18:47:03.505	490	1	0.845000	0.182000	0.8430	0.8600
28/06/19	18:47:03.729	491	1	0.844000	0.182000	0.8180	0.8370
28/06/19	18:47:03.925	492	1	0.842000	0.181000	0.8100	0.8150
28/06/19	18:47:04.150	493	1	0.842000	0.181000	0.7960	0.8230
28/06/19	18:47:04.301	494	1	0.846000	0.181000	0.7900	0.7890
28/06/19	18:47:04.511	495	1	0.852000	0.181000	0.7650	0.7980
28/06/19	18:47:04.719	496	1	0.851000	0.183000	0.7680	0.7920
28/06/19	18:47:04.932	497	1	0.851000	0.184000	0.7400	0.7590
28/06/19	18:47:05.104	498	1	0.857000	0.183000	0.7280	0.7450
28/06/19	18:47:05.313	499	1	0.855000	0.183000	0.7060	0.7420
28/06/19	18:47:05.526	500	1	0.855000	0.183000	0.7090	0.7450
28/06/19	18:47:05.738	501	1	0.855000	0.185000	0.6920	0.7310
28/06/19	18:47:05.899	502	1	0.863000	0.185000	0.6810	0.7000
28/06/19	18:47:06.114	503	1	0.868000	0.185000	0.6580	0.6860
28/06/19	18:47:06.322	504	1	0.865000	0.186000	0.6470	0.6750
28/06/19	18:47:06.535	505	1	0.865000	0.186000	0.6330	0.6440
28/06/19	18:47:06.697	506	1	0.870000	0.186000	0.6270	0.6580
28/06/19	18:47:06.911	507	1	0.873000	0.186000	0.5850	0.6330
28/06/19	18:47:07.117	508	1	0.865000	0.187000	0.5830	0.6020
28/06/19	18:47:07.326	509	1	0.865000	0.186000	0.5710	0.6130
28/06/19	18:47:07.536	510	1	0.872000	0.187000	0.5570	0.5880
28/06/19	18:47:07.703	511	1	0.876000	0.187000	0.5520	0.5770
28/06/19	18:47:07.910	512	1	0.879000	0.188000	0.5270	0.5630
28/06/19	18:47:08.126	513	1	0.879000	0.187000	0.5270	0.5290
28/06/19	18:47:08.294	514	1	0.876000	0.189000	0.5010	0.5350
28/06/19	18:47:08.505	515	1	0.880000	0.189000	0.4930	0.5290
28/06/19	18:47:08.711	516	1	0.884000	0.189000	0.5010	0.5150
28/06/19	18:47:08.919	517	1	0.884000	0.192000	0.4820	0.4950
28/06/19	18:47:09.125	518	1	0.895000	0.192000	0.4620	0.4730
28/06/19	18:47:09.299	519	1	0.896000	0.192000	0.4450	0.4840
28/06/19	18:47:09.510	520	1	0.897000	0.192000	0.4260	0.4620
28/06/19	18:47:09.721	521	1	0.897000	0.191000	0.4230	0.4420
28/06/19	18:47:09.931	522	1	0.894000	0.193000	0.3980	0.4250
28/06/19	18:47:10.104	523	1	0.898000	0.193000	0.4000	0.3970
28/06/19	18:47:10.316	524	1	0.906000	0.193000	0.3860	0.3940
28/06/19	18:47:10.524	525	1	0.906000	0.195000	0.3720	0.3800
28/06/19	18:47:10.733	526	1	0.910000	0.195000	0.3470	0.3550
28/06/19	18:47:10.894	527	1	0.908000	0.195000	0.3390	0.3690
28/06/19	18:47:11.104	528	1	0.911000	0.195000	0.3220	0.3330
28/06/19	18:47:11.313	529	1	0.911000	0.195000	0.3220	0.3300
28/06/19	18:47:11.520	530	1	0.912000	0.197000	0.2880	0.3190
28/06/19	18:47:11.745	531	1	0.913000	0.197000	0.2860	0.2990
28/06/19	18:47:11.894	532	1	0.913000	0.195000	0.2770	0.2850
28/06/19	18:47:12.108	533	1	0.920000	0.198000	0.2690	0.2770
28/06/19	18:47:12.319	534	1	0.925000	0.199000	0.2410	0.2520
28/06/19	18:47:12.525	535	1	0.922000	0.199000	0.2380	0.2520
28/06/19	18:47:12.739	536	1	0.928000	0.197000	0.2180	0.2400
28/06/19	18:47:12.904	537	1	0.928000	0.199000	0.2130	0.2290
28/06/19	18:47:13.117	538	1	0.932000	0.200000	0.2020	0.2120
28/06/19	18:47:13.326	539	1	0.938000	0.200000	0.1760	0.1900
28/06/19	18:47:13.538	540	1	0.935000	0.201000	0.1710	0.1840
28/06/19	18:47:13.696	541	1	0.935000	0.201000	0.1570	0.1650
28/06/19	18:47:13.908	542	1	0.943000	0.202000	0.1230	0.1530
28/06/19	18:47:14.115	543	1	0.933000	0.202000	0.1120	0.1450
28/06/19	18:47:14.325	544	1	0.937000	0.199000	0.1060	0.1340
28/06/19	18:47:14.530	545	1	0.937000	0.201000	0.0920	0.1250
28/06/19	18:47:14.696	546	1	0.942000	0.202000	0.0890	0.1030
28/06/19	18:47:14.911	547	1	0.953000	0.202000	0.0610	0.0810
28/06/19	18:47:15.122	548	1	0.948000	0.204000	0.0500	0.0780
28/06/19	18:47:15.328	549	1	0.948000	0.202000	0.0330	0.0610
28/06/19	18:47:15.503	550	1	0.950000	0.203000	0.0310	0.0470
28/06/19	18:47:15.716	551	1	0.958000	0.203000	-0.0060	0.0270
28/06/19	18:47:15.930	552	1	0.949000	0.205000	-0.0030	0.0190
28/06/19	18:47:16.140	553	1	0.949000	0.205000	-0.0060	0.0130
28/06/19	18:47:16.298	554	1	0.960000	0.206000	-0.0250	-0.0010
28/06/19	18:47:16.507	555	1	0.964000	0.206000	-0.0590	-0.0120
28/06/19	18:47:16.721	556	1	0.958000	0.204000	-0.0530	-0.0340
28/06/19	18:47:16.924	557	1	0.958000	0.207000	-0.0590	-0.0430
28/06/19	18:47:17.133	558	1	0.967000	0.207000	-0.0900	-0.0650
28/06/19	18:47:17.302	559	1	0.967000	0.207000	-0.0730	-0.0590
28/06/19	18:47:17.508	560	1	0.981000	0.208000	-0.0930	-0.0760
28/06/19	18:47:17.717	561	1	0.981000	0.210000	-0.1260	-0.1270
28/06/19	18:47:17.930	562	1	0.982000	0.208000	-0.1430	-0.1300
28/06/19	18:47:18.104	563	1	0.976000	0.208000	-0.1490	-0.1130
28/06/19	18:47:18.313	564	1	0.979000	0.208000	-0.1680	-0.1350
28/06/19	18:47:18.526	565	1	0.979000	0.209000	-0.1320	-0.1520
28/06/19	18:47:18.740	566	1	0.981000	0.216000	-0.2020	-0.1770
28/06/19	18:47:18.894	567	1	0.981000	0.216000	-0.2080	-0.1740
28/06/19	18:47:19.102	568	1	0.985000	0.210000	-0.2080	-0.2000
28/06/19	18:47:19.309	569	1	0.985000	0.211000	-0.2270	-0.1970
28/06/19	18:47:19.520	570	1	0.992000	0.212000	-0.2330	-0.2080
28/06/19	18:47:19.725	571	1	0.996000	0.212000	-0.2270	-0.2250
28/06/19	18:47:19.902	572	1	1.006000	0.212000	-0.2610	-0.2420
28/06/19	18:47:20.108	573	1	1.006000	0.214000	-0.2890	-0.2420
28/06/19	18:47:20.318	574	1	1.002000	0.212000	-0.2940	-0.2720
28/06/19	18:47:20.525	575	1	1.002000	0.212000	-0.3080	-0.2840
28/06/19	18:47:20.734	576	1	1.003000	0.214000	-0.3170	-0.3060
28/06/19	18:47:20.902	577	1	1.003000	0.214000	-0.3340	-0.3090
28/06/19	18:47:21.114	578	1	1.006000	0.215000	-0.3420	-0.3170
28/06/19	18:47:21.323	579	1	1.015000	0.215000	-0.3670	-0.3400
28/06/19	18:47:21.532	580	1	1.009000	0.217000	-0.3140	-0.3480
28/06/19	18:47:21.693	581	1	1.009000	0.223000	-0.3340	-0.3710
28/06/19	18:47:21.907	582	1	1.039000	0.223000	-0.3530	-0.3870
28/06/19	18:47:22.108	583	1	1.041000	0.223000	-0.3670	-0.3960
28/06/19	18:47:22.315	584	1	1.043000	0.223000	-0.3900	-0.4130
28/06/19	18:47:22.522	585	1	1.043000	0.222000	-0.4150	-0.4350
28/06/19	18:47:22.729	586	1	1.039000	0.221000	-0.4320	-0.4520
28/06/19	18:47:22.898	587	1	1.037000	0.221000	-0.4350	-0.4550
28/06/19	18:47:23.106	588	1	1.044000	0.223000	-0.4600	-0.4830
28/06/19	18:47:23.314	589	1	1.044000	0.223000	-0.4600	-0.4970
28/06/19	18:47:23.528	590	1	1.043000	0.224000	-0.4880	-0.5300
28/06/19	18:47:23.737	591	1	1.044000	0.224000	-0.4930	-0.5270
28/06/19	18:47:23.904	592	1	1.051000	0.223000	-0.5130	-0.5410
28/06/19	18:47:24.116	593	1	1.051000	0.223000	-0.5190	-0.5580
28/06/19	18:47:24.330	594	1	1.047000	0.225000	-0.5440	-0.5670
28/06/19	18:47:24.538	595	1	1.052000	0.225000	-0.5210	-0.5920
28/06/19	18:47:24.698	596	1	1.070000	0.225000	-0.5630	-0.5720
28/06/19	18:47:24.911	597	1	1.070000	0.226000	-0.5720	-0.6060
28/06/19	18:47:25.120	598	1	1.061000	0.226000	-0.6030	-0.6170
28/06/19	18:47:25.323	599	1	1.059000	0.226000	-0.6110	-0.6310
28/06/19	18:47:25.538	600	1	1.062000	0.225000	-0.6360	-0.6370
28/06/19	18:47:25.698	601	1	1.062000	0.225000	-0.6470	-0.6590
28/06/19	18:47:25.906	602	1	1.060000	0.225000	-0.6640	-0.6620
28/06/19	18:47:26.121	603	1	1.059000	0.225000	-0.6640	-0.6960
28/06/19	18:47:26.330	604	1	1.072000	0.226000	-0.6870	-0.6900
28/06/19	18:47:26.504	605	1	1.072000	0.228000	-0.6900	-0.7100
28/06/19	18:47:26.713	606	1	1.070000	0.229000	-0.6900	-0.7290
28/06/19	18:47:26.919	607	1	1.083000	0.229000	-0.7230	-0.7350
28/06/19	18:47:27.133	608	1	1.075000	0.232000	-0.7460	-0.7570
28/06/19	18:47:27.296	609	1	1.075000	0.229000	-0.7480	-0.7540
28/06/19	18:47:27.503	610	1	1.077000	0.230000	-0.7650	-0.7850
28/06/19	18:47:27.728	611	1	1.078000	0.230000	-0.7850	-0.7940
28/06/19	18:47:27.932	612	1	1.079000	0.229000	-0.7900	-0.8130
28/06/19	18:47:28.140	613	1	1.079000	0.232000	-0.7990	-0.8360
28/06/19	18:47:28.299	614	1	1.088000	0.232000	-0.8100	-0.8550
28/06/19	18:47:28.505	615	1	1.091000	0.232000	-0.8300	-0.8580
28/06/19	18:47:28.719	616	1	1.092000	0.233000	-0.8240	-0.8550
28/06/19	18:47:28.926	617	1	1.092000	0.236000	-0.8770	-0.8660
28/06/19	18:47:29.140	618	1	1.103000	0.230000	-0.8720	-0.9000
28/06/19	18:47:29.302	619	1	1.096000	0.230000	-0.8910	-0.9170
28/06/19	18:47:29.503	620	1	1.097000	0.233000	-0.9000	-0.9230
28/06/19	18:47:29.710	621	1	1.097000	0.233000	-0.9000	-0.9420
28/06/19	18:47:29.920	622	1	1.099000	0.236000	-0.9390	-0.9560
28/06/19	18:47:30.127	623	1	1.099000	0.236000	-0.9500	-0.9760
28/06/19	18:47:30.295	624	1	1.100000	0.234000	-0.9450	-0.9700
28/06/19	18:47:30.508	625	1	1.100000	0.237000	-0.9750	-0.9840
28/06/19	18:47:30.714	626	1	1.110000	0.235000	-0.9730	-0.9930
28/06/19	18:47:30.928	627	1	1.113000	0.235000	-0.9980	-1.0090
28/06/19	18:47:31.101	628	1	1.111000	0.237000	-0.9890	-1.0180
28/06/19	18:47:31.314	629	1	1.111000	0.239000	-1.0230	-1.0180
28/06/19	18:47:31.521	630	1	1.123000	0.237000	-1.0200	-1.0650
28/06/19	18:47:31.732	631	1	1.124000	0.237000	-1.0340	-1.0540
28/06/19	18:47:31.944	632	1	1.127000	0.239000	-1.0590	-1.0600
28/06/19	18:47:32.096	633	1	1.127000	0.239000	-1.0650	-1.1070
28/06/19	18:47:32.304	634	1	1.127000	0.241000	-1.0930	-1.1020
28/06/19	18:47:32.512	635	1	1.127000	0.241000	-1.0960	-1.1020
28/06/19	18:47:32.740	636	1	1.131000	0.239000	-1.1270	-1.1240
28/06/19	18:47:32.899	637	1	1.131000	0.239000	-1.1180	-1.1440
28/06/19	18:47:33.106	638	1	1.129000	0.243000	-1.1380	-1.1610
28/06/19	18:47:33.320	639	1	1.135000	0.243000	-1.1520	-1.1770
28/06/19	18:47:33.535	640	1	1.140000	0.242000	-1.1630	-1.1860
28/06/19	18:47:33.702	641	1	1.140000	0.242000	-1.1940	-1.1920
28/06/19	18:47:33.912	642	1	1.139000	0.241000	-1.1850	-1.1970
28/06/19	18:47:34.122	643	1	1.147000	0.241000	-1.2050	-1.2250
28/06/19	18:47:34.338	644	1	1.145000	0.245000	-1.1940	-1.2420
28/06/19	18:47:34.497	645	1	1.145000	0.248000	-1.2250	-1.2620
28/06/19	18:47:34.704	646	1	1.156000	0.246000	-1.2390	-1.2590
28/06/19	18:47:34.910	647	1	1.155000	0.246000	-1.2580	-1.2980
28/06/19	18:47:35.118	648	1	1.154000	0.245000	-1.2670	-1.2920
28/06/19	18:47:35.343	649	1	1.154000	0.246000	-1.2980	-1.3120
28/06/19	18:47:35.499	650	1	1.158000	0.244000	-1.2950	-1.3120
28/06/19	18:47:35.708	651	1	1.162000	0.244000	-1.3230	-1.3370
28/06/19	18:47:35.916	652	1	1.156000	0.247000	-1.3280	-1.3480
28/06/19	18:47:36.125	653	1	1.156000	0.247000	-1.3480	-1.3680
28/06/19	18:47:36.336	654	1	1.162000	0.246000	-1.3310	-1.3680
28/06/19	18:47:36.503	655	1	1.177000	0.246000	-1.3590	-1.3930
28/06/19	18:47:36.716	656	1	1.172000	0.250000	-1.3870	-1.4130
28/06/19	18:47:36.924	657	1	1.172000	0.248000	-1.3820	-1.4240
28/06/19	18:47:37.135	658	1	1.170000	0.251000	-1.4070	-1.4130
28/06/19	18:47:37.293	659	1	1.173000	0.251000	-1.4010	-1.4380
28/06/19	18:47:37.503	660	1	1.183000	0.251000	-1.4400	-1.4550
28/06/19	18:47:37.729	661	1	1.183000	0.250000	-1.4680	-1.4630
28/06/19	18:47:37.926	662	1	1.178000	0.248000	-1.4820	-1.4720
28/06/19	18:47:38.094	663	1	1.172000	0.248000	-1.4520	-1.4800
28/06/19	18:47:38.307	664	1	1.193000	0.252000	-1.4910	-1.4890
28/06/19	18:47:38.513	665	1	1.193000	0.251000	-1.4800	-1.5220
28/06/19	18:47:38.727	666	1	1.183000	0.255000	-1.5050	-1.5360
28/06/19	18:47:38.934	667	1	1.196000	0.255000	-1.5130	-1.5500
28/06/19	18:47:39.101	668	1	1.198000	0.254000	-1.5330	-1.5470
28/06/19	18:47:39.307	669	1	1.198000	0.255000	-1.5440	-1.5730
28/06/19	18:47:39.525	670	1	1.199000	0.255000	-1.5610	-1.5890
28/06/19	18:47:39.736	671	1	1.200000	0.255000	-1.6030	-1.5950
28/06/19	18:47:39.902	672	1	1.191000	0.255000	-1.5860	-1.6090
28/06/19	18:47:40.104	673	1	1.191000	0.256000	-1.6000	-1.6200
28/06/19	18:47:40.317	674	1	1.205000	0.257000	-1.6200	-1.6290
28/06/19	18:47:40.518	675	1	1.206000	0.257000	-1.6110	-1.6430
28/06/19	18:47:40.729	676	1	1.219000	0.256000	-1.6480	-1.6620
28/06/19	18:47:40.896	677	1	1.219000	0.257000	-1.6670	-1.6990
28/06/19	18:47:41.110	678	1	1.211000	0.257000	-1.6900	-1.7040
28/06/19	18:47:41.318	679	1	1.209000	0.257000	-1.6730	-1.7130
28/06/19	18:47:41.525	680	1	1.222000	0.256000	-1.7040	-1.7150
28/06/19	18:47:41.695	681	1	1.222000	0.258000	-1.6870	-1.7290
28/06/19	18:47:41.906	682	1	1.221000	0.263000	-1.7210	-1.7520
28/06/19	18:47:42.121	683	1	1.224000	0.263000	-1.7260	-1.7630
28/06/19	18:47:42.332	684	1	1.231000	0.260000	-1.7510	-1.7600
28/06/19	18:47:42.506	685	1	1.231000	0.261000	-1.7490	-1.7880
28/06/19	18:47:42.716	686	1	1.229000	0.263000	-1.8160	-1.7940
28/06/19	18:47:42.923	687	1	1.218000	0.263000	-1.8410	-1.8190
28/06/19	18:47:43.132	688	1	1.214000	0.257000	-1.8380	-1.8050
28/06/19	18:47:43.293	689	1	1.214000	0.258000	-1.8410	-1.8420
28/06/19	18:47:43.502	690	1	1.222000	0.260000	-1.8720	-1.8360
28/06/19	18:47:43.711	691	1	1.221000	0.260000	-1.8720	-1.8580
28/06/19	18:47:43.918	692	1	1.227000	0.258000	-1.8940	-1.8700
28/06/19	18:47:44.133	693	1	1.227000	0.260000	-1.9030	-1.9000
28/06/19	18:47:44.294	694	1	1.228000	0.261000	-1.8920	-1.8980
28/06/19	18:47:44.508	695	1	1.242000	0.261000	-1.9310	-1.9000
28/06/19	18:47:44.715	696	1	1.234000	0.264000	-1.9280	-1.9060
28/06/19	18:47:44.923	697	1	1.234000	0.264000	-1.9560	-1.9420
28/06/19	18:47:45.133	698	1	1.243000	0.262000	-1.9670	-1.9400
28/06/19	18:47:45.301	699	1	1.241000	0.262000	-1.9780	-1.9420
28/06/19	18:47:45.514	700	1	1.244000	0.264000	-1.9980	-1.9680
28/06/19	18:47:45.720	701	1	1.244000	0.263000	-1.9980	-1.9820
28/06/19	18:47:45.939	702	1	1.242000	0.265000	-2.0090	-1.9870
28/06/19	18:47:46.094	703	1	1.252000	0.265000	-2.0320	-2.0040
28/06/19	18:47:46.303	704	1	1.249000	0.265000	-2.0340	-2.0070
28/06/19	18:47:46.529	705	1	1.249000	0.267000	-2.0600	-2.0290
28/06/19	18:47:46.731	706	1	1.257000	0.266000	-2.0630	-2.0240
28/06/19	18:47:46.899	707	1	1.261000	0.266000	-2.0630	-2.0520
28/06/19	18:47:47.108	708	1	1.269000	0.269000	-2.0820	-2.0600
28/06/19	18:47:47.326	709	1	1.269000	0.270000	-2.0820	-2.0550
28/06/19	18:47:47.495	710	1	1.269000	0.272000	-2.1100	-2.0830
28/06/19	18:47:47.709	711	1	1.272000	0.272000	-2.1100	-2.1050
28/06/19	18:47:47.915	712	1	1.278000	0.270000	-2.1440	-2.1130
28/06/19	18:47:48.129	713	1	1.278000	0.270000	-2.1520	-2.1330
28/06/19	18:47:48.305	714	1	1.273000	0.270000	-2.1440	-2.1360
28/06/19	18:47:48.514	715	1	1.287000	0.270000	-2.1800	-2.1530
28/06/19	18:47:48.724	716	1	1.281000	0.274000	-2.1940	-2.1580
28/06/19	18:47:48.939	717	1	1.281000	0.272000	-2.1750	-2.1720
28/06/19	18:47:49.092	718	1	1.282000	0.277000	-2.1940	-2.1810
28/06/19	18:47:49.302	719	1	1.295000	0.277000	-2.2110	-2.2060
28/06/19	18:47:49.523	720	1	1.296000	0.276000	-2.2330	-2.2280
28/06/19	18:47:49.725	721	1	1.296000	0.276000	-2.2560	-2.2390
28/06/19	18:47:49.932	722	1	1.298000	0.275000	-2.2590	-2.2420
28/06/19	18:47:50.094	723	1	1.302000	0.275000	-2.2750	-2.2420
28/06/19	18:47:50.305	724	1	1.303000	0.277000	-2.2840	-2.2620
28/06/19	18:47:50.513	725	1	1.303000	0.278000	-2.2980	-2.2870
28/06/19	18:47:50.725	726	1	1.308000	0.278000	-2.3170	-2.2840
28/06/19	18:47:50.931	727	1	1.308000	0.278000	-2.3340	-2.3120
28/06/19	18:47:51.099	728	1	1.308000	0.278000	-2.3430	-2.3120
28/06/19	18:47:51.308	729	1	1.308000	0.279000	-2.3400	-2.3520
28/06/19	18:47:51.526	730	1	1.312000	0.281000	-2.3790	-2.3430
28/06/19	18:47:51.699	731	1	1.310000	0.281000	-2.3790	-2.3540
28/06/19	18:47:51.909	732	1	1.317000	0.279000	-2.4040	-2.3770
28/06/19	18:47:52.109	733	1	1.317000	0.278000	-2.4130	-2.3800
28/06/19	18:47:52.318	734	1	1.315000	0.280000	-2.4440	-2.4080
28/06/19	18:47:52.526	735	1	1.315000	0.280000	-2.4270	-2.4080
28/06/19	18:47:52.698	736	1	1.328000	0.279000	-2.4320	-2.4190
28/06/19	18:47:52.906	737	1	1.328000	0.284000	-2.4690	-2.4220
28/06/19	18:47:53.113	738	1	1.333000	0.282000	-2.4660	-2.4580
28/06/19	18:47:53.322	739	1	1.335000	0.282000	-2.4690	-2.4720
28/06/19	18:47:53.532	740	1	1.342000	0.284000	-2.5050	-2.4780
28/06/19	18:47:53.700	741	1	1.342000	0.283000	-2.5080	-2.4940
28/06/19	18:47:53.912	742	1	1.332000	0.285000	-2.5360	-2.5000
28/06/19	18:47:54.120	743	1	1.337000	0.285000	-2.5300	-2.5080
28/06/19	18:47:54.329	744	1	1.347000	0.284000	-2.5780	-2.5530
28/06/19	18:47:54.495	745	1	1.347000	0.283000	-2.5560	-2.5530
28/06/19	18:47:54.703	746	1	1.341000	0.288000	-2.5920	-2.5500
28/06/19	18:47:54.928	747	1	1.343000	0.288000	-2.6090	-2.5810
28/06/19	18:47:55.130	748	1	1.343000	0.285000	-2.5950	-2.5900
28/06/19	18:47:55.293	749	1	1.343000	0.289000	-2.6060	-2.6150
28/06/19	18:47:55.508	750	1	1.358000	0.290000	-2.6350	-2.6070
28/06/19	18:47:55.717	751	1	1.354000	0.290000	-2.6570	-2.6040
28/06/19	18:47:55.923	752	1	1.352000	0.288000	-2.6520	-2.6460
28/06/19	18:47:56.132	753	1	1.352000	0.290000	-2.6800	-2.6660
28/06/19	18:47:56.303	754	1	1.363000	0.288000	-2.6740	-2.6610
28/06/19	18:47:56.514	755	1	1.368000	0.288000	-2.6910	-2.6830
28/06/19	18:47:56.719	756	1	1.371000	0.292000	-2.7370	-2.6950
28/06/19	18:47:56.931	757	1	1.371000	0.288000	-2.7220	-2.7030
28/06/19	18:47:57.091	758	1	1.359000	0.292000	-2.7420	-2.7060
28/06/19	18:47:57.301	759	1	1.368000	0.292000	-2.7510	-2.7230
28/06/19	18:47:57.508	760	1	1.373000	0.291000	-2.7620	-2.7260
28/06/19	18:47:57.733	761	1	1.373000	0.293000	-2.7820	-2.7630
28/06/19	18:47:57.936	762	1	1.377000	0.293000	-2.7900	-2.7770
28/06/19	18:47:58.098	763	1	1.381000	0.293000	-2.8070	-2.7940
28/06/19	18:47:58.306	764	1	1.382000	0.294000	-2.8160	-2.7850
28/06/19	18:47:58.512	765	1	1.382000	0.295000	-2.8190	-2.8080
28/06/19	18:47:58.727	766	1	1.386000	0.296000	-2.8360	-2.8140
28/06/19	18:47:58.933	767	1	1.390000	0.296000	-2.8560	-2.8390
28/06/19	18:47:59.100	768	1	1.391000	0.296000	-2.8760	-2.8500
28/06/19	18:47:59.313	769	1	1.391000	0.296000	-2.8870	-2.8700
28/06/19	18:47:59.525	770	1	1.392000	0.295000	-2.8840	-2.8700
28/06/19	18:47:59.734	771	1	1.401000	0.295000	-2.9150	-2.8960
28/06/19	18:47:59.894	772	1	1.397000	0.298000	-2.9090	-2.8790
28/06/19	18:48:00.102	773	1	1.397000	0.300000	-2.9410	-2.9130
28/06/19	18:48:00.310	774	1	1.406000	0.300000	-2.9380	-2.9100
28/06/19	18:48:00.535	775	1	1.407000	0.297000	-2.9660	-2.9440
28/06/19	18:48:00.698	776	1	1.407000	0.300000	-2.9690	-2.9520
28/06/19	18:48:00.914	777	1	1.406000	0.301000	-2.9800	-2.9810
28/06/19	18:48:01.122	778	1	1.412000	0.300000	-3.0140	-2.9670
28/06/19	18:48:01.298	779	1	1.406000	0.300000	-3.0170	-2.9980
28/06/19	18:48:01.506	780	1	1.406000	0.301000	-3.0170	-2.9950
28/06/19	18:48:01.719	781	1	1.414000	0.303000	-3.0340	-3.0180
28/06/19	18:48:01.927	782	1	1.421000	0.302000	-3.0540	-3.0290
28/06/19	18:48:02.101	783	1	1.422000	0.302000	-3.0800	-3.0370
28/06/19	18:48:02.313	784	1	1.422000	0.300000	-3.0910	-3.0520
28/06/19	18:48:02.522	785	1	1.415000	0.301000	-3.0910	-3.0710
28/06/19	18:48:02.736	786	1	1.424000	0.303000	-3.1280	-3.0800
28/06/19	18:48:02.895	787	1	1.420000	0.303000	-3.0990	-3.1140
28/06/19	18:48:03.105	788	1	1.420000	0.306000	-3.1310	-3.1220
28/06/19	18:48:03.314	789	1	1.438000	0.305000	-3.1530	-3.1250
28/06/19	18:48:03.523	790	1	1.432000	0.304000	-3.1530	-3.1370
28/06/19	18:48:03.732	791	1	1.441000	0.304000	-3.1760	-3.1680
28/06/19	18:48:03.895	792	1	1.441000	0.306000	-3.1820	-3.1510
28/06/19	18:48:04.107	793	1	1.437000	0.306000	-3.2010	-3.1650
28/06/19	18:48:04.318	794	1	1.441000	0.306000	-3.1960	-3.1880
28/06/19	18:48:04.526	795	1	1.451000	0.306000	-3.2160	-3.2050
28/06/19	18:48:04.731	796	1	1.453000	0.309000	-3.2440	-3.2160
28/06/19	18:48:04.899	797	1	1.453000	0.307000	-3.2500	-3.2300
28/06/19	18:48:05.110	798	1	1.450000	0.307000	-3.2690	-3.2560
28/06/19	18:48:05.326	799	1	1.450000	0.308000	-3.2750	-3.2670
28/06/19	18:48:05.493	800	1	1.450000	0.309000	-3.2860	-3.2760
28/06/19	18:48:05.703	801	1	1.455000	0.310000	-3.3060	-3.2640
28/06/19	18:48:05.911	802	1	1.459000	0.310000	-3.3180	-3.2980
28/06/19	18:48:06.119	803	1	1.459000	0.310000	-3.3460	-3.3150
28/06/19	18:48:06.327	804	1	1.457000	0.309000	-3.3350	-3.3240
28/06/19	18:48:06.497	805	1	1.457000	0.312000	-3.3690	-3.3440
28/06/19	18:48:06.705	806	1	1.460000	0.312000	-3.3570	-3.3520
28/06/19	18:48:06.911	807	1	1.475000	0.310000	-3.3690	-3.3550
28/06/19	18:48:07.127	808	1	1.476000	0.314000	-3.3940	-3.3890
28/06/19	18:48:07.301	809	1	1.476000	0.313000	-3.3910	-3.3950
28/06/19	18:48:07.514	810	1	1.482000	0.316000	-3.4310	-3.3920
28/06/19	18:48:07.726	811	1	1.474000	0.316000	-3.4590	-3.4090
28/06/19	18:48:07.937	812	1	1.469000	0.313000	-3.4450	-3.4170
28/06/19	18:48:08.094	813	1	1.469000	0.315000	-3.4880	-3.4290
28/06/19	18:48:08.312	814	1	1.473000	0.315000	-3.4790	-3.4460
28/06/19	18:48:08.524	815	1	1.483000	0.312000	-3.5020	-3.4510
28/06/19	18:48:08.691	816	1	1.483000	0.314000	-3.5300	-3.4680
28/06/19	18:48:08.900	817	1	1.479000	0.313000	-3.5050	-3.4800
28/06/19	18:48:09.113	818	1	1.493000	0.318000	-3.5160	-3.5220
28/06/19	18:48:09.323	819	1	1.496000	0.318000	-3.5410	-3.5190
28/06/19	18:48:09.535	820	1	1.496000	0.318000	-3.5440	-3.5280
28/06/19	18:48:09.700	821	1	1.496000	0.320000	-3.5530	-3.5390
28/06/19	18:48:09.913	822	1	1.505000	0.321000	-3.5610	-3.5450
28/06/19	18:48:10.123	823	1	1.511000	0.321000	-3.6040	-3.5760
28/06/19	18:48:10.337	824	1	1.499000	0.319000	-3.5950	-3.5760
28/06/19	18:48:10.499	825	1	1.499000	0.322000	-3.6210	-3.6040
28/06/19	18:48:10.706	826	1	1.508000	0.322000	-3.6410	-3.5900
28/06/19	18:48:10.923	827	1	1.506000	0.321000	-3.6630	-3.6240
28/06/19	18:48:11.130	828	1	1.504000	0.319000	-3.6490	-3.6270
28/06/19	18:48:11.293	829	1	1.504000	0.323000	-3.6550	-3.6470
28/06/19	18:48:11.505	830	1	1.523000	0.323000	-3.6890	-3.6550
28/06/19	18:48:11.715	831	1	1.515000	0.325000	-3.6940	-3.6750
28/06/19	18:48:11.924	832	1	1.521000	0.324000	-3.7230	-3.6720
28/06/19	18:48:12.132	833	1	1.521000	0.322000	-3.7310	-3.7150
28/06/19	18:48:12.300	834	1	1.516000	0.322000	-3.7260	-3.7180
28/06/19	18:48:12.516	835	1	1.530000	0.323000	-3.7540	-3.7260
28/06/19	18:48:12.721	836	1	1.527000	0.325000	-3.7430	-3.7350
28/06/19	18:48:12.929	837	1	1.527000	0.328000	-3.7910	-3.7430
28/06/19	18:48:13.091	838	1	1.538000	0.328000	-3.7770	-3.7570
28/06/19	18:48:13.317	839	1	1.539000	0.323000	-3.8020	-3.7910
28/06/19	18:48:13.516	840	1	1.536000	0.327000	-3.8110	-3.8050
28/06/19	18:48:13.741	841	1	1.536000	0.328000	-3.8250	-3.8080
28/06/19	18:48:13.897	842	1	1.541000	0.328000	-3.8250	-3.8310
28/06/19	18:48:14.106	843	1	1.550000	0.328000	-3.8840	-3.8280
28/06/19	18:48:14.314	844	1	1.550000	0.325000	-3.8700	-3.8560
28/06/19	18:48:14.519	845	1	1.531000	0.329000	-3.8840	-3.8480
28/06/19	18:48:14.734	846	1	1.545000	0.329000	-3.9070	-3.8960
28/06/19	18:48:14.900	847	1	1.545000	0.329000	-3.8700	-3.8790
28/06/19	18:48:15.112	848	1	1.545000	0.335000	-3.8990	-3.8880
28/06/19	18:48:15.325	849	1	1.566000	0.333000	-3.9380	-3.8990
28/06/19	18:48:15.538	850	1	1.564000	0.331000	-3.9410	-3.9270
28/06/19	18:48:15.694	851	1	1.562000	0.331000	-3.9580	-3.9560
28/06/19	18:48:15.906	852	1	1.562000	0.333000	-3.9810	-3.9640
28/06/19	18:48:16.115	853	1	1.562000	0.332000	-3.9840	-3.9670
28/06/19	18:48:16.324	854	1	1.565000	0.334000	-3.9720	-3.9810
28/06/19	18:48:16.495	855	1	1.578000	0.334000	-4.0180	-3.9980
28/06/19	18:48:16.702	856	1	1.578000	0.334000	-4.0320	-4.0090
28/06/19	18:48:16.915	857	1	1.569000	0.334000	-4.0260	-4.0350
28/06/19	18:48:17.129	858	1	1.575000	0.337000	-4.0520	-4.0240
28/06/19	18:48:17.299	859	1	1.576000	0.337000	-4.0460	-4.0490
28/06/19	18:48:17.513	860	1	1.576000	0.337000	-4.0630	-4.0490
28/06/19	18:48:17.722	861	1	1.583000	0.337000	-4.1050	-4.0720
28/06/19	18:48:17.935	862	1	1.580000	0.334000	-4.1000	-4.0830
28/06/19	18:48:18.094	863	1	1.586000	0.334000	-4.1310	-4.0830
28/06/19	18:48:18.300	864	1	1.586000	0.336000	-4.1280	-4.1060
28/06/19	18:48:18.511	865	1	1.579000	0.339000	-4.1620	-4.1200
28/06/19	18:48:18.720	866	1	1.582000	0.336000	-4.1590	-4.1370
28/06/19	18:48:18.929	867	1	1.591000	0.336000	-4.1650	-4.1540
28/06/19	18:48:19.095	868	1	1.591000	0.339000	-4.1790	-4.1680
28/06/19	18:48:19.311	869	1	1.595000	0.341000	-4.1900	-4.1800
28/06/19	18:48:19.522	870	1	1.600000	0.341000	-4.2130	-4.2020
28/06/19	18:48:19.732	871	1	1.600000	0.341000	-4.2160	-4.2080
28/06/19	18:48:19.899	872	1	1.600000	0.341000	-4.2240	-4.2110
28/06/19	18:48:20.112	873	1	1.604000	0.343000	-4.2560	-4.2190
28/06/19	18:48:20.320	874	1	1.602000	0.340000	-4.2610	-4.2560
28/06/19	18:48:20.532	875	1	1.608000	0.340000	-4.2840	-4.2560
28/06/19	18:48:20.744	876	1	1.607000	0.343000	-4.2900	-4.2700
28/06/19	18:48:20.894	877	1	1.607000	0.343000	-4.2870	-4.2790
28/06/19	18:48:21.109	878	1	1.620000	0.343000	-4.3010	-4.3040
28/06/19	18:48:21.322	879	1	1.622000	0.346000	-4.3320	-4.3210
28/06/19	18:48:21.528	880	1	1.616000	0.344000	-4.3490	-4.3160
28/06/19	18:48:21.700	881	1	1.616000	0.344000	-4.3410	-4.3330
28/06/19	18:48:21.909	882	1	1.629000	0.348000	-4.3770	-4.3520
28/06/19	18:48:22.120	883	1	1.620000	0.348000	-4.3690	-4.3520
28/06/19	18:48:22.330	884	1	1.631000	0.347000	-4.3750	-4.3720
28/06/19	18:48:22.495	885	1	1.631000	0.350000	-4.4110	-4.3670
28/06/19	18:48:22.707	886	1	1.629000	0.350000	-4.4170	-4.3860
28/06/19	18:48:22.913	887	1	1.633000	0.347000	-4.4340	-4.4060
28/06/19	18:48:23.123	888	1	1.633000	0.347000	-4.4570	-4.4200
28/06/19	18:48:23.346	889	1	1.633000	0.348000	-4.4650	-4.4460
28/06/19	18:48:23.496	890	1	1.635000	0.348000	-4.4620	-4.4490
28/06/19	18:48:23.704	891	1	1.645000	0.349000	-4.4850	-4.4660
28/06/19	18:48:23.911	892	1	1.645000	0.350000	-4.4910	-4.4830
28/06/19	18:48:24.125	893	1	1.643000	0.352000	-4.4990	-4.4880
28/06/19	18:48:24.330	894	1	1.649000	0.353000	-4.5390	-4.5110
28/06/19	18:48:24.497	895	1	1.643000	0.353000	-4.5470	-4.5280
28/06/19	18:48:24.712	896	1	1.643000	0.351000	-4.5640	-4.5450
28/06/19	18:48:24.918	897	1	1.648000	0.351000	-4.5590	-4.5370
28/06/19	18:48:25.126	898	1	1.655000	0.354000	-4.5790	-4.5620
28/06/19	18:48:25.293	899	1	1.656000	0.354000	-4.5730	-4.5680
28/06/19	18:48:25.520	900	1	1.667000	0.355000	-4.6100	-4.5880
28/06/19	18:48:25.729	901	1	1.667000	0.353000	-4.6380	-4.6100
28/06/19	18:48:25.926	902	1	1.660000	0.351000	-4.6490	-4.6300
28/06/19	18:48:26.093	903	1	1.657000	0.351000	-4.6320	-4.6270
28/06/19	18:48:26.307	904	1	1.657000	0.356000	-4.6640	-4.6300
28/06/19	18:48:26.513	905	1	1.671000	0.354000	-4.6750	-4.6470
28/06/19	18:48:26.725	906	1	1.669000	0.355000	-4.6890	-4.6610
28/06/19	18:48:26.933	907	1	1.669000	0.355000	-4.6780	-4.6700
28/06/19	18:48:27.101	908	1	1.669000	0.355000	-4.7200	-4.6900
28/06/19	18:48:27.315	909	1	1.683000	0.356000	-4.7150	-4.7090
28/06/19	18:48:27.525	910	1	1.679000	0.359000	-4.7490	-4.7210
28/06/19	18:48:27.732	911	1	1.675000	0.359000	-4.7370	-4.7180
28/06/19	18:48:27.892	912	1	1.675000	0.357000	-4.7770	-4.7320
28/06/19	18:48:28.116	913	1	1.691000	0.358000	-4.7770	-4.7630
28/06/19	18:48:28.317	914	1	1.685000	0.359000	-4.7970	-4.7600
28/06/19	18:48:28.523	915	1	1.685000	0.359000	-4.8140	-4.7860
28/06/19	18:48:28.692	916	1	1.685000	0.358000	-4.8050	-4.7920
28/06/19	18:48:28.905	917	1	1.684000	0.362000	-4.8190	-4.7940
28/06/19	18:48:29.116	918	1	1.699000	0.363000	-4.8360	-4.8060
28/06/19	18:48:29.327	919	1	1.700000	0.363000	-4.8620	-4.8260
28/06/19	18:48:29.501	920	1	1.700000	0.362000	-4.8650	-4.8400
28/06/19	18:48:29.715	921	1	1.696000	0.363000	-4.8530	-4.8340
28/06/19	18:48:29.927	922	1	1.710000	0.367000	-4.8820	-4.8770
28/06/19	18:48:30.140	923	1	1.712000	0.367000	-4.9190	-4.8790
28/06/19	18:48:30.295	924	1	1.712000	0.365000	-4.9360	-4.8990
28/06/19	18:48:30.506	925	1	1.705000	0.363000	-4.9240	-4.9080
28/06/19	18:48:30.716	926	1	1.717000	0.366000	-4.9390	-4.9130
28/06/19	18:48:30.925	927	1	1.718000	0.366000	-4.9530	-4.9360
28/06/19	18:48:31.092	928	1	1.718000	0.366000	-4.9640	-4.9530
28/06/19	18:48:31.307	929	1	1.718000	0.368000	-4.9670	-4.9810
28/06/19	18:48:31.524	930	1	1.729000	0.369000	-5.0010	-4.9640
28/06/19	18:48:31.731	931	1	1.721000	0.369000	-4.9870	-4.9960
28/06/19	18:48:31.898	932	1	1.721000	0.367000	-4.9950	-4.9700
28/06/19	18:48:32.111	933	1	1.733000	0.372000	-5.0320	-5.0150
28/06/19	18:48:32.321	934	1	1.736000	0.369000	-5.0600	-5.0380
28/06/19	18:48:32.530	935	1	1.727000	0.369000	-5.0720	-5.0210
28/06/19	18:48:32.693	936	1	1.727000	0.368000	-5.0600	-5.0610
28/06/19	18:48:32.900	937	1	1.730000	0.373000	-5.0890	-5.0580
28/06/19	18:48:33.109	938	1	1.738000	0.370000	-5.1140	-5.0830
28/06/19	18:48:33.316	939	1	1.736000	0.370000	-5.1230	-5.0980
28/06/19	18:48:33.524	940	1	1.739000	0.370000	-5.1260	-5.1120
28/06/19	18:48:33.692	941	1	1.739000	0.372000	-5.1230	-5.1200
28/06/19	18:48:33.906	942	1	1.753000	0.372000	-5.1680	-5.1350
28/06/19	18:48:34.112	943	1	1.745000	0.374000	-5.1880	-5.1430
28/06/19	18:48:34.326	944	1	1.742000	0.371000	-5.2050	-5.1510
28/06/19	18:48:34.497	945	1	1.742000	0.371000	-5.1990	-5.1680
28/06/19	18:48:34.713	946	1	1.752000	0.373000	-5.2280	-5.1600
28/06/19	18:48:34.918	947	1	1.747000	0.373000	-5.2360	-5.2050
28/06/19	18:48:35.134	948	1	1.750000	0.373000	-5.2360	-5.2080
28/06/19	18:48:35.289	949	1	1.750000	0.375000	-5.2420	-5.2030
28/06/19	18:48:35.501	950	1	1.763000	0.375000	-5.2530	-5.2200
28/06/19	18:48:35.708	951	1	1.767000	0.376000	-5.2730	-5.2340
28/06/19	18:48:35.936	952	1	1.765000	0.377000	-5.2700	-5.2710
28/06/19	18:48:36.092	953	1	1.765000	0.380000	-5.2730	-5.2730
28/06/19	18:48:36.300	954	1	1.780000	0.380000	-5.3100	-5.2760
28/06/19	18:48:36.513	955	1	1.775000	0.380000	-5.3180	-5.2930
28/06/19	18:48:36.722	956	1	1.779000	0.379000	-5.3410	-5.3130
28/06/19	18:48:36.928	957	1	1.779000	0.379000	-5.3520	-5.3360
28/06/19	18:48:37.095	958	1	1.775000	0.379000	-5.3380	-5.3330
28/06/19	18:48:37.309	959	1	1.792000	0.379000	-5.3750	-5.3410
28/06/19	18:48:37.520	960	1	1.784000	0.380000	-5.3830	-5.3670
28/06/19	18:48:37.729	961	1	1.784000	0.381000	-5.3830	-5.3670
28/06/19	18:48:37.889	962	1	1.788000	0.381000	-5.4120	-5.3780
28/06/19	18:48:38.118	963	1	1.792000	0.383000	-5.4230	-5.4120
28/06/19	18:48:38.317	964	1	1.796000	0.383000	-5.4370	-5.4090
28/06/19	18:48:38.523	965	1	1.796000	0.383000	-5.4660	-5.4380
28/06/19	18:48:38.694	966	1	1.796000	0.383000	-5.4400	-5.4430
28/06/19	18:48:38.905	967	1	1.811000	0.382000	-5.4710	-5.4600
28/06/19	18:48:39.112	968	1	1.804000	0.385000	-5.4850	-5.4890
28/06/19	18:48:39.319	969	1	1.804000	0.385000	-5.5140	-5.4860
28/06/19	18:48:39.532	970	1	1.803000	0.385000	-5.5080	-5.4890
28/06/19	18:48:39.697	971	1	1.812000	0.385000	-5.5390	-5.5310
28/06/19	18:48:39.907	972	1	1.812000	0.385000	-5.5560	-5.5370
28/06/19	18:48:40.118	973	1	1.806000	0.385000	-5.5620	-5.5370
28/06/19	18:48:40.327	974	1	1.809000	0.386000	-5.5760	-5.5310
28/06/19	18:48:40.495	975	1	1.811000	0.386000	-5.5850	-5.5650
28/06/19	18:48:40.700	976	1	1.811000	0.387000	-5.6100	-5.5680
28/06/19	18:48:40.912	977	1	1.816000	0.386000	-5.6020	-5.5790
28/06/19	18:48:41.117	978	1	1.819000	0.389000	-5.6270	-5.6020
28/06/19	18:48:41.342	979	1	1.820000	0.389000	-5.6330	-5.6160
28/06/19	18:48:41.495	980	1	1.820000	0.388000	-5.6270	-5.6160
28/06/19	18:48:41.702	981	1	1.827000	0.393000	-5.6640	-5.6360
28/06/19	18:48:41.917	982	1	1.828000	0.390000	-5.6640	-5.6470
28/06/19	18:48:42.125	983	1	1.834000	0.390000	-5.6810	-5.6760
28/06/19	18:48:42.299	984	1	1.834000	0.392000	-5.6840	-5.6620
28/06/19	18:48:42.512	985	1	1.836000	0.394000	-5.7210	-5.6900
28/06/19	18:48:42.721	986	1	1.838000	0.391000	-5.7090	-5.7010
28/06/19	18:48:42.928	987	1	1.847000	0.391000	-5.7490	-5.7240
28/06/19	18:48:43.139	988	1	1.839000	0.395000	-5.7890	-5.7380
28/06/19	18:48:43.292	989	1	1.839000	0.390000	-5.7550	-5.7470
28/06/19	18:48:43.509	990	1	1.849000	0.395000	-5.7890	-5.7640
28/06/19	18:48:43.737	991	1	1.843000	0.395000	-5.7970	-5.7720
28/06/19	18:48:43.891	992	1	1.843000	0.393000	-5.7830	-5.7720
28/06/19	18:48:44.105	993	1	1.848000	0.398000	-5.8280	-5.7780
28/06/19	18:48:44.315	994	1	1.852000	0.395000	-5.8200	-5.7980
28/06/19	18:48:44.522	995	1	1.861000	0.395000	-5.8570	-5.8170
28/06/19	18:48:44.696	996	1	1.861000	0.397000	-5.8400	-5.8170
28/06/19	18:48:44.905	997	1	1.854000	0.399000	-5.8510	-5.8490
28/06/19	18:48:45.117	998	1	1.869000	0.400000	-5.8740	-5.8600
28/06/19	18:48:45.325	999	1	1.868000	0.400000	-5.8880	-5.8770
28/06/19	18:48:45.491	1000	1	1.868000	0.400000	-5.8990	-5.9080
28/06/19	18:48:45.699	1001	1	1.871000	0.400000	-5.9110	-5.8970
28/06/19	18:48:45.906	1002	1	1.875000	0.401000	-5.9110	-5.9050
28/06/19	18:48:46.112	1003	1	1.883000	0.401000	-5.9500	-5.9280
28/06/19	18:48:46.321	1004	1	1.872000	0.400000	-5.9790	-5.9450
28/06/19	18:48:46.528	1005	1	1.872000	0.399000	-5.9810	-5.9360
28/06/19	18:48:46.695	1006	1	1.872000	0.399000	-5.9870	-5.9680
28/06/19	18:48:46.900	1007	1	1.881000	0.401000	-5.9870	-5.9790
28/06/19	18:48:47.108	1008	1	1.888000	0.404000	-6.0300	-5.9990
28/06/19	18:48:47.321	1009	1	1.888000	0.401000	-6.0350	-6.0130
28/06/19	18:48:47.528	1010	1	1.878000	0.402000	-6.0350	-5.9990
28/06/19	18:48:47.696	1011	1	1.889000	0.402000	-6.0380	-6.0210
28/06/19	18:48:47.906	1012	1	1.897000	0.406000	-6.0660	-6.0330
28/06/19	18:48:48.122	1013	1	1.897000	0.405000	-6.0810	-6.0700
28/06/19	18:48:48.295	1014	1	1.894000	0.405000	-6.0750	-6.0580
28/06/19	18:48:48.499	1015	1	1.904000	0.405000	-6.0860	-6.0950
28/06/19	18:48:48.706	1016	1	1.906000	0.408000	-6.1230	-6.1010
28/06/19	18:48:48.915	1017	1	1.906000	0.405000	-6.1370	-6.1060
28/06/19	18:48:49.141	1018	1	1.900000	0.406000	-6.1430	-6.1060
28/06/19	18:48:49.291	1019	1	1.904000	0.406000	-6.1510	-6.1180
28/06/19	18:48:49.505	1020	1	1.904000	0.409000	-6.1740	-6.1460
28/06/19	18:48:49.712	1021	1	1.912000	0.408000	-6.1740	-6.1490
28/06/19	18:48:49.920	1022	1	1.912000	0.410000	-6.2140	-6.1580
28/06/19	18:48:50.137	1023	1	1.905000	0.410000	-6.2190	-6.1720
28/06/19	18:48:50.301	1024	1	1.905000	0.407000	-6.2340	-6.1770
28/06/19	18:48:50.508	1025	1	1.910000	0.409000	-6.2280	-6.2060
28/06/19	18:48:50.708	1026	1	1.918000	0.411000	-6.2310	-6.2140
28/06/19	18:48:50.922	1027	1	1.927000	0.411000	-6.2530	-6.2310
28/06/19	18:48:51.088	1028	1	1.927000	0.413000	-6.2590	-6.2510
28/06/19	18:48:51.302	1029	1	1.926000	0.414000	-6.2850	-6.2510
28/06/19	18:48:51.509	1030	1	1.930000	0.413000	-6.2870	-6.2710
28/06/19	18:48:51.723	1031	1	1.938000	0.413000	-6.3070	-6.2940
28/06/19	18:48:51.897	1032	1	1.938000	0.415000	-6.3240	-6.3160
28/06/19	18:48:52.104	1033	1	1.936000	0.414000	-6.3360	-6.3250
28/06/19	18:48:52.314	1034	1	1.938000	0.415000	-6.3330	-6.3300
28/06/19	18:48:52.524	1035	1	1.945000	0.415000	-6.3720	-6.3470
28/06/19	18:48:52.691	1036	1	1.945000	0.416000	-6.3870	-6.3470
28/06/19	18:48:52.900	1037	1	1.937000	0.415000	-6.3720	-6.3700
28/06/19	18:48:53.107	1038	1	1.953000	0.418000	-6.3980	-6.3700
28/06/19	18:48:53.314	1039	1	1.949000	0.418000	-6.4120	-6.3960
28/06/19	18:48:53.539	1040	1	1.953000	0.417000	-6.4320	-6.4040
28/06/19	18:48:53.695	1041	1	1.953000	0.417000	-6.4570	-6.4150
28/06/19	18:48:53.904	1042	1	1.947000	0.416000	-6.4690	-6.4300
28/06/19	18:48:54.110	1043	1	1.951000	0.416000	-6.4660	-6.4380
28/06/19	18:48:54.323	1044	1	1.958000	0.418000	-6.4690	-6.4640
28/06/19	18:48:54.529	1045	1	1.958000	0.421000	-6.4970	-6.4780
28/06/19	18:48:54.697	1046	1	1.964000	0.421000	-6.4830	-6.4660
28/06/19	18:48:54.913	1047	1	1.971000	0.419000	-6.5080	-6.4830
28/06/19	18:48:55.121	1048	1	1.970000	0.422000	-6.5170	-6.5030
28/06/19	18:48:55.334	1049	1	1.970000	0.423000	-6.5570	-6.5090
28/06/19	18:48:55.493	1050	1	1.974000	0.423000	-6.5540	-6.5400
28/06/19	18:48:55.700	1051	1	1.975000	0.420000	-6.5620	-6.5400
28/06/19	18:48:55.909	1052	1	1.979000	0.424000	-6.5710	-6.5540
28/06/19	18:48:56.119	1053	1	1.979000	0.425000	-6.5990	-6.5910
28/06/19	18:48:56.327	1054	1	1.983000	0.424000	-6.6130	-6.5800
28/06/19	18:48:56.493	1055	1	1.981000	0.424000	-6.6220	-6.5910
28/06/19	18:48:56.702	1056	1	1.981000	0.425000	-6.6390	-6.6050
28/06/19	18:48:56.916	1057	1	1.984000	0.425000	-6.6330	-6.6310
28/06/19	18:48:57.117	1058	1	1.985000	0.428000	-6.6420	-6.6120
28/06/19	18:48:57.329	1059	1	1.999000	0.428000	-6.6560	-6.6350
28/06/19	18:48:57.495	1060	1	1.999000	0.429000	-6.6560	-6.6410
28/06/19	18:48:57.703	1061	1	2.000000	0.431000	-6.7010	-6.6580
28/06/19	18:48:57.907	1062	1	1.997000	0.428000	-6.6900	-6.6800
28/06/19	18:48:58.112	1063	1	2.007000	0.428000	-6.7010	-6.6920
28/06/19	18:48:58.319	1064	1	2.012000	0.432000	-6.7380	-6.7090
28/06/19	18:48:58.528	1065	1	2.012000	0.428000	-6.7300	-6.7030
28/06/19	18:48:58.690	1066	1	2.004000	0.428000	-6.7490	-6.7120
28/06/19	18:48:58.903	1067	1	2.014000	0.432000	-6.7660	-6.7460
28/06/19	18:48:59.114	1068	1	2.015000	0.431000	-6.7750	-6.7510
28/06/19	18:48:59.320	1069	1	2.015000	0.433000	-6.7920	-6.7740
28/06/19	18:48:59.534	1070	1	2.019000	0.433000	-6.7950	-6.7770
28/06/19	18:48:59.698	1071	1	2.026000	0.433000	-6.8200	-6.7990
28/06/19	18:48:59.911	1072	1	2.023000	0.433000	-6.8260	-6.8220
28/06/19	18:49:00.122	1073	1	2.023000	0.434000	-6.8370	-6.8250
28/06/19	18:49:00.329	1074	1	2.029000	0.434000	-6.8600	-6.8480
28/06/19	18:49:00.490	1075	1	2.029000	0.435000	-6.8740	-6.8280
28/06/19	18:49:00.698	1076	1	2.028000	0.434000	-6.8910	-6.8590
28/06/19	18:49:00.907	1077	1	2.029000	0.435000	-6.9050	-6.8730
28/06/19	18:49:01.119	1078	1	2.031000	0.435000	-6.9000	-6.9010
28/06/19	18:49:01.327	1079	1	2.039000	0.435000	-6.9310	-6.9040
28/06/19	18:49:01.493	1080	1	2.039000	0.435000	-6.9310	-6.9100
28/06/19	18:49:01.702	1081	1	2.039000	0.437000	-6.9560	-6.9210
28/06/19	18:49:01.913	1082	1	2.038000	0.437000	-6.9730	-6.9550
28/06/19	18:49:02.119	1083	1	2.039000	0.436000	-6.9930	-6.9410
28/06/19	18:49:02.329	1084	1	2.039000	0.436000	-6.9930	-6.9670
28/06/19	18:49:02.497	1085	1	2.040000	0.436000	-6.9760	-6.9750
28/06/19	18:49:02.703	1086	1	2.060000	0.439000	-7.0190	-6.9750
28/06/19	18:49:02.915	1087	1	2.051000	0.439000	-7.0270	-6.9950
28/06/19	18:49:03.126	1088	1	2.051000	0.440000	-7.0500	-7.0260
28/06/19	18:49:03.291	1089	1	2.054000	0.440000	-7.0500	-7.0490
28/06/19	18:49:03.497	1090	1	2.059000	0.440000	-7.0580	-7.0370
28/06/19	18:49:03.704	1091	1	2.067000	0.443000	-7.0580	-7.0600
28/06/19	18:49:03.929	1092	1	2.067000	0.446000	-7.0950	-7.0860
28/06/19	18:49:04.131	1093	1	2.075000	0.442000	-7.1010	-7.0600
28/06/19	18:49:04.290	1094	1	2.070000	0.442000	-7.1410	-7.0890
28/06/19	18:49:04.498	1095	1	2.070000	0.440000	-7.1290	-7.1110
28/06/19	18:49:04.714	1096	1	2.060000	0.445000	-7.1490	-7.1280
28/06/19	18:49:04.922	1097	1	2.074000	0.445000	-7.1630	-7.1480
28/06/19	18:49:05.097	1098	1	2.073000	0.445000	-7.1740	-7.1490
28/06/19	18:49:05.310	1099	1	2.078000	0.446000	-7.1860	-7.1660
28/06/19	18:49:05.520	1100	1	2.078000	0.446000	-7.2170	-7.1750
28/06/19	18:49:05.728	1101	1	2.079000	0.444000	-7.2200	-7.1860
28/06/19	18:49:05.888	1102	1	2.080000	0.444000	-7.2310	-7.2090
28/06/19	18:49:06.099	1103	1	2.080000	0.446000	-7.2400	-7.2090
28/06/19	18:49:06.325	1104	1	2.083000	0.447000	-7.2570	-7.2320
28/06/19	18:49:06.530	1105	1	2.087000	0.447000	-7.2710	-7.2400
28/06/19	18:49:06.690	1106	1	2.088000	0.447000	-7.2960	-7.2570
28/06/19	18:49:06.903	1107	1	2.086000	0.446000	-7.2930	-7.2680
28/06/19	18:49:07.113	1108	1	2.086000	0.449000	-7.3100	-7.2800
28/06/19	18:49:07.321	1109	1	2.096000	0.450000	-7.3300	-7.3080
28/06/19	18:49:07.532	1110	1	2.094000	0.450000	-7.3300	-7.3140
28/06/19	18:49:07.697	1111	1	2.094000	0.449000	-7.3420	-7.3170
28/06/19	18:49:07.910	1112	1	2.102000	0.451000	-7.3640	-7.3390
28/06/19	18:49:08.119	1113	1	2.103000	0.450000	-7.3840	-7.3420
28/06/19	18:49:08.327	1114	1	2.103000	0.450000	-7.3950	-7.3700
28/06/19	18:49:08.487	1115	1	2.103000	0.450000	-7.3900	-7.3590
28/06/19	18:49:08.697	1116	1	2.103000	0.454000	-7.4270	-7.3990
28/06/19	18:49:08.907	1117	1	2.107000	0.452000	-7.4410	-7.3990
28/06/19	18:49:09.121	1118	1	2.108000	0.452000	-7.4490	-7.4100
28/06/19	18:49:09.287	1119	1	2.108000	0.452000	-7.4580	-7.4440
28/06/19	18:49:09.500	1120	1	2.111000	0.453000	-7.4800	-7.4380
28/06/19	18:49:09.708	1121	1	2.112000	0.452000	-7.4720	-7.4440
28/06/19	18:49:09.916	1122	1	2.122000	0.452000	-7.4750	-7.4720
28/06/19	18:49:10.130	1123	1	2.128000	0.456000	-7.4970	-7.4750
28/06/19	18:49:10.299	1124	1	2.128000	0.457000	-7.5170	-7.4890
28/06/19	18:49:10.508	1125	1	2.127000	0.456000	-7.5200	-7.4840
28/06/19	18:49:10.718	1126	1	2.135000	0.456000	-7.5400	-7.5040
28/06/19	18:49:10.936	1127	1	2.132000	0.458000	-7.5430	-7.5230
28/06/19	18:49:11.090	1128	1	2.132000	0.460000	-7.5680	-7.5290
28/06/19	18:49:11.314	1129	1	2.136000	0.458000	-7.5660	-7.5600
28/06/19	18:49:11.517	1130	1	2.143000	0.458000	-7.5630	-7.5660
28/06/19	18:49:11.718	1131	1	2.153000	0.460000	-7.6080	-7.5570
28/06/19	18:49:11.943	1132	1	2.153000	0.459000	-7.6220	-7.5800
28/06/19	18:49:12.093	1133	1	2.142000	0.459000	-7.6190	-7.5770
28/06/19	18:49:12.301	1134	1	2.151000	0.460000	-7.6360	-7.5940
28/06/19	18:49:12.509	1135	1	2.152000	0.462000	-7.6390	-7.6370
28/06/19	18:49:12.721	1136	1	2.152000	0.464000	-7.6680	-7.6370
28/06/19	18:49:12.928	1137	1	2.159000	0.462000	-7.6620	-7.6370
28/06/19	18:49:13.099	1138	1	2.164000	0.462000	-7.6680	-7.6620
28/06/19	18:49:13.309	1139	1	2.172000	0.467000	-7.6960	-7.6850
28/06/19	18:49:13.521	1140	1	2.172000	0.465000	-7.7130	-7.6820
28/06/19	18:49:13.729	1141	1	2.165000	0.465000	-7.7160	-7.6930
28/06/19	18:49:13.890	1142	1	2.173000	0.465000	-7.7380	-7.6930
28/06/19	18:49:14.096	1143	1	2.173000	0.466000	-7.7550	-7.7080
28/06/19	18:49:14.304	1144	1	2.171000	0.466000	-7.7440	-7.7330
28/06/19	18:49:14.529	1145	1	2.179000	0.470000	-7.7700	-7.7560
28/06/19	18:49:14.729	1146	1	2.178000	0.470000	-7.7980	-7.7500
28/06/19	18:49:14.892	1147	1	2.178000	0.468000	-7.8090	-7.7700
28/06/19	18:49:15.108	1148	1	2.175000	0.468000	-7.8090	-7.8040
28/06/19	18:49:15.315	1149	1	2.183000	0.470000	-7.8180	-7.7980
28/06/19	18:49:15.525	1150	1	2.189000	0.470000	-7.8380	-7.8120
28/06/19	18:49:15.697	1151	1	2.189000	0.471000	-7.8380	-7.8180
28/06/19	18:49:15.907	1152	1	2.188000	0.472000	-7.8830	-7.8380
28/06/19	18:49:16.116	1153	1	2.190000	0.469000	-7.8910	-7.8580
28/06/19	18:49:16.329	1154	1	2.190000	0.469000	-7.8910	-7.8810
28/06/19	18:49:16.489	1155	1	2.190000	0.470000	-7.8940	-7.8780
28/06/19	18:49:16.696	1156	1	2.197000	0.474000	-7.9420	-7.9120
28/06/19	18:49:16.905	1157	1	2.192000	0.471000	-7.9400	-7.9090
28/06/19	18:49:17.115	1158	1	2.199000	0.471000	-7.9450	-7.9150
28/06/19	18:49:17.325	1159	1	2.206000	0.472000	-7.9280	-7.9300
28/06/19	18:49:17.492	1160	1	2.206000	0.478000	-7.9480	-7.9470
28/06/19	18:49:17.710	1161	1	2.220000	0.478000	-7.9790	-7.9500
28/06/19	18:49:17.918	1162	1	2.214000	0.478000	-7.9820	-7.9750
28/06/19	18:49:18.125	1163	1	2.218000	0.476000	-7.9910	-7.9920
28/06/19	18:49:18.297	1164	1	2.218000	0.478000	-8.0250	-7.9900
28/06/19	18:49:18.507	1165	1	2.217000	0.476000	-8.0450	-8.0150
28/06/19	18:49:18.718	1166	1	2.217000	0.476000	-8.0450	-8.0210
28/06/19	18:49:18.932	1167	1	2.224000	0.476000	-8.0450	-8.0240
28/06/19	18:49:19.091	1168	1	2.224000	0.480000	-8.0500	-8.0410
28/06/19	18:49:19.298	1169	1	2.235000	0.481000	-8.0900	-8.0340
28/06/19	18:49:19.509	1170	1	2.229000	0.481000	-8.1120	-8.0820
28/06/19	18:49:19.723	1171	1	2.226000	0.478000	-8.1180	-8.0870
28/06/19	18:49:19.921	1172	1	2.226000	0.479000	-8.1320	-8.1100
28/06/19	18:49:20.093	1173	1	2.231000	0.479000	-8.1490	-8.1070
28/06/19	18:49:20.303	1174	1	2.232000	0.480000	-8.1460	-8.1330
28/06/19	18:49:20.514	1175	1	2.241000	0.481000	-8.1750	-8.1330
28/06/19	18:49:20.721	1176	1	2.241000	0.480000	-8.1610	-8.1610
28/06/19	18:49:20.931	1177	1	2.236000	0.484000	-8.1830	-8.1610
28/06/19	18:49:21.096	1178	1	2.249000	0.484000	-8.2030	-8.1780
28/06/19	18:49:21.305	1179	1	2.247000	0.483000	-8.2230	-8.1870
28/06/19	18:49:21.518	1180	1	2.247000	0.483000	-8.2540	-8.2150
28/06/19	18:49:21.729	1181	1	2.247000	0.481000	-8.2400	-8.2290
28/06/19	18:49:21.891	1182	1	2.254000	0.481000	-8.2480	-8.2320
28/06/19	18:49:22.100	1183	1	2.257000	0.486000	-8.2540	-8.2320
28/06/19	18:49:22.308	1184	1	2.257000	0.487000	-8.2740	-8.2570
28/06/19	18:49:22.515	1185	1	2.262000	0.487000	-8.2940	-8.2740
28/06/19	18:49:22.726	1186	1	2.260000	0.487000	-8.3020	-8.2720
28/06/19	18:49:22.892	1187	1	2.260000	0.486000	-8.3160	-8.2970
28/06/19	18:49:23.100	1188	1	2.266000	0.488000	-8.3310	-8.3140
28/06/19	18:49:23.310	1189	1	2.267000	0.488000	-8.3330	-8.3170
28/06/19	18:49:23.518	1190	1	2.275000	0.488000	-8.3650	-8.3230
28/06/19	18:49:23.729	1191	1	2.268000	0.490000	-8.3700	-8.3340
28/06/19	18:49:23.895	1192	1	2.268000	0.489000	-8.3760	-8.3680
28/06/19	18:49:24.109	1193	1	2.278000	0.490000	-8.3990	-8.3510
28/06/19	18:49:24.319	1194	1	2.276000	0.490000	-8.3930	-8.3710
28/06/19	18:49:24.526	1195	1	2.287000	0.490000	-8.4190	-8.3790
28/06/19	18:49:24.692	1196	1	2.287000	0.491000	-8.4210	-8.4080
28/06/19	18:49:24.914	1197	1	2.292000	0.494000	-8.4470	-8.4220
28/06/19	18:49:25.119	1198	1	2.287000	0.494000	-8.4580	-8.4330
28/06/19	18:49:25.325	1199	1	2.290000	0.492000	-8.4610	-8.4300
28/06/19	18:49:25.493	1200	1	2.290000	0.494000	-8.4950	-8.4590
28/06/19	18:49:25.705	1201	1	2.291000	0.493000	-8.4840	-8.4640
28/06/19	18:49:25.918	1202	1	2.300000	0.493000	-8.5040	-8.4640
28/06/19	18:49:26.125	1203	1	2.302000	0.496000	-8.5120	-8.4930
28/06/19	18:49:26.293	1204	1	2.302000	0.497000	-8.5460	-8.4900
28/06/19	18:49:26.506	1205	1	2.301000	0.495000	-8.5430	-8.5150
28/06/19	18:49:26.719	1206	1	2.307000	0.495000	-8.5520	-8.5240
28/06/19	18:49:26.932	1207	1	2.311000	0.496000	-8.5690	-8.5630
28/06/19	18:49:27.090	1208	1	2.311000	0.498000	-8.5770	-8.5550
28/06/19	18:49:27.300	1209	1	2.316000	0.499000	-8.6000	-8.5560
28/06/19	18:49:27.508	1210	1	2.312000	0.499000	-8.5910	-8.5850
28/06/19	18:49:27.724	1211	1	2.326000	0.501000	-8.6250	-8.5880
28/06/19	18:49:27.926	1212	1	2.326000	0.499000	-8.6140	-8.6020
28/06/19	18:49:28.092	1213	1	2.318000	0.499000	-8.6340	-8.6240
28/06/19	18:49:28.305	1214	1	2.328000	0.503000	-8.6540	-8.6390
28/06/19	18:49:28.516	1215	1	2.329000	0.502000	-8.6880	-8.6530
28/06/19	18:49:28.725	1216	1	2.329000	0.500000	-8.6680	-8.6580
28/06/19	18:49:28.897	1217	1	2.322000	0.504000	-8.6960	-8.6610
28/06/19	18:49:29.106	1218	1	2.333000	0.504000	-8.6990	-8.6810
28/06/19	18:49:29.317	1219	1	2.341000	0.504000	-8.6960	-8.6920
28/06/19	18:49:29.527	1220	1	2.341000	0.506000	-8.7260	-8.7040
28/06/19	18:49:29.689	1221	1	2.348000	0.506000	-8.7400	-8.7090
28/06/19	18:49:29.915	1222	1	2.346000	0.506000	-8.7370	-8.7460
28/06/19	18:49:30.132	1223	1	2.353000	0.506000	-8.7630	-8.7520
28/06/19	18:49:30.288	1224	1	2.353000	0.507000	-8.7830	-8.7440
28/06/19	18:49:30.502	1225	1	2.351000	0.507000	-8.7940	-8.7920
28/06/19	18:49:30.712	1226	1	2.355000	0.507000	-8.8000	-8.7890
28/06/19	18:49:30.920	1227	1	2.359000	0.508000	-8.8220	-8.7920
28/06/19	18:49:31.131	1228	1	2.359000	0.508000	-8.8220	-8.8230
28/06/19	18:49:31.299	1229	1	2.357000	0.510000	-8.8250	-8.8310
28/06/19	18:49:31.511	1230	1	2.369000	0.510000	-8.2660	-7.1130
28/06/19	18:49:31.719	1231	1	2.604000	0.517000	-6.4040	-5.5200
28/06/19	18:49:31.929	1232	1	2.604000	0.819000	-5.6300	-4.9140
28/06/19	18:49:32.091	1233	1	3.382000	0.819000	-5.3750	-4.7460
28/06/19	18:49:32.300	1234	1	3.847000	0.917000	-5.2850	-4.7070
28/06/19	18:49:32.508	1235	1	3.926000	0.962000	-5.3130	-4.7550
28/06/19	18:49:32.717	1236	1	3.926000	0.963000	-5.4320	-4.8740
28/06/19	18:49:32.926	1237	1	3.946000	0.950000	-5.5590	-4.9850
28/06/19	18:49:33.095	1238	1	3.878000	0.950000	-5.6560	-5.1230
28/06/19	18:49:33.303	1239	1	3.860000	0.926000	-5.7800	-5.2340
28/06/19	18:49:33.510	1240	1	3.860000	0.913000	-5.9190	-5.3690
28/06/19	18:49:33.723	1241	1	3.827000	0.898000	-6.0670	-5.4880
28/06/19	18:49:33.897	1242	1	3.732000	0.898000	-6.1630	-5.5980
28/06/19	18:49:34.105	1243	1	3.703000	0.873000	-6.2910	-5.6890
28/06/19	18:49:34.318	1244	1	3.703000	0.857000	-6.4010	-5.8130
28/06/19	18:49:34.524	1245	1	3.660000	0.845000	-6.4800	-5.9180
28/06/19	18:49:34.688	1246	1	3.601000	0.845000	-6.5430	-5.9980
28/06/19	18:49:34.897	1247	1	3.585000	0.832000	-6.6500	-6.0710
28/06/19	18:49:35.123	1248	1	3.585000	0.821000	-6.7070	-6.1620
28/06/19	18:49:35.323	1249	1	3.549000	0.816000	-6.8180	-6.2610
28/06/19	18:49:35.489	1250	1	3.497000	0.816000	-6.8600	-6.3040
28/06/19	18:49:35.697	1251	1	3.488000	0.801000	-6.9540	-6.3750
28/06/19	18:49:35.912	1252	1	3.488000	0.791000	-7.0020	-6.4430
28/06/19	18:49:36.125	1253	1	3.455000	0.787000	-7.0930	-6.5250
28/06/19	18:49:36.296	1254	1	3.416000	0.787000	-7.1270	-6.5670
28/06/19	18:49:36.509	1255	1	3.410000	0.776000	-7.2030	-6.6350
28/06/19	18:49:36.714	1256	1	3.410000	0.768000	-7.2540	-6.7120
28/06/19	18:49:36.925	1257	1	3.384000	0.764000	-7.3110	-6.7710
28/06/19	18:49:37.086	1258	1	3.357000	0.764000	-7.3480	-6.8110
28/06/19	18:49:37.296	1259	1	3.349000	0.756000	-7.4070	-6.8560
28/06/19	18:49:37.508	1260	1	3.349000	0.751000	-7.4810	-6.9430
28/06/19	18:49:37.732	1261	1	3.332000	0.744000	-7.5370	-6.9820
28/06/19	18:49:37.893	1262	1	3.294000	0.744000	-7.5770	-7.0330
28/06/19	18:49:38.104	1263	1	3.284000	0.736000	-7.6250	-7.1240
28/06/19	18:49:38.312	1264	1	3.284000	0.733000	-7.6760	-7.1670
28/06/19	18:49:38.526	1265	1	3.271000	0.727000	-7.7160	-7.2030
28/06/19	18:49:38.688	1266	1	3.245000	0.727000	-7.7750	-7.2570
28/06/19	18:49:38.899	1267	1	3.229000	0.719000	-7.7950	-7.2970
28/06/19	18:49:39.107	1268	1	3.229000	0.720000	-7.8460	-7.3220
28/06/19	18:49:39.318	1269	1	3.228000	0.714000	-7.8720	-7.3900
28/06/19	18:49:39.529	1270	1	3.209000	0.714000	-7.9340	-7.4390
28/06/19	18:49:39.695	1271	1	3.190000	0.713000	-7.9710	-7.4780
28/06/19	18:49:39.908	1272	1	3.190000	0.705000	-8.0050	-7.5120
28/06/19	18:49:40.114	1273	1	3.184000	0.703000	-8.0420	-7.5490
28/06/19	18:49:40.328	1274	1	3.169000	0.703000	-8.0980	-7.6170
28/06/19	18:49:40.488	1275	1	3.169000	0.701000	-8.1410	-7.6570
28/06/19	18:49:40.696	1276	1	3.152000	0.693000	-8.1690	-7.7050
28/06/19	18:49:40.905	1277	1	3.139000	0.691000	-8.2090	-7.7390
28/06/19	18:49:41.130	1278	1	3.126000	0.691000	-8.2490	-7.7870
28/06/19	18:49:41.293	1279	1	3.115000	0.688000	-8.2880	-7.8240
28/06/19	18:49:41.499	1280	1	3.115000	0.682000	-8.3250	-7.8750
28/06/19	18:49:41.711	1281	1	3.100000	0.680000	-8.3590	-7.9120
28/06/19	18:49:41.920	1282	1	3.092000	0.680000	-8.3930	-7.9630
28/06/19	18:49:42.088	1283	1	3.092000	0.678000	-8.4410	-7.9830
28/06/19	18:49:42.302	1284	1	3.084000	0.672000	-8.4750	-8.0420
28/06/19	18:49:42.515	1285	1	3.067000	0.670000	-8.5070	-8.0850
28/06/19	18:49:42.722	1286	1	3.056000	0.670000	-8.5720	-8.1190
28/06/19	18:49:42.896	1287	1	3.034000	0.668000	-8.5750	-8.1580
28/06/19	18:49:43.108	1288	1	3.034000	0.664000	-8.6110	-8.2210
28/06/19	18:49:43.318	1289	1	3.040000	0.662000	-8.6480	-8.2580
28/06/19	18:49:43.528	1290	1	3.024000	0.662000	-8.6770	-8.2720
28/06/19	18:49:43.688	1291	1	3.024000	0.659000	-8.7050	-8.3030
28/06/19	18:49:43.895	1292	1	3.016000	0.656000	-8.7560	-8.3710
28/06/19	18:49:44.103	1293	1	3.005000	0.652000	-8.8210	-8.4190
28/06/19	18:49:44.310	1294	1	2.979000	0.652000	-8.8320	-8.4640
28/06/19	18:49:44.518	1295	1	2.978000	0.645000	-8.8750	-8.5180
28/06/19	18:49:44.685	1296	1	2.978000	0.643000	-8.8890	-8.5240
28/06/19	18:49:44.899	1297	1	2.967000	0.643000	-8.9770	-8.5950
28/06/19	18:49:45.109	1298	1	2.938000	0.643000	-8.9910	-8.6290
28/06/19	18:49:45.316	1299	1	2.939000	0.634000	-9.0420	-8.6710
28/06/19	18:49:45.525	1300	1	2.939000	0.630000	-9.0790	-8.7510
28/06/19	18:49:45.693	1301	1	2.921000	0.628000	-9.0960	-8.7850
28/06/19	18:49:45.910	1302	1	2.913000	0.628000	-9.1500	-8.8500
28/06/19	18:49:46.121	1303	1	2.897000	0.627000	-9.1670	-8.8720
28/06/19	18:49:46.334	1304	1	2.897000	0.623000	-9.2430	-8.9260
28/06/19	18:49:46.489	1305	1	2.895000	0.615000	-9.2720	-8.9690
28/06/19	18:49:46.702	1306	1	2.865000	0.615000	-9.3170	-9.0400
28/06/19	18:49:46.910	1307	1	2.849000	0.611000	-9.3820	-9.0790
28/06/19	18:49:47.119	1308	1	2.849000	0.604000	-9.4390	-9.1450
28/06/19	18:49:47.288	1309	1	2.829000	0.604000	-9.4620	-9.1870
28/06/19	18:49:47.504	1310	1	2.807000	0.600000	-9.5190	-9.2350
28/06/19	18:49:47.713	1311	1	2.790000	0.598000	-9.5570	-9.3060
28/06/19	18:49:47.921	1312	1	2.790000	0.591000	-9.6170	-9.3740
28/06/19	18:49:48.095	1313	1	2.777000	0.585000	-9.6750	-9.4170
28/06/19	18:49:48.304	1314	1	2.743000	0.585000	-9.7210	-9.4820
28/06/19	18:49:48.514	1315	1	2.728000	0.580000	-9.7730	-9.5660
28/06/19	18:49:48.724	1316	1	2.728000	0.571000	-9.8500	-9.6550
28/06/19	18:49:48.891	1317	1	2.708000	0.565000	-9.9140	-9.7070
28/06/19	18:49:49.093	1318	1	2.663000	0.565000	-9.9600	-9.7960
28/06/19	18:49:49.298	1319	1	2.647000	0.556000	-10.0290	-9.8650
28/06/19	18:49:49.510	1320	1	2.647000	0.549000	-10.1240	-9.9400
28/06/19	18:49:49.735	1321	1	2.624000	0.539000	-10.2110	-10.0590
28/06/19	18:49:49.887	1322	1	2.561000	0.539000	-10.2750	-10.1370
28/06/19	18:49:50.102	1323	1	2.538000	0.525000	-10.3520	-10.2400
28/06/19	18:49:50.312	1324	1	2.538000	0.516000	-10.4730	-10.3640
28/06/19	18:49:50.519	1325	1	2.506000	0.504000	-10.5800	-10.4820
28/06/19	18:49:50.694	1326	1	2.422000	0.504000	-10.6340	-10.5710
28/06/19	18:49:50.907	1327	1	2.404000	0.489000	-10.7610	-10.6750
28/06/19	18:49:51.115	1328	1	2.404000	0.474000	-10.8130	-10.7410
28/06/19	18:49:51.328	1329	1	2.354000	0.469000	-10.8500	-10.8020
28/06/19	18:49:51.488	1330	1	2.325000	0.469000	-10.9080	-10.8590
28/06/19	18:49:51.703	1331	1	2.301000	0.461000	-10.9390	-10.9100
28/06/19	18:49:51.911	1332	1	2.301000	0.460000	-10.9540	-10.9100
28/06/19	18:49:52.123	1333	1	2.292000	0.460000	-10.9620	-10.9410
28/06/19	18:49:52.287	1334	1	2.291000	0.460000	-10.9590	-10.9470
28/06/19	18:49:52.500	1335	1	2.292000	0.463000	-10.9480	-10.9240
28/06/19	18:49:52.714	1336	1	2.292000	0.467000	-10.9420	-10.9150
28/06/19	18:49:52.928	1337	1	2.302000	0.470000	-10.9050	-10.8980
28/06/19	18:49:53.094	1338	1	2.330000	0.470000	-10.9280	-10.8980
28/06/19	18:49:53.302	1339	1	2.326000	0.476000	-10.9050	-10.8720
28/06/19	18:49:53.515	1340	1	2.326000	0.481000	-10.8790	-10.8660
28/06/19	18:49:53.727	1341	1	2.340000	0.486000	-10.8490	-10.8530
28/06/19	18:49:53.885	1342	1	2.373000	0.486000	-10.8570	-10.8360
28/06/19	18:49:54.095	1343	1	2.377000	0.492000	-10.8230	-10.8040
28/06/19	18:49:54.305	1344	1	2.377000	0.499000	-10.8110	-10.7960
28/06/19	18:49:54.515	1345	1	2.399000	0.503000	-10.7620	-10.7670
28/06/19	18:49:54.725	1346	1	2.437000	0.503000	-10.7710	-10.7560
28/06/19	18:49:54.893	1347	1	2.440000	0.512000	-10.7450	-10.7350
28/06/19	18:49:55.100	1348	1	2.440000	0.517000	-10.7220	-10.7120
28/06/19	18:49:55.314	1349	1	2.466000	0.523000	-10.7160	-10.6890
28/06/19	18:49:55.531	1350	1	2.484000	0.523000	-10.6930	-10.6980
28/06/19	18:49:55.694	1351	1	2.500000	0.525000	-10.6900	-10.6920
28/06/19	18:49:55.907	1352	1	2.500000	0.532000	-10.6790	-10.6660
28/06/19	18:49:56.118	1353	1	2.507000	0.536000	-10.6700	-10.6520
28/06/19	18:49:56.328	1354	1	2.530000	0.536000	-10.6470	-10.6550
28/06/19	18:49:56.487	1355	1	2.530000	0.539000	-10.6530	-10.6610
28/06/19	18:49:56.695	1356	1	2.547000	0.545000	-10.6300	-10.6260
28/06/19	18:49:56.900	1357	1	2.561000	0.551000	-10.6560	-10.6520
28/06/19	18:49:57.109	1358	1	2.566000	0.551000	-10.6640	-10.6290
28/06/19	18:49:57.318	1359	1	2.570000	0.549000	-10.6560	-10.6400
28/06/19	18:49:57.491	1360	1	2.570000	0.554000	-10.6560	-10.6350
28/06/19	18:49:57.695	1361	1	2.590000	0.556000	-10.6730	-10.6360
28/06/19	18:49:57.908	1362	1	2.591000	0.556000	-10.6760	-10.6620
28/06/19	18:49:58.114	1363	1	2.595000	0.556000	-10.6820	-10.6620
28/06/19	18:49:58.328	1364	1	2.595000	0.559000	-10.6790	-10.6590
28/06/19	18:49:58.494	1365	1	2.602000	0.561000	-10.6620	-10.6450
28/06/19	18:49:58.707	1366	1	2.622000	0.561000	-10.6820	-10.6710
28/06/19	18:49:58.918	1367	1	2.623000	0.565000	-10.6900	-10.6650
28/06/19	18:49:59.132	1368	1	2.623000	0.566000	-10.6790	-10.6790
28/06/19	18:49:59.287	1369	1	2.626000	0.570000	-10.7160	-10.6820
28/06/19	18:49:59.494	1370	1	2.630000	0.570000	-10.6990	-10.6940
28/06/19	18:49:59.705	1371	1	2.646000	0.570000	-10.7190	-10.6950
28/06/19	18:49:59.912	1372	1	2.646000	0.571000	-10.7160	-10.6860
28/06/19	18:50:00.119	1373	1	2.647000	0.573000	-10.7340	-10.7120
28/06/19	18:50:00.286	1374	1	2.654000	0.573000	-10.7280	-10.7090
28/06/19	18:50:00.500	1375	1	2.654000	0.576000	-10.7540	-10.7300
28/06/19	18:50:00.706	1376	1	2.664000	0.574000	-10.7680	-10.7210
28/06/19	18:50:00.919	1377	1	2.662000	0.574000	-10.7540	-10.7530
28/06/19	18:50:01.126	1378	1	2.674000	0.574000	-10.7910	-10.7580
28/06/19	18:50:01.293	1379	1	2.674000	0.576000	-10.8050	-10.7670
28/06/19	18:50:01.506	1380	1	2.670000	0.577000	-10.8050	-10.7810
28/06/19	18:50:01.717	1381	1	2.676000	0.577000	-10.8130	-10.7940
28/06/19	18:50:01.928	1382	1	2.680000	0.579000	-10.8210	-10.7970
28/06/19	18:50:02.087	1383	1	2.680000	0.581000	-10.8330	-10.8060
28/06/19	18:50:02.299	1384	1	2.685000	0.581000	-10.8410	-10.8290
28/06/19	18:50:02.505	1385	1	2.691000	0.581000	-10.8790	-10.8380
28/06/19	18:50:02.714	1386	1	2.684000	0.582000	-10.8670	-10.8460
28/06/19	18:50:02.924	1387	1	2.697000	0.584000	-10.8640	-10.8580
28/06/19	18:50:03.091	1388	1	2.697000	0.585000	-10.9110	-10.8610
28/06/19	18:50:03.299	1389	1	2.690000	0.585000	-10.8930	-10.8810
28/06/19	18:50:03.506	1390	1	2.707000	0.581000	-10.9050	-10.8890
28/06/19	18:50:03.717	1391	1	2.707000	0.587000	-10.9110	-10.8940
28/06/19	18:50:03.926	1392	1	2.708000	0.588000	-10.9340	-10.9340
28/06/19	18:50:04.094	1393	1	2.714000	0.588000	-10.9570	-10.9400
28/06/19	18:50:04.308	1394	1	2.710000	0.588000	-10.9450	-10.9310
28/06/19	18:50:04.516	1395	1	2.710000	0.590000	-10.9680	-10.9370
28/06/19	18:50:04.721	1396	1	2.723000	0.589000	-10.9800	-10.9570
28/06/19	18:50:04.889	1397	1	2.723000	0.589000	-10.9830	-10.9890
28/06/19	18:50:05.100	1398	1	2.728000	0.590000	-10.9850	-10.9710
28/06/19	18:50:05.309	1399	1	2.728000	0.593000	-11.0170	-11.0030
28/06/19	18:50:05.516	1400	1	2.736000	0.591000	-11.0340	-11.0200
28/06/19	18:50:05.729	1401	1	2.729000	0.591000	-11.0560	-11.0220
28/06/19	18:50:05.891	1402	1	2.730000	0.591000	-11.0620	-11.0190
28/06/19	18:50:06.097	1403	1	2.730000	0.592000	-11.0700	-11.0480
28/06/19	18:50:06.312	1404	1	2.735000	0.594000	-11.0760	-11.0480
28/06/19	18:50:06.527	1405	1	2.742000	0.594000	-11.1080	-11.0760
28/06/19	18:50:06.695	1406	1	2.736000	0.594000	-11.0850	-11.0710
28/06/19	18:50:06.903	1407	1	2.736000	0.597000	-11.1110	-11.0820
28/06/19	18:50:07.115	1408	1	2.753000	0.597000	-11.1050	-11.1080
28/06/19	18:50:07.332	1409	1	2.759000	0.600000	-11.1280	-11.1020
28/06/19	18:50:07.488	1410	1	2.758000	0.600000	-11.1570	-11.1310
28/06/19	18:50:07.706	1411	1	2.758000	0.598000	-11.1620	-11.1400
28/06/19	18:50:07.917	1412	1	2.755000	0.598000	-11.1650	-11.1570
28/06/19	18:50:08.117	1413	1	2.764000	0.600000	-11.1770	-11.1710
28/06/19	18:50:08.290	1414	1	2.769000	0.600000	-11.1940	-11.1860
28/06/19	18:50:08.498	1415	1	2.769000	0.600000	-11.2000	-11.2060
28/06/19	18:50:08.710	1416	1	2.767000	0.602000	-11.2260	-11.2200
28/06/19	18:50:08.918	1417	1	2.771000	0.601000	-11.2290	-11.2200
28/06/19	18:50:09.093	1418	1	2.775000	0.601000	-11.2630	-11.2170
28/06/19	18:50:09.302	1419	1	2.775000	0.600000	-11.2690	-11.2350
28/06/19	18:50:09.511	1420	1	2.769000	0.602000	-11.2750	-11.2460
28/06/19	18:50:09.722	1421	1	2.779000	0.603000	-11.2950	-11.2740
28/06/19	18:50:09.933	1422	1	2.776000	0.603000	-11.3020	-11.2910
28/06/19	18:50:10.090	1423	1	2.776000	0.602000	-11.3190	-11.2970
28/06/19	18:50:10.303	1424	1	2.783000	0.604000	-11.3190	-11.2940
28/06/19	18:50:10.511	1425	1	2.791000	0.604000	-11.3220	-11.3080
28/06/19	18:50:10.721	1426	1	2.794000	0.606000	-11.3480	-11.3400
28/06/19	18:50:10.888	1427	1	2.794000	0.606000	-11.3650	-11.3450
28/06/19	18:50:11.103	1428	1	2.792000	0.606000	-11.3710	-11.3540
28/06/19	18:50:11.320	1429	1	2.799000	0.608000	-11.3830	-11.3660
28/06/19	18:50:11.493	1430	1	2.801000	0.608000	-11.3770	-11.3740
28/06/19	18:50:11.707	1431	1	2.801000	0.611000	-11.4080	-11.4030
28/06/19	18:50:11.914	1432	1	2.809000	0.609000	-11.4240	-11.3960
28/06/19	18:50:12.124	1433	1	2.806000	0.609000	-11.4330	-11.3960
28/06/19	18:50:12.334	1434	1	2.808000	0.609000	-11.4470	-11.4100
28/06/19	18:50:12.489	1435	1	2.808000	0.611000	-11.4590	-11.4280
28/06/19	18:50:12.699	1436	1	2.814000	0.611000	-11.4700	-11.4560
28/06/19	18:50:12.908	1437	1	2.817000	0.611000	-11.4730	-11.4620
28/06/19	18:50:13.125	1438	1	2.824000	0.612000	-11.4960	-11.4790
28/06/19	18:50:13.286	1439	1	2.824000	0.613000	-11.5160	-11.4820
28/06/19	18:50:13.502	1440	1	2.823000	0.612000	-11.5190	-11.4970
28/06/19	18:50:13.717	1441	1	2.826000	0.614000	-11.5420	-11.5110
28/06/19	18:50:13.920	1442	1	2.823000	0.614000	-11.5360	-11.5200
28/06/19	18:50:14.094	1443	1	2.823000	0.616000	-11.5480	-11.5170
28/06/19	18:50:14.307	1444	1	2.835000	0.617000	-11.5710	-11.5460
28/06/19	18:50:14.516	1445	1	2.836000	0.617000	-11.5740	-11.5540
28/06/19	18:50:14.725	1446	1	2.843000	0.617000	-11.5880	-11.5690
28/06/19	18:50:14.934	1447	1	2.843000	0.618000	-11.6030	-11.5710
28/06/19	18:50:15.088	1448	1	2.843000	0.618000	-11.6030	-11.5800
28/06/19	18:50:15.300	1449	1	2.850000	0.618000	-11.6080	-11.6200
28/06/19	18:50:15.511	1450	1	2.858000	0.621000	-11.6720	-11.6170
28/06/19	18:50:15.723	1451	1	2.839000	0.616000	-11.6540	-11.6150
28/06/19	18:50:15.885	1452	1	2.839000	0.620000	-11.6530	-11.6560
28/06/19	18:50:16.101	1453	1	2.863000	0.620000	-11.6670	-11.6560
28/06/19	18:50:16.310	1454	1	2.862000	0.623000	-11.6730	-11.6710
28/06/19	18:50:16.525	1455	1	2.866000	0.624000	-11.7020	-11.6850
28/06/19	18:50:16.693	1456	1	2.866000	0.623000	-11.7190	-11.6990
28/06/19	18:50:16.906	1457	1	2.864000	0.623000	-11.7280	-11.7050
28/06/19	18:50:17.115	1458	1	2.868000	0.623000	-11.7360	-11.7200
28/06/19	18:50:17.332	1459	1	2.871000	0.625000	-11.7570	-11.7510
28/06/19	18:50:17.485	1460	1	2.871000	0.624000	-11.7680	-11.7430
28/06/19	18:50:17.712	1461	1	2.873000	0.624000	-11.7830	-11.7710
28/06/19	18:50:17.927	1462	1	2.874000	0.625000	-11.7970	-11.7710
28/06/19	18:50:18.128	1463	1	2.874000	0.625000	-11.8110	-11.7800
28/06/19	18:50:18.289	1464	1	2.874000	0.626000	-11.8060	-11.7890
28/06/19	18:50:18.498	1465	1	2.885000	0.626000	-11.8200	-11.8030
28/06/19	18:50:18.704	1466	1	2.889000	0.628000	-11.8340	-11.8170
28/06/19	18:50:18.920	1467	1	2.891000	0.629000	-11.8460	-11.8400
28/06/19	18:50:19.094	1468	1	2.891000	0.630000	-11.8660	-11.8400
28/06/19	18:50:19.307	1469	1	2.890000	0.630000	-11.8770	-11.8460
28/06/19	18:50:19.516	1470	1	2.894000	0.629000	-11.8770	-11.8750
28/06/19	18:50:19.730	1471	1	2.901000	0.632000	-11.9180	-11.8810
28/06/19	18:50:19.885	1472	1	2.901000	0.629000	-11.9230	-11.8880
28/06/19	18:50:20.098	1473	1	2.899000	0.629000	-11.9580	-11.9170
28/06/19	18:50:20.306	1474	1	2.890000	0.631000	-11.9380	-11.9170
28/06/19	18:50:20.515	1475	1	2.890000	0.633000	-11.9580	-11.9140
28/06/19	18:50:20.725	1476	1	2.907000	0.633000	-11.9720	-11.9480
28/06/19	18:50:20.887	1477	1	2.907000	0.633000	-11.9870	-11.9510
28/06/19	18:50:21.099	1478	1	2.908000	0.634000	-12.0010	-11.9830
28/06/19	18:50:21.308	1479	1	2.908000	0.633000	-12.0270	-12.0000
28/06/19	18:50:21.523	1480	1	2.908000	0.632000	-12.0160	-11.9940
28/06/19	18:50:21.691	1481	1	2.915000	0.632000	-12.0390	-12.0120
28/06/19	18:50:21.902	1482	1	2.916000	0.636000	-12.0570	-12.0430
28/06/19	18:50:22.112	1483	1	2.916000	0.635000	-12.0740	-12.0370
28/06/19	18:50:22.330	1484	1	2.918000	0.635000	-12.0720	-12.0630
28/06/19	18:50:22.486	1485	1	2.918000	0.635000	-12.0860	-12.0660
28/06/19	18:50:22.696	1486	1	2.924000	0.637000	-12.1430	-12.0660
28/06/19	18:50:22.917	1487	1	2.908000	0.632000	-12.1030	-12.0860
28/06/19	18:50:23.124	1488	1	2.908000	0.639000	-12.1260	-12.1070
28/06/19	18:50:23.291	1489	1	2.932000	0.639000	-12.1260	-12.1040
28/06/19	18:50:23.499	1490	1	2.940000	0.639000	-12.1580	-12.0950
28/06/19	18:50:23.715	1491	1	2.940000	0.639000	-12.1550	-12.1270
28/06/19	18:50:23.885	1492	1	2.935000	0.641000	-12.1720	-12.1350
28/06/19	18:50:24.101	1493	1	2.941000	0.641000	-12.1620	-12.1320
28/06/19	18:50:24.314	1494	1	2.954000	0.641000	-12.1800	-12.1380
28/06/19	18:50:24.520	1495	1	2.953000	0.644000	-12.1910	-12.1560
28/06/19	18:50:24.694	1496	1	2.953000	0.644000	-12.2110	-12.1870
28/06/19	18:50:24.903	1497	1	2.956000	0.644000	-12.2230	-12.2020
28/06/19	18:50:25.117	1498	1	2.956000	0.645000	-12.2230	-12.2040
28/06/19	18:50:25.324	1499	1	2.963000	0.646000	-12.2460	-12.1960
28/06/19	18:50:25.487	1500	1	2.963000	0.647000	-12.2490	-12.2330
28/06/19	18:50:25.695	1501	1	2.967000	0.647000	-12.2890	-12.2360
28/06/19	18:50:25.906	1502	1	2.958000	0.648000	-12.2750	-12.2690
28/06/19	18:50:26.131	1503	1	2.972000	0.649000	-12.2960	-12.2750
28/06/19	18:50:26.283	1504	1	2.972000	0.649000	-12.3160	-12.2660
28/06/19	18:50:26.495	1505	1	2.970000	0.649000	-12.3130	-12.2920
28/06/19	18:50:26.708	1506	1	2.980000	0.648000	-12.3360	-12.2860
28/06/19	18:50:26.915	1507	1	2.980000	0.650000	-12.3570	-12.3270
28/06/19	18:50:27.130	1508	1	2.978000	0.649000	-12.3590	-12.3470
28/06/19	18:50:27.291	1509	1	2.977000	0.649000	-12.3650	-12.3410
28/06/19	18:50:27.493	1510	1	2.989000	0.651000	-12.3910	-12.3700
28/06/19	18:50:27.699	1511	1	2.989000	0.651000	-12.4310	-12.3760
28/06/19	18:50:27.911	1512	1	2.985000	0.649000	-12.4030	-12.3930
28/06/19	18:50:28.113	1513	1	2.993000	0.654000	-12.4180	-12.3840
28/06/19	18:50:28.338	1514	1	2.996000	0.654000	-12.4560	-12.4190
28/06/19	18:50:28.490	1515	1	2.996000	0.654000	-12.4270	-12.3900
28/06/19	18:50:28.697	1516	1	2.990000	0.657000	-12.4620	-12.4190
28/06/19	18:50:28.912	1517	1	2.999000	0.655000	-12.4620	-12.4160
28/06/19	18:50:29.126	1518	1	3.006000	0.655000	-12.4670	-12.4510
28/06/19	18:50:29.293	1519	1	3.006000	0.657000	-12.4900	-12.4590
28/06/19	18:50:29.506	1520	1	3.014000	0.658000	-12.5020	-12.4820
28/06/19	18:50:29.712	1521	1	3.014000	0.659000	-12.5280	-12.4850
28/06/19	18:50:29.933	1522	1	3.010000	0.659000	-12.5190	-12.5220
28/06/19	18:50:30.088	1523	1	3.010000	0.657000	-12.5440	-12.4870
28/06/19	18:50:30.297	1524	1	3.023000	0.660000	-12.5440	-12.5150
28/06/19	18:50:30.522	1525	1	3.026000	0.662000	-12.5520	-12.5210
28/06/19	18:50:30.723	1526	1	3.031000	0.662000	-12.5700	-12.5330
28/06/19	18:50:30.889	1527	1	3.031000	0.663000	-12.5870	-12.5380
28/06/19	18:50:31.097	1528	1	3.031000	0.663000	-12.5900	-12.5840
28/06/19	18:50:31.304	1529	1	3.036000	0.663000	-12.6160	-12.5900
28/06/19	18:50:31.518	1530	1	3.033000	0.664000	-12.6330	-12.6100
28/06/19	18:50:31.724	1531	1	3.033000	0.663000	-12.6300	-12.6190
28/06/19	18:50:31.892	1532	1	3.033000	0.666000	-12.6440	-12.6220
28/06/19	18:50:32.103	1533	1	3.044000	0.666000	-12.6440	-12.6060
28/06/19	18:50:32.316	1534	1	3.051000	0.666000	-12.6680	-12.6550
28/06/19	18:50:32.527	1535	1	3.050000	0.666000	-12.6700	-12.6640
28/06/19	18:50:32.689	1536	1	3.050000	0.669000	-12.6910	-12.6890
28/06/19	18:50:32.899	1537	1	3.053000	0.669000	-12.7020	-12.6690
28/06/19	18:50:33.106	1538	1	3.058000	0.668000	-12.7020	-12.6890
28/06/19	18:50:33.316	1539	1	3.064000	0.670000	-12.7280	-12.7100
28/06/19	18:50:33.485	1540	1	3.064000	0.669000	-12.7310	-12.7180
28/06/19	18:50:33.699	1541	1	3.069000	0.669000	-12.7830	-12.7380
28/06/19	18:50:33.909	1542	1	3.052000	0.672000	-12.7540	-12.7500
28/06/19	18:50:34.120	1543	1	3.073000	0.673000	-12.7850	-12.7700
28/06/19	18:50:34.292	1544	1	3.073000	0.670000	-12.7850	-12.7790
28/06/19	18:50:34.504	1545	1	3.073000	0.670000	-12.8090	-12.7760
28/06/19	18:50:34.710	1546	1	3.071000	0.673000	-12.8200	-12.7960
28/06/19	18:50:34.924	1547	1	3.075000	0.673000	-12.8370	-12.8220
28/06/19	18:50:35.083	1548	1	3.075000	0.673000	-12.8460	-12.8330
28/06/19	18:50:35.292	1549	1	3.079000	0.673000	-12.8550	-12.8300
28/06/19	18:50:35.519	1550	1	3.084000	0.674000	-12.8780	-12.8390
28/06/19	18:50:35.721	1551	1	1.442000	0.673000	-12.8920	-12.8680
28/06/19	18:50:35.890	1552	1	1.442000	-0.022000	-12.8980	-12.8650
28/06/19	18:50:36.097	1553	1	0.846000	-0.022000	-12.8140	-12.7700
28/06/19	18:50:36.306	1554	1	0.784000	-0.023000	-12.5960	-12.5770
28/06/19	18:50:36.515	1555	1	0.739000	-0.023000	-12.3280	-12.3640
28/06/19	18:50:36.724	1556	1	0.739000	-0.023000	-12.0860	-12.1230
28/06/19	18:50:36.889	1557	1	0.703000	-0.023000	-11.8850	-11.9040
28/06/19	18:50:37.101	1558	1	0.673000	-0.022000	-11.5860	-11.6250
28/06/19	18:50:37.310	1559	1	0.673000	-0.022000	-11.2830	-11.3510
28/06/19	18:50:37.521	1560	1	0.648000	-0.022000	-10.9930	-11.0660
28/06/19	18:50:37.693	1561	1	0.625000	-0.022000	-10.7480	-10.8100
28/06/19	18:50:37.906	1562	1	0.605000	-0.022000	-10.4430	-10.5200
28/06/19	18:50:38.115	1563	1	0.594000	-0.026000	-10.1350	-10.2180
28/06/19	18:50:38.327	1564	1	0.594000	-0.026000	-9.8450	-9.9270
28/06/19	18:50:38.487	1565	1	0.577000	-0.026000	-9.6030	-9.7020
28/06/19	18:50:38.713	1566	1	0.561000	-0.026000	-9.3140	-9.4070
28/06/19	18:50:38.911	1567	1	0.561000	-0.026000	-9.0140	-9.1090
28/06/19	18:50:39.120	1568	1	0.545000	-0.026000	-8.7650	-8.8480
28/06/19	18:50:39.287	1569	1	0.530000	-0.026000	-8.5320	-8.6300
28/06/19	18:50:39.496	1570	1	0.517000	-0.026000	-8.2490	-8.3530
28/06/19	18:50:39.702	1571	1	0.517000	-0.026000	-7.9970	-8.0720
28/06/19	18:50:39.915	1572	1	0.503000	-0.026000	-7.7300	-7.8230
28/06/19	18:50:40.123	1573	1	0.490000	-0.026000	-7.4780	-7.5720
28/06/19	18:50:40.292	1574	1	0.478000	-0.026000	-7.2710	-7.3880
28/06/19	18:50:40.500	1575	1	0.478000	-0.026000	-7.0300	-7.1180
28/06/19	18:50:40.711	1576	1	0.466000	-0.026000	-6.7950	-6.8800
28/06/19	18:50:40.923	1577	1	0.454000	-0.026000	-6.5230	-6.6450
28/06/19	18:50:41.136	1578	1	0.443000	-0.026000	-6.3100	-6.3900
28/06/19	18:50:41.283	1579	1	0.443000	-0.026000	-6.1090	-6.2140
28/06/19	18:50:41.491	1580	1	0.432000	-0.026000	-5.9110	-5.9850
28/06/19	18:50:41.706	1581	1	0.421000	-0.026000	-5.6840	-5.7720
28/06/19	18:50:41.915	1582	1	0.411000	-0.026000	-5.4690	-5.5600
28/06/19	18:50:42.123	1583	1	0.401000	-0.026000	-5.2620	-5.3420
28/06/19	18:50:42.292	1584	1	0.401000	-0.026000	-5.1030	-5.1940
28/06/19	18:50:42.503	1585	1	0.392000	-0.026000	-4.8960	-4.9730
28/06/19	18:50:42.718	1586	1	0.382000	-0.026000	-4.6840	-4.7490
28/06/19	18:50:42.889	1587	1	0.382000	-0.026000	-4.5160	-4.6250
28/06/19	18:50:43.098	1588	1	0.373000	-0.026000	-4.3210	-4.4260
